16 110 13
4 9 40
3 13 9
5 10 34
8 9 30
11 14 26
2 11 54
1 15 37
6 11 13
7 10 94
3 6 57
3 15 87
5 12 24
8 11 99
9 10 55
2 4 85
11 16 89
1 8 22
15 16 86
7 12 59
5 14 9
9 12 36
7 14 21
3 10 8
5 7 17
5 16 44
9 14 92
1 3 49
10 15 17
13 14 30
1 12 67
7 16 9
12 15 21
3 12 42
5 9 50
4 11 28
9 16 23
1 5 82
1 14 75
13 16 72
2 13 95
7 9 95
3 5 12
3 14 54
5 11 14
4 13 8
8 13 82
1 7 41
2 6 58
1 16 71
2 15 41
7 11 20
6 15 76
3 7 29
4 6 2
3 16 57
5 13 10
4 15 31
8 15 3
10 12 57
1 9 3
2 8 80
6 8 84
5 6 98
4 8 2
1 2 98
10 14 54
1 11 67
11 13 56
2 10 87
6 10 73
12 14 98
3 11 35
4 10 57
8 10 22
1 4 98
2 3 39
10 16 32
1 13 46
11 15 92
2 12 21
6 12 59
3 4 14
12 16 50
4 12 62
8 12 54
1 6 20
2 5 64
2 14 91
6 14 24
7 13 2
4 5 77
4 14 25
5 15 6
8 14 21
10 11 54
2 7 85
2 16 56
6 7 36
6 16 25
7 15 83
4 7 90
4 16 73
5 8 99
8 16 8
9 15 30
11 12 66
2 9 68
13 15 70
6 9 92
7 8 55
1 2 4 5 6 7 10 11 12 13 14 15 16
