18 66 1
6 12 66
7 17 31
3 7 20
1 16 97
4 12 22
3 10 61
14 16 86
5 13 45
5 16 40
4 18 54
9 14 83
8 12 82
1 6 57
9 11 29
8 15 32
1 9 52
10 15 66
2 14 26
15 17 46
6 14 64
7 13 54
6 17 13
3 9 84
5 6 48
12 15 78
4 17 3
12 18 6
3 15 5
8 11 13
9 16 19
8 14 12
1 2 39
10 11 95
11 13 29
2 10 53
10 17 7
1 8 66
1 14 45
2 13 50
13 18 17
7 9 70
6 7 47
6 13 79
15 16 13
7 12 15
13 16 7
7 15 59
4 7 60
3 5 42
3 11 99
4 16 41
5 11 20
14 17 22
3 17 33
5 14 35
9 12 31
5 17 42
8 16 93
8 13 72
9 18 76
11 15 5
1 10 62
2 18 81
2 15 35
15 18 74
16 17 12
17
