20 121 1
7 17 19
4 9 97
3 13 15
5 10 32
8 9 18
5 19 100
9 17 23
11 14 43
1 15 56
6 11 58
6 20 74
7 19 69
3 6 28
12 18 18
14 15 36
5 12 14
8 11 1
3 15 29
9 10 17
2 4 81
13 19 16
15 16 13
3 8 77
12 20 53
14 17 65
5 14 59
1 10 75
15 18 29
7 14 88
3 10 56
5 7 96
14 19 99
5 16 100
4 18 90
3 19 85
9 14 32
1 12 98
7 16 9
3 12 84
4 11 88
5 18 1
9 16 83
1 5 85
19 20 23
10 17 6
1 14 28
13 16 32
2 13 6
7 9 82
3 5 6
12 17 13
3 14 56
5 11 90
4 13 71
8 13 2
2 6 95
10 19 55
11 18 73
6 15 6
12 19 85
3 16 99
8 15 8
2 8 20
1 18 15
11 20 8
2 17 51
6 8 73
15 20 47
5 6 41
4 8 71
14 18 33
3 18 84
4 17 47
1 2 54
17 20 39
1 11 2
2 19 57
6 19 24
7 18 43
12 14 27
3 11 27
4 10 35
8 10 53
1 4 22
5 20 31
8 19 76
10 16 37
9 18 29
2 12 20
6 12 5
3 4 8
18 20 1
8 12 31
1 6 46
2 5 30
10 18 98
2 14 89
13 20 26
15 17 38
6 14 31
7 13 42
4 5 77
4 14 50
5 15 70
8 14 75
10 11 30
2 7 100
11 19 45
6 7 66
15 19 95
16 18 71
7 15 7
4 16 70
5 8 45
14 20 86
3 20 81
8 16 86
17 19 22
9 15 87
2 9 100
7 8 8
20
