100 100 100
7 30
6 19
54 73
11 55
49 50
35 85
65 92
24 60
67 89
26 90
4 62
71 86
29 94
15 67
91 97
23 98
64 91
23 70
30 54
62 93
39 47
19 77
3 33
36 74
19 95
24 84
16 95
51 69
20 85
48 72
77 85
85 90
21 100
57 73
21 42
76 85
36 39
42 80
14 70
26 79
80 100
48 50
21 88
55 81
28 67
16 69
30 64
69 85
10 30
60 99
57 69
58 99
13 35
25 59
34 93
20 48
48 80
52 97
31 93
62 70
12 18
13 83
35 50
33 69
67 93
26 49
46 70
15 86
22 90
76 87
41 69
31 96
88 89
17 47
57 59
15 62
36 88
25 70
66 71
41 71
10 15
57 82
19 62
59 96
20 29
29 50
17 22
59 77
12 21
59 76
25 27
56 63
10 56
66 69
35 43
50 76
32 37
45 86
33 92
44 81
2 35 43
1 8 10
3 58 87
2 36 88
3 91 73
3 29 59
2 57 82
1 31 81
1 3 31
2 20 48
2 16 69
3 24 15
3 26 76
1 29 78
2 25 59
3 34 80
3 87 48
1 27 80
2 41 69
3 96 5
2 64 91
1 26 51
2 10 56
1 2 78
1 39 81
2 15 86
2 13 35
1 42 53
2 35 85
1 18 95
3 19 99
1 3 43
2 62 70
2 11 55
1 69 81
2 45 86
1 4 35
1 7 45
1 41 58
3 24 92
3 13 26
1 43 82
2 76 87
1 11 61
2 35 50
3 94 48
2 4 35
2 59 96
1 9 23
1 42 88
1 63 74
2 91 97
3 50 45
1 48 68
2 29 94
3 13 26
1 16 52
1 39 63
1 65 69
2 66 69
2 30 64
2 31 96
2 30 54
3 82 16
2 57 73
2 29 78
2 24 60
1 54 86
2 42 53
3 93 68
3 68 78
1 81 92
2 39 47
3 15 18
2 21 100
1 87 90
1 1 85
1 27 62
2 54 73
1 41 60
1 62 69
1 73 80
2 48 72
3 59 51
3 64 26
2 15 67
2 34 93
2 11 61
2 80 100
2 26 79
1 26 88
2 15 62
3 87 31
3 41 65
3 62 57
2 36 39
2 62 69
1 21 59
1 34 42
1 25 49
