100 100 100
49 88
40 69
41 79
16 35
65 75
8 72
23 90
4 73
11 82
42 97
24 69
60 85
40 93
22 69
11 95
48 63
5 46
42 93
66 100
8 14
47 68
22 39
38 52
52 73
35 94
44 90
8 92
14 60
29 58
29 30
48 92
7 48
52 97
8 59
93 94
12 40
3 13
14 78
24 98
12 72
20 28
66 82
71 91
7 67
27 87
90 94
43 44
53 89
16 45
29 83
55 98
8 12
4 7
70 94
57 77
40 56
86 99
59 96
51 84
2 48
87 96
15 36
17 66
22 72
30 87
19 96
90 96
45 89
46 49
53 60
28 52
63 89
32 37
23 88
7 30
70 87
69 70
24 43
38 97
19 65
4 21
37 73
49 74
37 97
30 65
53 73
65 95
5 86
16 65
81 90
65 94
8 54
5 45
78 88
72 77
12 54
26 44
15 95
26 35
12 64
1 15 44
3 19 68
1 32 54
2 90 96
3 36 35
3 4 36
3 23 43
3 6 59
2 8 14
2 7 30
1 10 37
3 86 13
1 35 91
2 41 79
1 16 68
1 37 79
3 1 40
1 6 13
1 42 91
3 39 84
1 62 99
2 15 95
3 89 23
3 57 63
1 38 90
2 37 79
3 40 82
2 42 93
2 65 95
3 48 38
1 19 61
1 12 66
1 60 76
1 6 45
3 71 25
1 5 6
1 20 35
2 10 37
2 48 63
3 86 13
2 23 88
3 83 54
1 2 17
3 27 61
2 78 88
3 82 55
2 12 64
3 83 88
3 87 79
3 76 52
1 37 55
1 35 71
3 8 62
3 60 2
3 56 61
2 43 44
3 99 24
3 94 20
3 25 60
3 12 100
3 30 36
3 38 48
2 23 90
2 35 91
1 60 73
1 11 59
3 10 30
2 22 39
2 12 54
1 2 39
2 38 97
2 24 69
3 98 33
2 40 69
3 87 67
1 32 60
2 86 99
3 52 25
2 42 91
2 14 60
3 2 20
3 50 80
3 60 29
2 6 13
1 2 77
1 54 55
2 35 94
3 96 64
1 13 51
3 43 60
1 24 75
2 20 28
2 65 94
2 70 87
3 49 7
3 42 82
1 55 87
2 29 30
1 72 82
1 3 83
