100 100 100
28 29
55 66
22 49
3 90
14 72
63 97
31 38
67 84
33 89
19 56
33 60
18 30
2 4
38 54
15 85
59 82
42 91
48 99
20 25
25 87
14 76
69 95
34 85
15 46
42 84
54 59
1 53
9 92
4 17
61 78
52 63
69 89
49 50
5 9
47 79
18 89
11 24
9 76
11 16
53 69
60 76
64 69
49 92
25 29
44 94
43 66
71 76
12 80
55 94
66 78
8 19
7 8
10 25
5 79
10 31
5 14
44 91
33 43
71 87
85 96
12 29
6 61
1 100
22 71
38 45
30 75
49 90
37 72
67 89
20 72
29 57
53 59
9 43
57 63
1 91
51 63
9 11
64 85
39 69
69 100
68 91
62 95
6 89
53 62
34 56
37 52
8 74
41 49
91 97
44 57
62 81
4 58
29 43
51 74
81 91
5 10
3 19
1 4
89 94
19 64
1 27 97
3 77 7
2 6 89
1 3 68
1 59 89
1 55 67
3 74 55
2 22 49
3 79 72
1 22 25
3 84 36
1 40 69
1 27 55
3 78 71
3 77 72
3 99 25
3 18 41
1 17 38
3 99 52
3 28 11
2 44 94
3 4 68
2 25 87
1 75 99
2 1 100
1 5 44
3 54 65
3 36 71
1 48 57
2 59 89
2 25 29
1 61 74
2 18 89
1 18 42
3 71 81
3 18 74
3 34 8
2 39 69
2 3 19
3 14 7
3 28 10
2 4 17
1 36 95
1 1 16
2 17 38
1 45 84
3 74 87
2 4 58
2 30 75
3 63 51
1 19 66
3 94 2
3 35 34
3 44 61
1 24 68
2 5 79
2 42 84
1 49 58
3 43 80
2 37 72
3 59 29
2 29 43
3 70 96
1 17 68
2 27 97
3 96 90
2 37 52
1 32 54
2 3 68
1 12 24
2 85 96
3 91 28
3 36 47
3 28 56
1 18 100
2 69 89
3 71 34
1 50 71
3 51 29
1 8 83
3 62 44
2 32 54
2 69 100
3 93 3
2 71 87
3 14 88
1 9 68
1 44 80
3 21 66
3 15 54
2 91 97
1 74 87
2 49 90
1 3 82
1 44 70
2 59 82
1 45 56
2 33 89
1 53 55
1 33 50
