256
184 71
202 35
243 62
36 16
212 61
28 10
60 3
173 15
96 34
253 96
108 8
74 17
60 10
101 49
251 120
195 3
151 58
252 37
100 24
167 51
145 64
120 5
55 22
70 4
56 22
16 3
188 36
1 0
247 97
230 60
224 48
249 118
167 22
150 51
161 66
250 78
214 21
46 6
23 10
43 20
228 24
129 15
116 33
114 11
101 32
31 13
33 13
210 85
200 83
135 27
108 8
12 5
154 65
147 11
127 25
224 35
121 40
74 10
114 11
210 30
124 62
79 23
220 58
158 73
41 0
86 39
11 1
60 22
126 47
108 1
22 3
218 72
179 30
103 34
227 107
59 4
126 24
32 7
205 2
190 61
9 4
194 24
122 48
146 23
172 11
35 17
176 73
183 52
121 23
225 10
59 14
80 11
172 18
124 36
18 5
175 64
118 59
84 33
74 33
33 5
104 12
70 17
117 40
155 62
167 7
252 57
159 79
47 22
148 44
170 7
8 4
13 1
137 10
243 68
17 4
179 61
220 50
156 1
14 0
207 34
10 3
41 11
165 15
88 0
201 93
16 4
139 52
225 14
114 17
105 20
81 11
206 90
244 96
94 39
61 25
103 34
96 24
211 99
69 3
135 6
130 23
88 36
103 42
59 9
177 42
192 91
249 117
80 36
118 23
58 7
143 47
29 9
16 3
130 28
216 32
163 12
101 33
197 76
168 48
44 9
175 87
6 2
235 12
13 5
250 112
16 3
135 43
134 40
252 92
192 91
97 8
65 32
32 16
177 42
35 8
50 22
85 37
12 6
75 31
122 60
193 58
105 19
54 26
2 1
250 122
130 4
116 0
202 97
19 6
106 30
48 1
15 2
197 36
221 96
236 69
87 24
103 42
216 100
57 20
95 41
49 4
23 10
57 24
106 35
215 2
178 30
209 72
68 34
209 93
198 88
57 27
82 36
89 2
207 28
238 18
180 64
93 9
13 1
169 84
150 75
104 31
221 65
233 20
177 8
134 65
52 20
200 68
145 51
242 25
216 82
101 8
175 22
21 6
98 39
49 18
216 9
7 3
158 37
15 2
160 41
163 25
164 57
173 6
253 36
229 21
63 27
32 15
93 21
19 7
126 9
61 29
184 63
234 46
42 11
224 40
1 0
