256
13 1
33 1
18 4
41 15
254 9
157 3
38 8
53 15
233 77
75 33
74 15
136 48
71 32
26 12
16 2
191 49
209 56
174 7
135 36
169 73
226 89
234 105
236 21
128 16
243 103
199 68
28 3
3 0
113 23
154 65
222 95
155 69
243 10
231 49
53 18
231 80
150 72
164 4
78 20
216 1
241 77
88 34
86 6
234 73
6 3
192 0
108 50
82 2
235 34
254 13
253 72
44 0
245 52
51 22
69 9
39 5
172 34
72 7
50 16
38 5
13 6
193 90
47 13
79 16
61 26
8 4
233 100
195 51
58 17
128 29
107 47
110 41
246 87
206 66
107 38
60 12
69 25
44 1
37 5
183 49
60 0
213 94
153 62
96 41
52 10
23 2
80 20
57 20
81 37
149 64
45 6
77 22
213 97
108 47
100 48
188 11
202 56
119 24
206 39
219 85
245 113
238 111
126 58
121 18
65 14
33 7
127 7
188 47
249 26
143 45
232 28
129 42
105 40
48 19
140 61
123 50
45 22
119 34
151 29
170 59
97 17
163 31
187 82
205 37
63 27
140 34
68 6
130 25
223 8
51 9
29 12
209 65
67 30
163 71
46 1
14 7
248 56
20 6
59 15
1 0
110 54
77 6
102 47
128 3
129 33
77 10
207 59
242 26
85 21
47 1
180 16
23 11
23 3
212 62
236 40
255 55
5 0
205 1
210 75
23 2
3 0
235 76
215 59
199 61
240 91
206 87
149 5
254 46
93 38
37 8
54 24
144 11
216 24
203 52
103 16
9 1
214 94
55 27
140 10
199 47
90 1
104 19
222 81
144 48
172 29
23 0
175 8
208 52
88 32
124 21
208 81
135 41
116 25
241 88
211 27
137 61
185 74
163 20
175 74
52 20
177 60
240 16
199 27
58 4
186 81
24 7
226 29
222 87
125 15
54 11
189 18
214 73
36 8
173 44
5 1
18 0
242 78
242 38
147 30
31 3
35 8
5 2
18 7
182 61
98 14
165 10
149 58
247 117
175 87
195 26
6 3
51 14
48 11
49 3
95 5
26 8
138 41
150 50
159 49
184 2
37 3
163 11
19 6
116 9
56 19
176 12
114 0
40 11
141 64
89 14
156 21
83 6
134 21
80 9
223 10
219 35
