256
58 3
193 65
35 5
174 64
233 95
72 18
245 91
4 1
55 26
207 15
172 75
171 74
114 14
254 20
255 98
239 114
230 60
27 3
39 3
225 27
247 42
149 18
130 29
74 9
47 2
214 73
239 97
227 43
138 61
126 52
183 69
64 19
153 41
6 1
42 4
116 0
141 55
101 25
163 63
92 8
138 56
164 54
99 31
16 6
143 26
234 43
65 18
205 96
196 11
87 31
236 93
209 0
249 51
78 12
76 31
111 22
51 12
67 10
83 4
109 43
158 50
10 2
220 51
59 15
204 58
209 70
236 18
21 3
246 94
255 126
94 17
65 21
237 101
174 57
26 10
154 68
129 29
249 84
235 42
34 14
168 7
61 17
69 10
1 0
60 12
13 5
80 10
8 2
119 40
80 12
210 61
193 80
115 17
160 60
104 24
195 20
100 7
105 5
50 10
242 65
193 70
117 54
240 9
99 4
233 79
99 18
123 21
139 10
14 7
197 19
217 81
122 12
186 90
89 0
177 39
172 58
106 25
149 62
20 6
70 8
42 10
95 13
148 26
4 1
222 28
253 122
181 48
135 9
111 51
50 18
173 79
20 8
2 1
233 16
125 61
64 16
33 0
234 19
101 10
179 46
2 1
64 15
132 51
192 76
9 4
141 22
142 24
29 0
156 33
130 13
181 14
88 19
83 19
62 30
250 114
111 3
180 71
132 18
31 14
41 15
91 17
160 48
17 5
174 39
207 95
138 14
112 44
156 72
19 8
166 14
191 32
113 11
93 5
191 83
166 2
197 73
246 55
49 13
187 57
198 26
73 24
17 2
126 62
20 3
92 18
240 64
206 68
82 35
232 32
184 23
105 40
210 47
172 83
217 54
165 47
218 38
93 34
141 62
28 8
88 3
121 15
242 70
29 2
243 74
3 0
145 52
239 115
221 43
58 13
166 41
145 27
22 0
18 0
186 85
81 38
206 62
24 10
250 0
68 19
185 65
27 6
179 56
123 30
174 53
91 28
116 11
72 1
102 43
25 2
35 10
178 61
114 15
39 8
35 11
217 40
10 0
72 6
47 5
24 5
241 97
218 82
101 0
45 5
112 17
30 15
53 14
152 71
255 127
50 5
21 3
93 5
196 76
67 32
16 1
12 2
182 30
