1
2000
620437 -786809 -42273 718997
620437 -786809 -387060 -948312
-387060 -948312 949864 707265
-42273 718997 -253442 828828
620437 -786809 251828 -2735
251828 -2735 734736 -896711
-42273 718997 -338038 -704387
-253442 828828 -650142 90064
-650142 90064 -518757 508016
-518757 508016 470372 -808202
-338038 -704387 -644604 -554905
-644604 -554905 -404697 -630720
-404697 -630720 -106562 935509
-518757 508016 -15877 -32045
949864 707265 -527392 -45218
-106562 935509 -50888 -376493
251828 -2735 -987218 -496138
-404697 -630720 -408579 880252
-527392 -45218 111181 -187564
-338038 -704387 -143698 973628
-15877 -32045 216298 264867
251828 -2735 284044 -546817
-50888 -376493 792288 680537
-42273 718997 689827 -229071
-42273 718997 827484 -278532
-42273 718997 -914356 802980
-527392 -45218 -885277 310121
-42273 718997 -650259 -948607
792288 680537 845937 402263
-650142 90064 496593 175627
-42273 718997 154421 84661
734736 -896711 -729605 852018
470372 -808202 -645397 -301516
284044 -546817 769455 393654
-408579 880252 860282 75951
-527392 -45218 -104884 -45068
734736 -896711 -304752 -348671
-729605 852018 71398 -987390
-253442 828828 -687166 -345657
284044 -546817 -501086 852006
284044 -546817 749307 362488
496593 175627 -627873 853981
-987218 -496138 -522721 830159
-104884 -45068 885642 -63044
-687166 -345657 -934034 -777678
-42273 718997 -784115 4189
-627873 853981 913361 599192
71398 -987390 213333 254401
689827 -229071 545471 -206098
792288 680537 -468627 911436
545471 -206098 -349383 -557000
-501086 852006 367225 551815
-987218 -496138 221550 203432
827484 -278532 -73340 -757768
-304752 -348671 -976471 787616
827484 -278532 -750349 885557
470372 -808202 -612332 -665956
-650142 90064 -701910 836781
769455 393654 -23607 -881598
769455 393654 -467718 -222485
470372 -808202 988660 335949
860282 75951 620157 -599443
-15877 -32045 522734 -226416
-73340 -757768 -790784 -241802
522734 -226416 344794 -800956
216298 264867 -803362 -723596
-650142 90064 -615474 -582925
-42273 718997 -534646 777138
-615474 -582925 -516458 970926
-404697 -630720 176944 -91559
792288 680537 -802014 -221787
-627873 853981 333392 297929
-304752 -348671 -627780 -680386
496593 175627 -161967 425378
-650142 90064 961550 -464432
111181 -187564 -951308 964365
-914356 802980 726030 -79006
-349383 -557000 -431690 -49100
988660 335949 876041 -71634
845937 402263 -713484 -840874
-627780 -680386 866505 -551380
-627873 853981 541140 -590893
213333 254401 -708648 248225
988660 335949 -729801 -660236
866505 -551380 683134 -787847
-106562 935509 28405 880824
-42273 718997 -965508 -688575
-914356 802980 187950 -750559
496593 175627 207441 -367002
-644604 -554905 -653521 767828
-713484 -840874 -781736 -676710
726030 -79006 -611329 340689
216298 264867 607804 -491079
207441 -367002 235764 -179512
541140 -590893 19084 -5297
-106562 935509 502170 45349
-104884 -45068 -42339 -632469
344794 -800956 -669322 -464320
-516458 970926 -90728 291401
-885277 310121 -359231 188309
-708648 248225 135084 -4888
913361 599192 140379 461359
-669322 -464320 822478 -116132
367225 551815 -573706 -540662
19084 -5297 430905 195900
607804 -491079 996051 -131803
19084 -5297 471713 -328325
-653521 767828 -297013 -933689
545471 -206098 991316 -371109
726030 -79006 -702357 238682
-534646 777138 788513 -30256
885642 -63044 -537465 -405771
430905 195900 20168 -339178
207441 -367002 472675 938334
988660 335949 234464 -795505
-501086 852006 891850 45856
-976471 787616 -67869 -367468
333392 297929 -990052 -118397
822478 -116132 497477 396287
866505 -551380 926494 717580
497477 396287 687395 -546435
251828 -2735 838271 -263809
221550 203432 -168181 -979492
154421 84661 354207 -270577
-359231 188309 329505 -219464
430905 195900 381476 -260253
-42339 -632469 642751 -768866
-669322 -464320 -823109 463012
-518757 508016 673822 -140588
-42339 -632469 602011 -218898
-702357 238682 712763 105532
221550 203432 340464 241711
-106562 935509 -141398 830716
-104884 -45068 -138410 -503957
-729605 852018 192889 865334
-669322 -464320 -252728 978005
-252728 978005 -57303 -771212
176944 -91559 155547 162032
642751 -768866 561507 -997433
602011 -218898 -183498 2515
329505 -219464 -645514 -980923
497477 396287 726102 954935
838271 -263809 814019 613123
344794 -800956 605545 -954702
-90728 291401 -514822 -242427
792288 680537 -461669 -547409
-701910 836781 738430 -854322
-168181 -979492 423058 105910
-404697 -630720 -310292 963782
-527392 -45218 455430 709721
354207 -270577 584054 603678
891850 45856 -51423 943576
-387060 -948312 932832 -975433
367225 551815 61281 -150835
235764 -179512 -535957 866957
61281 -150835 341505 -99028
545471 -206098 953246 -359633
961550 -464432 835895 -717004
-612332 -665956 281577 674896
-51423 943576 852461 -87987
961550 -464432 -21730 -705583
620157 -599443 641819 -492237
251828 -2735 307727 303601
827484 -278532 986231 421293
852461 -87987 -310159 -464957
-965508 -688575 276899 -204536
602011 -218898 188507 -60762
-645514 -980923 -278441 412347
-518757 508016 124204 176941
28405 880824 -523375 579851
-57303 -771212 322195 -94208
216298 264867 18019 -346165
932832 -975433 -913450 -384654
-885277 310121 -811185 733321
996051 -131803 282529 814344
827484 -278532 324431 -208274
-42273 718997 -679006 887204
213333 254401 -858453 570745
-516458 970926 -251743 -267368
845937 402263 -989796 388566
430905 195900 -951286 978605
734736 -896711 338893 71763
-57303 -771212 821358 -715160
-951286 978605 -984475 113196
712763 105532 449522 926919
-790784 -241802 -554904 -928545
235764 -179512 -108580 868057
71398 -987390 -259868 497327
-161967 425378 157905 -846863
602011 -218898 68456 -679174
338893 71763 -612222 -630342
-781736 -676710 -242682 -29786
-523375 579851 -283156 -778444
322195 -94208 -854982 660187
-612222 -630342 -245586 555682
641819 -492237 508172 -4224
-67869 -367468 106971 256690
-408579 880252 936802 -741130
-627873 853981 134238 501030
497477 396287 794275 895028
-627780 -680386 469443 111097
-514822 -242427 909542 -185812
-90728 291401 -955232 -828165
838271 -263809 -380895 -876088
-42339 -632469 -734475 241092
-951286 978605 -840120 -799281
-987218 -496138 -597460 -978105
-965508 -688575 269992 33379
522734 -226416 -979326 -440115
-183498 2515 120198 742229
522734 -226416 908984 565144
124204 176941 882423 -141902
-349383 -557000 -848893 -815841
-702357 238682 889709 105524
-811185 733321 766181 -691435
-951308 964365 -867652 749016
683134 -787847 -863859 -367017
522734 -226416 -152103 -820216
154421 84661 815974 742080
-359231 188309 -870747 -742616
-516458 970926 28139 466079
-527392 -45218 -74338 -659433
561507 -997433 -959249 948888
-516458 970926 -448045 -80303
889709 105524 511194 -408714
269992 33379 972317 -357558
-283156 -778444 840548 -921627
-527392 -45218 -825354 942350
135084 -4888 104630 221408
738430 -854322 898448 -739730
423058 105910 507179 110660
-516458 970926 -931195 -48563
-885277 310121 -942807 260711
-501086 852006 -184986 956107
19084 -5297 -514473 -833242
-984475 113196 -649447 -803713
-259868 497327 -267893 221242
381476 -260253 -701286 -38518
502170 45349 40046 53835
276899 -204536 478517 -983365
-669322 -464320 -751765 650429
-108580 868057 -292410 -354452
124204 176941 -879176 -164480
-858453 570745 -713987 -972124
-310159 -464957 505277 -159451
792288 680537 445755 555328
-168181 -979492 -978648 -9493
-74338 -659433 -92731 -805483
734736 -896711 -541674 376293
-92731 -805483 639984 -264237
-879176 -164480 -183068 499197
-310159 -464957 767718 -600162
996051 -131803 -658949 897349
-310292 963782 -41353 259748
213333 254401 -637910 539396
-15877 -32045 916803 209006
284044 -546817 840633 898373
689827 -229071 480647 -992780
-701910 836781 -866050 -423066
889709 105524 578644 392443
-931195 -48563 -644956 -875436
508172 -4224 -140092 -816356
-42273 718997 -392193 -482511
221550 203432 -486235 -230618
-644956 -875436 381505 774291
340464 241711 -129065 608913
821358 -715160 336357 -4894
-161967 425378 -20868 773713
187950 -750559 -351822 -810068
-987218 -496138 -513974 -613832
749307 362488 153926 -492127
814019 613123 -588099 423686
-866050 -423066 661119 851429
953246 -359633 147039 152158
-140092 -816356 547712 -755573
-349383 -557000 291713 -270602
28405 880824 -536230 -149856
-351822 -810068 -753454 651754
-984475 113196 286 530716
605545 -954702 -466068 -990113
216298 264867 -898242 -563472
480647 -992780 -137414 -943558
-913450 -384654 945664 560431
936802 -741130 66648 -272339
996051 -131803 -293066 -882155
19084 -5297 570109 7260
176944 -91559 -619964 452285
-73340 -757768 912637 976672
120198 742229 -203058 -166448
286 530716 -721307 261764
-253442 828828 -129471 70373
-184986 956107 -554600 565589
-863859 -367017 474655 -303363
153926 -492127 661146 228491
-858453 570745 914740 -908234
40046 53835 -491571 -283284
-702357 238682 -922885 703055
-612222 -630342 251808 896928
104630 221408 349930 -259708
-729801 -660236 833056 428715
788513 -30256 618427 -786326
-934034 -777678 615765 238225
381505 774291 -510811 707029
455430 709721 -475639 108983
641819 -492237 40264 288898
-168181 -979492 -339994 398215
153926 -492127 -488785 485317
496593 175627 -582124 312867
-955232 -828165 252547 -242497
-729605 852018 242529 754267
852461 -87987 -965377 729777
120198 742229 484863 -866661
-644604 -554905 293921 -50071
-554904 -928545 603177 912717
-854982 660187 -202165 -817614
-510811 707029 -475207 -756398
-679006 887204 -253627 537054
-790784 -241802 -421936 -799437
908984 565144 -142281 -757622
749307 362488 -832275 329484
-644956 -875436 926959 -775798
471713 -328325 -912829 -863058
-790784 -241802 -842742 151832
-832275 329484 507183 688295
-523375 579851 -803920 1390
381476 -260253 285393 -457244
140379 461359 354399 345275
284044 -546817 782317 688259
-658949 897349 -601423 69237
-687166 -345657 942302 509845
-292410 -354452 -801436 314562
-644604 -554905 194914 527647
642751 -768866 -925344 -395190
-421936 -799437 -215864 487541
-627873 853981 -740728 415672
307727 303601 849241 535948
-468627 911436 -816680 -467281
-612222 -630342 89441 400559
991316 -371109 182892 780734
-612332 -665956 946625 213081
480647 -992780 982597 -397054
-701910 836781 -740968 -706622
-349383 -557000 612993 -120843
561507 -997433 466709 654013
-168181 -979492 -693456 -287780
898448 -739730 252964 -829979
354207 -270577 -864208 975144
336357 -4894 -622533 267679
-203058 -166448 -139678 -1635
-253442 828828 648620 723248
-979326 -440115 689661 -745075
-20868 773713 -550055 -713943
188507 -60762 469299 -486643
-523375 579851 290037 -715303
187950 -750559 -121313 -27026
367225 551815 -169967 -444327
547712 -755573 -664156 389470
-925344 -395190 -843354 222739
-468627 911436 750472 218355
-649447 -803713 752196 -829691
766181 -691435 -818681 463116
936802 -741130 63998 -383554
833056 428715 -263246 -738041
945664 560431 -681810 -855890
-404697 -630720 497445 625514
547712 -755573 -919541 307421
-140092 -816356 578498 768399
522734 -226416 903754 692118
949864 707265 836079 185519
-535957 866957 -248789 603986
104630 221408 721913 -759351
-951286 978605 -399893 781327
-840120 -799281 535673 574283
913361 599192 -149761 171118
-67869 -367468 217183 608377
605545 -954702 986640 313115
338893 71763 862515 622902
-713484 -840874 -9082 949286
712763 105532 775443 472586
721913 -759351 -614754 695667
505277 -159451 -979985 -329020
926494 717580 501190 -51308
-801436 314562 -988800 327582
-550055 -713943 95665 -753888
282529 814344 490873 -181466
-23607 -881598 77615 699041
545471 -206098 241752 668467
176944 -91559 -701894 -910313
-203058 -166448 46913 -893714
-750349 885557 704599 923624
-137414 -943558 482339 -689377
-392193 -482511 -803084 -852429
712763 105532 -515577 -819899
490873 -181466 -81669 -246281
134238 501030 -164093 517315
291713 -270602 -309723 -801056
584054 603678 -970561 339927
269992 33379 666178 111631
-501086 852006 799964 251312
-627873 853981 -694835 539444
578498 768399 949301 -995825
840548 -921627 627127 -44990
-701894 -910313 -255725 198555
833056 428715 -346717 481956
914740 -908234 612856 797839
-898242 -563472 255004 -696533
814019 613123 -388204 31419
-486235 -230618 441145 -284312
-310159 -464957 -22801 333995
620437 -786809 842881 270188
-801436 314562 984285 -298671
28405 880824 -102060 -175391
507183 688295 369368 41681
775443 472586 -575960 735289
535673 574283 -456737 -848527
766181 -691435 -437324 457883
480647 -992780 596483 -531465
827484 -278532 866010 294266
-152103 -820216 -721811 224554
-399893 781327 343824 876948
769455 393654 -203819 -885167
188507 -60762 -837299 -1525
-681810 -855890 -480094 -733847
471713 -328325 134696 991961
-466068 -990113 -768253 971749
866505 -551380 696995 -735784
-283156 -778444 -417340 403646
-255725 198555 -545364 878624
687395 -546435 504665 230925
-713484 -840874 30828 557806
329505 -219464 405512 -772003
61281 -150835 616579 -600737
-721811 224554 -18010 -291168
-612222 -630342 -272851 561907
-21730 -705583 -950706 -451988
111181 -187564 -829136 -763861
862515 622902 -45864 -819478
936802 -741130 -300565 352478
639984 -264237 -829171 -845516
-803084 -852429 396931 -288987
187950 -750559 -203049 181628
207441 -367002 985364 -84275
-388204 31419 868109 -683440
-959249 948888 -384248 -320701
-687166 -345657 474492 45353
-486235 -230618 751239 -153970
-297013 -933689 220510 -56377
-272851 561907 269993 388546
-278441 412347 -650266 -41949
-803084 -852429 -224864 499435
-387060 -948312 -774603 39726
620437 -786809 -157331 215457
545471 -206098 -782938 335077
845937 402263 -343691 -477991
354399 345275 -950013 -761881
541140 -590893 -481261 4511
-750349 885557 -832499 563498
474655 -303363 685692 829724
949301 -995825 154698 642092
-21730 -705583 -157446 -351976
290037 -715303 -706551 364219
986640 313115 434572 239461
-702357 238682 -832358 -570670
-255725 198555 -966820 -527031
-582124 312867 853785 54634
338893 71763 -760279 -642491
338893 71763 -63819 -16654
-245586 555682 -851997 530087
269992 33379 -844678 -693776
-913450 -384654 -61732 240807
155547 162032 -423417 -894294
-829136 -763861 -241608 -804684
-437324 457883 320103 999617
18019 -346165 967199 -139898
341505 -99028 446413 62339
-844678 -693776 -189330 -839286
-582124 312867 492523 248120
-338038 -704387 78682 -815069
-955232 -828165 281085 -76052
-81669 -246281 920086 288893
596483 -531465 -753593 -142390
862515 622902 -839864 -106826
-950706 -451988 -254821 138390
-283156 -778444 -822676 482351
-898242 -563472 785657 785653
-753454 651754 -393353 -660638
-501086 852006 -18845 418036
815974 742080 -551749 984498
-387060 -948312 -760868 -240435
-653521 767828 682964 356778
-760279 -642491 769074 294283
-537465 -405771 620612 609722
-169967 -444327 77324 -496938
120198 742229 -272916 -710754
-346717 481956 -477976 811766
620437 -786809 -253129 -101938
-51423 943576 -833952 77469
642751 -768866 -585399 -20454
-514822 -242427 117922 -873363
-254821 138390 288256 -968250
704599 923624 720589 840254
996051 -131803 560528 -887548
620157 -599443 -525732 939786
833056 428715 -185004 -503223
-157446 -351976 251823 900730
616579 -600737 543624 171965
-627873 853981 -683179 -820084
-658949 897349 820248 -599884
-750349 885557 -10919 -132494
-255725 198555 140124 454296
-870747 -742616 305471 -749278
-514473 -833242 186941 959802
354207 -270577 60536 -512987
480647 -992780 89560 -536287
845937 402263 453350 808304
642751 -768866 562229 -949961
-825354 942350 826119 -477938
40046 53835 -851456 254300
920086 288893 129234 163828
-448045 -80303 737662 551080
252964 -829979 648231 196536
-687166 -345657 907316 -673681
-701286 -38518 -169444 601250
241752 668467 105709 245426
991316 -371109 922004 -692162
704599 923624 -194014 678504
-950013 -761881 -211073 300596
648620 723248 -919461 -412703
-536230 -149856 -236739 -474725
-417340 403646 -259767 735238
-81669 -246281 380112 474476
-203819 -885167 513582 -820725
-919461 -412703 323018 530136
-338038 -704387 143221 -511294
-339994 398215 -506747 488152
-942807 260711 -700635 361988
-573706 -540662 648172 133417
-408579 880252 458408 -525029
-979326 -440115 -634093 -821142
320103 999617 276471 538292
333392 297929 -961186 190599
922004 -692162 387041 784861
648172 133417 238495 -435205
-925344 -395190 99245 -38113
-349383 -557000 -57120 426286
-843354 222739 -118255 254722
-545364 878624 684726 -798039
496593 175627 -712980 -871052
-854982 660187 322766 181202
-121313 -27026 -330874 -613948
323018 530136 -401573 -18455
-351822 -810068 774882 -216532
30828 557806 900658 158252
-253129 -101938 565457 -817871
-283156 -778444 938782 -864916
-554600 565589 -368394 724438
-802014 -221787 14830 723861
-976471 787616 -833886 425931
-825354 942350 -927030 48978
-516458 970926 -285571 730429
238495 -435205 -767410 -77045
-141398 830716 507180 259825
607804 -491079 -95861 137701
-108580 868057 -666919 182036
290037 -715303 -473836 109042
-50888 -376493 820463 -387293
-473836 109042 960337 98539
-514473 -833242 -367766 -434574
607804 -491079 347814 756489
441145 -284312 886113 -154671
-339994 398215 -719349 -99733
720589 840254 102920 -477204
666178 111631 -137538 909607
986640 313115 724578 44492
-708648 248225 -410922 -434409
-864208 975144 471882 205922
-768253 971749 156960 -404112
-523375 579851 483554 -737926
627127 -44990 784416 -113351
-851456 254300 968623 849372
-961186 190599 24428 89250
788513 -30256 -427376 -963555
-310159 -464957 975036 -97285
387041 784861 -968386 969807
-387060 -948312 -732577 927688
-719349 -99733 329022 -805610
-183498 2515 -284759 818720
251808 896928 776012 -487704
-664156 389470 -576275 -958867
-129471 70373 -972125 -596883
63998 -383554 -266212 -618226
-50888 -376493 -948449 718531
-368394 724438 600740 -831476
-976471 787616 803300 -698903
68456 -679174 896304 312011
-585399 -20454 809699 617125
-108580 868057 580080 499792
-914356 802980 436137 -668343
968623 849372 188947 148751
-753454 651754 422978 97770
-863859 -367017 865477 640453
-253129 -101938 -996831 -960731
-194014 678504 494052 -669638
-81669 -246281 -892891 944458
-475639 108983 755769 -343431
-955232 -828165 75424 -712870
-118255 254722 -839687 219028
-790784 -241802 -586567 -769904
-266212 -618226 515804 553227
134238 501030 -210270 948232
-481261 4511 710927 -567461
-525732 939786 -80735 542798
889709 105524 -766786 553753
60536 -512987 281602 -787164
-712980 -871052 893385 23745
446413 62339 816662 588690
-510811 707029 -711455 -129243
-164093 517315 -347740 105632
-919541 307421 612452 585626
-774603 39726 137318 -631643
-701910 836781 187174 376800
474492 45353 -716950 -454846
-913450 -384654 548372 731907
455430 709721 687919 -428515
-955232 -828165 286687 313090
788513 -30256 -815274 -766375
-840120 -799281 21010 -138140
-481261 4511 108057 -292069
710927 -567461 -380518 208348
-833952 77469 -799821 -619
-431690 -49100 815217 -828517
-799821 -619 842809 -260988
936802 -741130 -722884 970579
696995 -735784 -485748 -407187
961550 -464432 -212705 469642
504665 230925 491541 399281
293921 -50071 966964 -170493
-863859 -367017 -911357 36087
-966820 -527031 673273 396703
-650142 90064 -398458 -994902
-102060 -175391 -732134 -858473
936802 -741130 266601 267275
156960 -404112 -14094 -166220
-885277 310121 983892 -106407
134238 501030 242342 661499
120198 742229 -302411 -741728
-506747 488152 -317864 -259034
794275 895028 609390 -696105
996051 -131803 795401 -551771
-751765 650429 987971 60486
-121313 -27026 -612120 -960347
-80735 542798 -929885 198646
-431690 -49100 837581 -557435
-753454 651754 258581 -875550
284044 -546817 870735 206583
-701910 836781 647810 111835
-740728 415672 -201847 -997724
-137414 -943558 841583 490769
-338038 -704387 467844 124752
-729605 852018 22166 -875990
217183 608377 9166 816474
251823 900730 923710 -710515
466709 654013 -229748 -898526
-961186 190599 227735 9443
458408 -525029 -68415 93948
405512 -772003 48214 66287
48214 66287 -576020 349107
-637910 539396 -38094 -118851
-292410 -354452 652460 722597
641819 -492237 865917 259522
77615 699041 -986376 -593854
284044 -546817 899648 139567
-760868 -240435 -773778 755668
953246 -359633 -790288 -573349
-183068 499197 -885322 874776
-829136 -763861 959555 671074
-118255 254722 363731 554703
95665 -753888 -570968 639955
513582 -820725 -65322 783053
470372 -808202 818959 -717778
153926 -492127 -195833 767162
-161967 425378 -609537 -299637
-527392 -45218 -147491 -267699
369368 41681 -935883 -889199
792288 680537 752894 912576
-716950 -454846 451278 -367764
842809 -260988 566739 -355065
-554600 565589 -824179 -892080
-18010 -291168 697011 657989
-760279 -642491 795187 -336758
-215864 487541 592579 -164496
513582 -820725 -355411 345161
704599 923624 -529824 489340
-919541 307421 129494 -579137
710927 -567461 -991338 -627929
134696 991961 -845946 -220885
-203819 -885167 -331416 -186855
-576275 -958867 831892 -339048
-18010 -291168 -384872 -699367
117922 -873363 59539 -371230
436137 -668343 -252720 611162
769074 294283 957907 275963
187174 376800 -170285 -577808
508172 -4224 36788 -309812
-300565 352478 -296500 255789
381476 -260253 -518900 283502
-514473 -833242 -450477 643307
497445 625514 -88838 -502986
-129065 608913 465832 82
-990052 -118397 -220140 497750
-384872 -699367 -358710 491955
501190 -51308 -796208 828633
-272916 -710754 411736 949527
-398458 -994902 -52231 763274
-979985 -329020 60891 94803
-203058 -166448 545622 831090
949864 707265 -891594 -585399
-516458 970926 -800673 418343
-466068 -990113 16639 -897247
522734 -226416 -21004 610725
188507 -60762 347869 605430
104630 221408 161392 -867625
809699 617125 -413598 461398
-90728 291401 934445 448919
-989796 388566 -93304 926258
803300 -698903 838848 -210527
-816680 -467281 -744734 -473864
449522 926919 -935133 202689
-351822 -810068 -383050 666471
-267893 221242 -41295 382654
-966820 -527031 -201129 266013
-782938 335077 -41065 -855541
155547 162032 -424702 -51629
-90728 291401 568801 -198706
106971 256690 -352226 -184303
483554 -737926 -618804 431318
936802 -741130 493716 404170
66648 -272339 721239 679262
-427376 -963555 -721746 929826
-95861 137701 -965854 -354124
-612222 -630342 126001 325871
251828 -2735 -375716 868376
-729801 -660236 -933907 -746241
251823 900730 847408 -316607
-732577 927688 -537242 804162
842881 270188 -675387 -467910
-649447 -803713 344554 -38286
-142281 -757622 193019 -886712
-42273 718997 -914318 272824
-970561 339927 -10350 -584208
696995 -735784 338986 -897629
648231 196536 300287 -566044
-653521 767828 -972851 8933
-251743 -267368 -94771 -778263
59539 -371230 953215 -709391
-383050 666471 -204214 -473082
-93304 926258 -724327 59357
-245586 555682 700403 -627519
737662 551080 -359618 352493
953246 -359633 521037 517443
354207 -270577 -833721 -677942
508172 -4224 -185901 -224480
135084 -4888 -109464 -168029
474655 -303363 -295631 -916056
-266212 -618226 -321244 349164
799964 251312 327563 -442414
-211073 300596 -691614 807024
-870747 -742616 172020 518348
-573706 -540662 -464408 898472
-976471 787616 347351 -522365
-18845 418036 -855058 -87597
-545364 878624 -811505 308694
684726 -798039 982485 170330
367225 551815 298873 743654
799964 251312 567833 -881334
840633 898373 -540256 394497
-534646 777138 -543990 -375594
-272916 -710754 -243174 -489937
822478 -116132 996091 -593729
-203058 -166448 840824 -574431
-41065 -855541 862236 358658
182892 780734 357459 588421
-473836 109042 -139135 909072
-194014 678504 202043 542948
912637 976672 -837551 -751049
592579 -164496 -996254 -320877
-790288 -573349 510580 -739839
543624 171965 955973 51386
-80735 542798 130606 -708576
-339994 398215 -615843 596621
-339994 398215 605814 419554
-790784 -241802 -814200 -137903
-475207 -756398 950939 -828453
-645514 -980923 826856 513042
-480094 -733847 573027 568662
-63819 -16654 600369 343917
-801436 314562 684181 -300887
-543990 -375594 905843 -651759
156960 -404112 910967 534388
820463 -387293 -195462 653939
903754 692118 -938398 388242
647810 111835 813414 684175
-653521 767828 465741 -23561
-408579 880252 -475463 -50923
-147491 -267699 316326 48097
-898242 -563472 676531 -603304
-388204 31419 322626 87602
341505 -99028 -840314 -966694
-615474 -582925 -397742 48952
-137538 909607 -619395 264580
-829171 -845516 -384142 -602542
-740968 -706622 999797 476282
465832 82 -734447 -58755
-189330 -839286 -441206 -136183
482339 -689377 -117618 -852923
445755 555328 528850 -168778
-619395 264580 865667 -842819
-88838 -502986 -30434 -411720
341505 -99028 104328 -73201
-118255 254722 147701 326715
255004 -696533 281189 -54605
584054 603678 422604 -307774
996091 -593729 332379 -248820
40264 288898 752736 476574
-898242 -563472 67670 -352221
478517 -983365 -679693 -304339
490873 -181466 420879 310441
111181 -187564 541675 -694409
893385 23745 384811 921468
870735 206583 -13653 -772750
-801436 314562 -41102 -253715
755769 -343431 -386925 -705156
-295631 -916056 -177637 -853675
-744734 -473864 -165942 711706
474492 45353 160815 -721633
-480094 -733847 518158 -198443
-987218 -496138 -174752 -670045
687395 -546435 -969275 -969138
-619964 452285 -447159 -718356
-767410 -77045 -381472 809742
-935133 202689 999018 -981172
696995 -735784 -935896 -920773
841583 490769 -400757 91996
-263246 -738041 -980993 583476
269992 33379 -239903 -501612
795187 -336758 775875 641497
66648 -272339 -549633 -456674
-359231 188309 694681 979226
21010 -138140 -398684 340577
187950 -750559 694586 947086
752894 912576 -104186 -852212
-811185 733321 -302810 -809662
950939 -828453 268740 -174208
-713484 -840874 133104 242449
-266212 -618226 -80899 607000
-740968 -706622 -739115 736829
252547 -242497 -816826 789564
241752 668467 184447 -304801
-825354 942350 811100 -572906
-302810 -809662 816727 960603
600369 343917 300155 395377
-721746 929826 -259227 -34428
885642 -63044 -177039 -867946
483554 -737926 176515 -164638
936802 -741130 248221 738401
193019 -886712 -779138 -763046
814019 613123 -920097 -881907
840633 898373 -97097 158931
-734447 -58755 -981325 -210896
-537465 -405771 -548929 -476998
-824179 -892080 -81923 338138
-194014 678504 268492 -398410
269993 388546 191144 842755
147039 152158 -3784 -293667
946625 213081 -603525 282037
-61732 240807 -14943 623756
816727 960603 -620150 788569
465832 82 -327834 -988379
922004 -692162 -663850 122142
-768253 971749 240230 328999
-700635 361988 878235 447645
-183498 2515 61374 393892
-851456 254300 135321 -393766
-980993 583476 -659653 885787
-984475 113196 -438780 268707
-224864 499435 -862004 -36764
192889 865334 666059 -408899
-63819 -16654 -712268 769278
-236739 -474725 458468 118511
284044 -546817 -783311 -960371
19084 -5297 677977 -759605
-42273 718997 -435483 535222
612993 -120843 316949 -824098
-768253 971749 242540 171008
565457 -817871 784397 -714908
134696 991961 906224 439446
420879 310441 125739 -756039
493716 404170 -205965 -778716
255004 -696533 487779 928582
815217 -828517 -232065 370480
-721811 224554 389985 -532589
-292410 -354452 308779 -651548
-837551 -751049 244429 -818340
-267893 221242 76093 90260
838271 -263809 -102834 322787
913361 599192 673892 -85116
831892 -339048 -106325 998336
-164093 517315 779228 237159
341505 -99028 161060 47894
-824179 -892080 -697266 -314738
-931195 -48563 553610 -50316
472675 938334 705509 22881
849241 535948 -917851 155828
-970561 339927 242519 783192
-41295 382654 -326276 -34121
436137 -668343 784701 811123
820248 -599884 345080 -526061
685692 829724 149240 -692498
-927030 48978 734851 525417
913361 599192 -465612 -315375
389985 -532589 461070 52562
-843354 222739 -825276 836968
-619395 264580 186893 -119767
752894 912576 442984 874050
-950013 -761881 399374 -445599
967199 -139898 925102 66749
926494 717580 645210 814998
-576020 349107 994207 77896
-448045 -80303 -676693 -221948
-969275 -969138 -260908 725622
-935133 202689 -705107 811101
-183498 2515 -47171 629127
266601 267275 459652 -750669
172020 518348 -854644 -217622
984285 -298671 -744474 754298
696995 -735784 -359112 -392297
-331416 -186855 348474 -268971
-832499 563498 300500 -140410
21010 -138140 723244 -986285
-751765 650429 -115671 652552
-732134 -858473 526302 -263176
949301 -995825 -222792 626535
451278 -367764 -41249 -146466
89560 -536287 -813692 -67096
-620150 788569 -955271 717148
-222792 626535 98187 -7869
-22801 333995 559468 -600813
-712268 769278 -512937 968345
-980993 583476 342523 881262
891850 45856 -864152 953244
-803084 -852429 -943422 571664
-708648 248225 624998 -359992
-615843 596621 888357 -728354
482339 -689377 79876 -184661
-781736 -676710 787 913662
9166 816474 782178 731617
-627780 -680386 759189 -605696
-722884 970579 -20409 332840
288256 -968250 -859286 740860
535673 574283 639141 472946
734736 -896711 128847 241522
242519 783192 692533 18409
-467718 -222485 561388 615427
-393353 -660638 810003 -912921
-330874 -613948 -357752 -164020
451278 -367764 -866841 190171
30828 557806 383442 -954167
584054 603678 -548355 12934
-529824 489340 -644239 482823
561388 615427 -914630 -341609
920086 288893 -891812 289378
641819 -492237 47172 -98490
-576020 349107 428489 729520
-375716 868376 523941 -249730
40264 288898 -60871 -230988
235764 -179512 569496 394059
799964 251312 -282631 752609
120198 742229 -295015 187618
-387060 -948312 -724536 55234
347351 -522365 -442885 -253559
-185901 -224480 822979 864387
-174752 -670045 -81390 519559
-138410 -503957 -564590 -65130
-477976 811766 691113 -142964
882423 -141902 799197 604203
-693456 -287780 436412 -427133
-245586 555682 633648 450465
423058 105910 -221546 490233
946625 213081 -240712 -974951
838271 -263809 -380992 -122230
-326276 -34121 -43968 285355
840548 -921627 -336204 -410912
147039 152158 11791 -120725
-164093 517315 659941 943577
461070 52562 -801235 833543
526302 -263176 -392221 287259
342523 881262 223189 -847714
566739 -355065 -789702 -273468
461070 52562 285129 -70258
507180 259825 -681836 -516573
784397 -714908 -22495 606641
471713 -328325 -359806 301860
-189330 -839286 561028 -519275
620157 -599443 -312015 744704
-734475 241092 -94139 -954161
816662 588690 731766 353863
60536 -512987 938859 -430631
661119 851429 228882 649981
986640 313115 455751 -443987
99245 -38113 -861596 -631989
-829171 -845516 550396 720945
28405 880824 -367993 747628
779228 237159 833490 -524611
751239 -153970 -803509 752689
-722884 970579 -629369 -566909
-41065 -855541 -755315 -686183
-138410 -503957 -610961 -381482
347351 -522365 -485359 -821211
-121313 -27026 -282369 344742
-837299 -1525 809537 -886223
505277 -159451 -818629 549318
-951286 978605 746147 -250367
946625 213081 -355883 128517
-722884 970579 -480735 -789130
-293066 -882155 553695 133456
241752 668467 401370 513598
420879 310441 932686 151846
508172 -4224 -641588 552469
691113 -142964 928937 301566
-796208 828633 54435 -758124
-501086 852006 724480 -129775
220510 -56377 -487307 -592817
-976471 787616 -565242 -532007
-739115 736829 472416 -14008
89441 400559 629588 197112
724578 44492 265904 528391
357459 588421 -207713 509955
840824 -574431 -321821 128738
926959 -775798 144990 837426
-644956 -875436 -157752 -642222
752196 -829691 -606780 -305533
-467718 -222485 53405 -344627
-259868 497327 284872 19489
102920 -477204 823191 -950139
966964 -170493 -190889 596722
782178 731617 -43875 -244437
907316 -673681 -12495 371748
642751 -768866 495759 -301970
491541 399281 -509613 48811
383442 -954167 939299 639282
876041 -71634 -326045 -150194
137318 -631643 699996 129616
541140 -590893 -993198 644679
866010 294266 -594465 -816581
320103 999617 730380 -396826
78682 -815069 -990587 -53596
235764 -179512 876699 258239
-799821 -619 192129 193959
157905 -846863 794877 581328
363731 554703 -331236 773195
-491571 -283284 549672 -712910
784416 -113351 -221107 -278973
-732134 -858473 41565 566204
569496 394059 516387 -208422
942302 509845 754128 47860
720589 840254 646536 -71416
134238 501030 -272686 874695
868109 -683440 -531898 -112486
384811 921468 763799 590336
487779 928582 646725 -381519
157905 -846863 -653299 -701517
389985 -532589 -467645 -849812
-610961 -381482 990466 -299860
-435483 535222 307440 837032
-951286 978605 -872462 480466
888357 -728354 632940 -335074
-90728 291401 786439 883558
618427 -786326 -579695 157811
-870747 -742616 -594688 -509700
639141 472946 994753 -886925
-252728 978005 616962 -509800
381505 774291 -691470 466559
-139678 -1635 179415 185609
-721746 929826 423394 -458932
673822 -140588 30698 -924624
-169444 601250 -417898 675060
967199 -139898 186791 506086
455430 709721 -739165 627509
522734 -226416 879935 437471
-138410 -503957 862701 -193450
-713987 -972124 718457 710264
-464408 898472 -269965 700471
192889 865334 995344 355937
-215864 487541 578944 973488
241752 668467 921204 785971
-659653 885787 976965 -619283
-535957 866957 -782864 851158
281189 -54605 414499 481257
-744474 754298 521170 496324
482339 -689377 -738582 561235
-12495 371748 -552757 -486941
-437324 457883 390469 -767152
-666919 182036 -361243 -605253
-302411 -741728 -344739 -994688
-380895 -876088 -592986 -196579
-951308 964365 -92005 -831840
-840120 -799281 918665 389567
-548355 12934 394125 -682936
-375716 868376 408409 -698013
-203058 -166448 -248226 -778183
501190 -51308 809027 -967545
784701 811123 753379 515636
241752 668467 -611115 -39811
-242682 -29786 -495518 -867927
-375716 868376 -296395 20364
252964 -829979 -618785 -980893
77324 -496938 554465 -584069
-195462 653939 -17953 508996
282529 814344 196999 -288
-592986 -196579 -695602 795012
837581 -557435 870998 -239314
689827 -229071 313220 -93976
620157 -599443 -638145 733853
-659653 885787 231503 105890
-344739 -994688 928837 -925041
-63819 -16654 -540318 197576
276899 -204536 548163 903933
192129 193959 -244180 548005
156960 -404112 -248949 191395
285129 -70258 -423990 680762
-185901 -224480 41690 122223
759189 -605696 -823506 151710
496593 175627 924047 -67591
147039 152158 323578 -160072
-20409 332840 243717 162200
784701 811123 723538 -692402
-955271 717148 -616707 -218784
-14943 623756 768920 557749
-441206 -136183 -942008 658550
-645397 -301516 575439 -449760
-161967 425378 -324239 44418
827484 -278532 -808303 -83733
-866050 -423066 -993733 946658
105709 245426 567942 -511847
154421 84661 -203775 -69477
-42273 718997 -453809 890883
347351 -522365 402471 712631
-527392 -45218 520372 -865848
-637910 539396 -263103 986675
639984 -264237 -892521 870737
659941 943577 603148 -57399
-972125 -596883 -483136 -761967
792288 680537 293749 826775
-691470 466559 -133332 331129
639141 472946 -84245 603988
105709 245426 -280109 -187673
472416 -14008 -662051 -706829
465832 82 677653 -629636
605814 419554 324642 927543
-359618 352493 217019 -97037
-252720 611162 -861202 391075
953246 -359633 -225687 771719
-327834 -988379 -676557 -906021
-424702 -51629 643943 -649793
493716 404170 708114 -828289
-925344 -395190 -792809 -261921
972317 -357558 -850169 235816
458408 -525029 314436 618588
-650259 -948607 348849 -352529
484863 -866661 -984038 483781
-185901 -224480 -684090 985083
420879 310441 -195128 -642111
-18845 418036 819333 -995953
-823109 463012 -128939 -566690
-80735 542798 -883042 941437
458408 -525029 784393 -959830
-157331 215457 -833287 743716
720589 840254 552574 951485
-615474 -582925 -397339 -509004
-398458 -994902 -279276 -949504
423394 -458932 796718 14246
939299 639282 377429 -328289
423058 105910 712430 -106644
-611329 340689 321523 -597642
-140092 -816356 -644757 637908
-137414 -943558 -762142 -450351
422978 97770 429270 144183
995344 355937 -534434 -242433
-721307 261764 -566817 -57389
-272851 561907 289578 536592
868109 -683440 121170 -973546
140379 461359 -785635 -718787
-133332 331129 754258 -883969
-739165 627509 435849 -320660
-259767 735238 776943 634410
-738582 561235 -61315 -777662
-920097 -881907 223449 -684661
-554600 565589 -64757 -466909
-367766 -434574 378331 651207
-359231 188309 -24954 833652
-537242 804162 -103252 -586329
-255725 198555 -796032 262395
-870747 -742616 35759 43261
-784115 4189 -376571 474141
878235 447645 91551 -628964
-779138 -763046 -334258 8131
-15877 -32045 -994286 272028
-892891 944458 978359 920306
-750349 885557 420357 -6256
-280109 -187673 -694921 63176
349930 -259708 977000 213808
-610961 -381482 -977906 -352032
624998 -359992 993699 786132
913361 599192 -861634 -6822
-263103 986675 -833817 336672
46913 -893714 -742302 403998
648231 196536 -464844 743183
-774603 39726 -145770 -754678
-259767 735238 -343259 606233
976965 -619283 -807391 -950514
833490 -524611 -514074 654040
953246 -359633 466311 -792894
616579 -600737 112941 140175
-740968 -706622 504607 32673
-885277 310121 199306 -5080
117922 -873363 -191092 680732
-522721 830159 5780 69471
-684090 985083 726793 -476262
554465 -584069 -188088 -38191
154421 84661 921098 144801
-782938 335077 -534214 -871931
-80735 542798 769243 -419717
-279276 -949504 146301 -853987
-210270 948232 372639 429231
-201129 266013 621662 -722363
685692 829724 403201 -142
-448045 -80303 336016 -927774
-300565 352478 -122197 170992
641819 -492237 -118914 -726248
710927 -567461 -43519 427775
-816826 789564 560840 -767745
-872462 480466 -754265 890400
643943 -649793 -590123 387551
348849 -352529 -601608 174561
-658949 897349 -248095 -465457
999018 -981172 -743009 -367143
987971 60486 952236 631466
766181 -691435 -952128 335378
815217 -828517 -245008 290270
-282631 752609 -724392 273868
-779138 -763046 515761 -152711
-965508 -688575 -685985 -721635
453350 808304 327092 800971
449522 926919 -836778 478218
994753 -886925 -467717 -661840
868109 -683440 6049 618213
-242682 -29786 959995 271973
-139678 -1635 -506889 -473260
-535957 866957 -986684 823155
-57303 -771212 485307 516255
-965508 -688575 -913072 314424
-858453 570745 709687 -97467
972317 -357558 659575 -703499
-447159 -718356 231207 980194
-959249 948888 556122 179799
982597 -397054 15460 954269
307440 837032 665216 -6755
453350 808304 -208686 -345705
111181 -187564 757987 -143767
91551 -628964 771565 -130464
496593 175627 602981 991426
550396 720945 978586 -6345
794275 895028 -368131 -689334
347351 -522365 -246996 923164
712430 -106644 -479079 -698081
347814 756489 982982 748772
985364 -84275 -757757 537241
-321244 349164 -627628 -829518
786439 883558 -21165 -681181
453350 808304 371702 -713117
-638145 733853 -931910 -623665
-453809 890883 -141754 918054
885642 -63044 -996180 -194355
-666919 182036 -662101 -500000
949864 707265 346861 502415
191144 842755 -789832 -375568
-807391 -950514 340445 -982453
661119 851429 -461573 660436
-534214 -871931 455598 -948456
578644 392443 -89816 -827281
-106562 935509 -236151 -211111
-609537 -299637 716660 682597
994753 -886925 470559 118200
371702 -713117 754843 -202713
-554600 565589 -100011 965488
893385 23745 5904 3239
-990587 -53596 -872357 -191135
602011 -218898 748421 538735
-708648 248225 458323 -182707
720589 840254 615957 442204
-259767 735238 -160620 -92447
-195833 767162 882307 -669424
-914630 -341609 447345 729545
-554904 -928545 -908133 -564909
809699 617125 -53879 824938
-50888 -376493 -929114 -566013
-922885 703055 365142 -464806
-115671 652552 -489758 192869
-760279 -642491 -445695 305024
258581 -875550 474877 449480
-540318 197576 524404 -447316
838271 -263809 83300 -327197
403201 -142 257955 331212
639141 472946 -27184 455359
820248 -599884 579652 845127
474655 -303363 736049 -187630
-979985 -329020 408503 575951
815974 742080 -921796 -638539
-925344 -395190 85021 368045
-612120 -960347 142114 621193
-701894 -910313 -805960 651725
66648 -272339 -361677 150746
609390 -696105 820261 49794
775443 472586 958500 -104248
108057 -292069 499573 -979870
841583 490769 -111604 29612
949864 707265 -187222 894941
-700635 361988 271203 -890957
550396 720945 -671823 -374987
661146 228491 -382419 -390582
-935133 202689 693005 -424063
380112 474476 522876 -408581
-88838 -502986 859495 438937
188947 148751 -385360 -497187
-14943 623756 691582 -225138
-513974 -613832 472472 -506983
-128939 -566690 607050 -758538
-104884 -45068 -488694 103692
889709 105524 -504182 -293337
291713 -270602 645617 146380
316326 48097 -292591 318445
-744734 -473864 -757761 -666563
978359 920306 -387132 -615202
47172 -98490 -899107 32012
14830 723861 -143729 -728571
-392193 -482511 -685127 -310695
396931 -288987 466624 77345
-913072 314424 480878 -726600
-751765 650429 -568367 607985
217183 608377 -403334 -756555
349930 -259708 -495769 -986317
615765 238225 82960 -71267
188947 148751 -524654 379365
-700635 361988 -267016 -729563
-400757 91996 123911 956397
322195 -94208 81267 -202284
-473836 109042 400220 -915399
510580 -739839 731381 485881
-701910 836781 -651284 954187
192129 193959 178185 364285
-516458 970926 827601 387311
-331416 -186855 -594512 276590
53405 -344627 908148 -53365
478517 -983365 549374 546590
-854982 660187 3451 365866
632940 -335074 304427 528884
285129 -70258 893039 -58843
-705107 811101 -434231 672091
182892 780734 513431 574760
-338038 -704387 641729 -549303
986640 313115 -536582 443076
-388204 31419 -282902 166010
961550 -464432 886876 -638881
-789702 -273468 -491488 -417431
-183498 2515 404272 527782
-671823 -374987 109523 703832
466624 77345 -697675 494582
383442 -954167 -792542 -102376
766181 -691435 -112125 394327
870998 -239314 507135 -160642
799197 604203 -858265 -29216
242529 754267 -193672 69248
737662 551080 369716 -137735
570109 7260 404577 -686510
451278 -367764 666192 69660
-739165 627509 633337 -220038
-21730 -705583 931174 -500007
466709 654013 -124734 -31885
511194 -408714 -468802 240366
-501086 852006 -305793 -482617
-534214 -871931 898348 50478
549672 -712910 -419048 -660673
-676557 -906021 -645927 -118383
-431690 -49100 558225 572765
-801436 314562 358910 327903
-453809 890883 502554 420126
369368 41681 464177 -370078
521037 517443 -507234 -772581
-862004 -36764 -746149 637750
470372 -808202 -195593 -124593
-933907 -746241 -138596 136499
752894 912576 29430 -136983
697011 657989 -81242 -62717
112941 140175 485487 933512
288256 -968250 -548053 -946712
-622533 267679 -492956 103658
-594465 -816581 635709 -994494
648172 133417 -49128 886504
862236 358658 -734076 -976838
305471 -749278 572902 937542
784416 -113351 -937611 987511
480647 -992780 661853 -514184
769074 294283 -418925 74268
-397742 48952 -887181 -110079
-551749 984498 929466 724608
976965 -619283 929253 -570688
-495769 -986317 -820353 948718
-833817 336672 907105 -976206
-448045 -80303 -654097 586617
520372 -865848 -643528 -107488
648172 133417 622299 -906180
-651284 954187 -345711 -532779
-594512 276590 952706 -936100
-943422 571664 -808734 -330681
-302411 -741728 133773 -634651
910967 534388 -73631 -673260
-491571 -283284 -916783 728761
814019 613123 -369830 322783
842809 -260988 -724449 -640748
607804 -491079 39550 324454
-259868 497327 -447409 547349
575439 -449760 464208 128577
507183 688295 -261193 -104965
60891 94803 77137 -141933
752894 912576 -656475 -10171
-681836 -516573 -617016 824540
-207713 509955 -699286 897532
-808303 -83733 -891397 -400804
40264 288898 -171317 -208150
-30434 -411720 392250 -89833
905843 -651759 -58264 481655
411736 949527 -287021 -840741
-950706 -451988 -743423 -160426
754128 47860 -167249 427033
600740 -831476 305646 -326443
694586 947086 769251 -688930
-972125 -596883 -326050 -235290
-601608 174561 641777 852386
314436 618588 -189333 17651
-943422 571664 111951 -714944
-988800 327582 -81306 312414
-933907 -746241 244213 -553126
831892 -339048 -37610 -207336
510580 -739839 634582 412492
61281 -150835 -848643 869356
39550 324454 -843673 79095
-914630 -341609 -824420 224643
579652 845127 370570 385519
507183 688295 -167307 67298
-141398 830716 -32676 931116
480647 -992780 706228 942732
-202165 -817614 540719 -134357
-92731 -805483 794190 458638
699996 129616 -540868 828795
134696 991961 -419617 -549786
-282631 752609 674279 740956
-115671 652552 -21306 -265526
-773778 755668 -754553 -456953
-456737 -848527 -816868 -885646
-138596 136499 384746 471573
244429 -818340 683247 840427
-693456 -287780 448435 303310
193019 -886712 769506 -617374
769074 294283 569579 793465
-292591 318445 -615172 64056
833056 428715 454195 -376942
442984 874050 479944 -161378
479944 -161378 332310 972250
708114 -828289 292564 -540438
-550055 -713943 -27878 -663613
648620 723248 808526 747337
242540 171008 -108523 176149
-169444 601250 -667241 -178666
-833817 336672 691209 163495
556122 179799 256628 -389483
607050 -758538 616218 897399
-90728 291401 398050 869650
109523 703832 647861 -820391
-349383 -557000 -943581 -318731
-554904 -928545 -460506 -385830
-534434 -242433 -768991 -20310
-338038 -704387 -666482 -340023
578644 392443 113832 -976141
838271 -263809 192333 -302321
436412 -427133 -426796 782789
545471 -206098 703206 -368815
-386925 -705156 -791615 974339
908984 565144 -776662 -705515
-990587 -53596 -537951 490106
-808734 -330681 992795 -319808
-149761 171118 -341357 -200260
349930 -259708 290438 -491459
-283156 -778444 106313 -707878
11791 -120725 699436 884205
-662051 -706829 -153486 591416
-220140 497750 829704 940674
624998 -359992 -998405 71007
893385 23745 -624696 116717
-12495 371748 823214 935447
968623 849372 115290 -68428
673892 -85116 -914286 768234
-491488 -417431 597223 -316061
-128939 -566690 789982 162606
968623 849372 812512 581530
-687166 -345657 -711922 767262
-435483 535222 -716362 625487
-529824 489340 8550 312032
-792542 -102376 -462964 -155764
227735 9443 -323318 994550
-189330 -839286 884547 -105630
-222792 626535 536400 94119
-203058 -166448 -427126 470027
442984 874050 741252 -917550
748421 538735 480644 327136
464208 128577 207352 689454
-388204 31419 511821 -798559
809027 -967545 -639080 897557
-65322 783053 337602 -494848
-913072 314424 982795 -458824
343824 876948 785759 -52706
-832275 329484 761262 452647
-23607 -881598 285469 -52795
510580 -739839 988102 -371457
-95861 137701 -362613 730337
358910 327903 993968 -225654
561388 615427 732030 748784
616579 -600737 126255 -180922
708114 -828289 -357762 -225118
-9082 949286 127045 868016
-854982 660187 737917 583719
-993733 946658 810084 -817903
751239 -153970 -970972 -199401
996051 -131803 181572 151850
129234 163828 436203 621557
-866841 190171 567116 -252493
-492956 103658 -564182 -600621
-808303 -83733 321572 -970435
-594512 276590 -172821 75417
347869 605430 -138164 -326769
133104 242449 -957652 433913
-357762 -225118 94106 249615
-734447 -58755 8099 594861
955973 51386 -153663 986671
-681810 -855890 901092 -547323
769455 393654 -313564 185365
357459 588421 -592488 495714
794275 895028 111014 383170
-388204 31419 201132 -163741
635709 -994494 60727 -626717
-246996 923164 764451 -759397
-914286 768234 124478 -750576
-20409 332840 -193834 -408877
-205965 -778716 992160 -511406
300155 395377 239204 -982220
-887181 -110079 -594390 429572
265904 528391 983311 568624
126001 325871 505374 -31230
251823 900730 106732 698306
329505 -219464 628307 140084
-732577 927688 762098 625643
-41065 -855541 666744 584140
377429 -328289 629728 -781049
520372 -865848 -529878 -919561
-13653 -772750 -138638 746878
140124 454296 -158882 256340
985364 -84275 -245536 512202
-421936 -799437 216819 -35286
455430 709721 539212 988049
403201 -142 599783 470486
137318 -631643 -692342 620127
752196 -829691 873021 135623
-302810 -809662 582496 536262
865917 259522 -600301 -871230
827601 387311 -680292 507535
-15877 -32045 -757599 -585324
186941 959802 -96246 250912
842881 270188 798031 405924
602981 991426 -291153 -835449
-90728 291401 -628881 227477
111014 383170 -16790 107155
472675 938334 -573049 -183630
-957652 433913 -820900 -994482
-855058 -87597 -523573 810334
866010 294266 -138026 561100
-833287 743716 345389 583322
-49128 886504 190457 -96094
491541 399281 -327752 292482
445755 555328 415957 -93056
900658 158252 -36440 -994287
737662 551080 -289687 940013
-37610 -207336 -527067 618008
-142281 -757622 -210321 369734
14830 723861 625191 70823
641777 852386 -402871 16565
480878 -726600 -517674 -46063
665216 -6755 564579 -56062
-644604 -554905 -756948 -432057
900658 158252 -828725 -792077
-267893 221242 762993 -582105
-143698 973628 19710 -473601
434572 239461 -773634 -532194
795401 -551771 682322 -124534
251823 900730 -625493 -862259
313220 -93976 803288 -93010
-461573 660436 114022 -793115
-282369 344742 866182 77046
-321244 349164 -920124 -974841
316326 48097 828244 -267527
176515 -164638 949987 766935
-32676 931116 173202 812271
-330874 -613948 -165374 922023
-13653 -772750 -485109 -494032
891850 45856 869414 238975
-18010 -291168 -955738 -96518
186893 -119767 -139825 325987
-585399 -20454 632402 549198
-986376 -593854 -272437 42113
75424 -712870 -356966 256736
252547 -242497 -735481 710489
-750349 885557 94437 -141877
-601608 174561 694988 613192
147701 326715 -844423 343273
-773634 -532194 880230 -214666
435849 -320660 449154 -425969
838271 -263809 7924 -110183
217019 -97037 -29013 959406
347869 605430 829233 594788
-450477 643307 36502 408867
-792542 -102376 -653468 -232542
752196 -829691 11911 -802759
348849 -352529 771977 87804
-375716 868376 -153447 781414
194914 527647 280788 -86749
876041 -71634 433448 560970
-667241 -178666 -378444 937775
-734475 241092 507691 507285
-304752 -348671 -482520 -472573
-310292 963782 -227166 806004
-531898 -112486 902365 810132
661119 851429 -391761 -100280
723538 -692402 381510 607160
910967 534388 -281660 -31346
-957652 433913 -431114 -391024
-754553 -456953 -734419 -68897
-701894 -910313 -288282 241308
840548 -921627 883184 -475716
-296500 255789 -98418 43183
-916783 728761 -527290 919835
-326045 -150194 843063 915702
968623 849372 -388238 -194728
227735 9443 -154752 189671
983311 568624 -199212 -720445
769243 -419717 833136 461320
307727 303601 -650558 -160271
-837299 -1525 -359434 -119579
-21004 610725 91626 334049
-653521 767828 345355 707932
244213 -553126 -592568 -358336
504665 230925 -809131 207310
149240 -692498 720908 -133200
387041 784861 -800816 -524536
256628 -389483 -980653 -301667
292564 -540438 182250 56068
665216 -6755 -340206 -880232
-679693 -304339 -465831 -695284
-42273 718997 289810 -896958
-293066 -882155 601831 -984123
465741 -23561 175723 848004
-491488 -417431 456781 630505
-27184 455359 -656389 -831983
155547 162032 964746 -705571
332310 972250 -286504 70934
24428 89250 -899179 -440758
434572 239461 -750966 950360
286 530716 -631116 -58367
-984475 113196 974541 -994911
862515 622902 489875 -663268
357459 588421 -588803 116039
691113 -142964 -376519 815070
266601 267275 90783 -822494
-818681 463116 581530 -60379
957907 275963 -933276 597187
257955 331212 -336670 938640
-951286 978605 -267496 566164
-57303 -771212 265650 -33081
-929885 198646 162288 690875
-243174 -489937 911241 -503209
689827 -229071 487243 -914751
567942 -511847 3275 153702
-711922 767262 -636729 301268
104328 -73201 158311 294893
-400757 91996 380484 -446293
-310159 -464957 539295 699003
-73631 -673260 905668 487833
-746149 637750 -401864 -8478
114022 -793115 282890 -943978
528850 -168778 652470 275582
786439 883558 -195406 -914010
-202165 -817614 980839 -983908
221550 203432 438079 -79251
-796032 262395 241625 -733237
578944 973488 612165 567081
567833 -881334 -137507 -492761
242529 754267 534180 -861358
-327752 292482 329806 -670573
-792809 -261921 52922 188577
764451 -759397 288754 687038
-384248 -320701 -948176 -437982
242519 783192 234774 548801
336016 -927774 -474377 889287
-603525 282037 -596059 784690
365142 -464806 -890470 -195248
569579 793465 -897848 -747723
898348 50478 -823092 629825
-14094 -166220 230572 -787158
448435 303310 850342 487269
771977 87804 -946189 234878
-171317 -208150 -249931 635850
-351822 -810068 -160228 181643
-282902 166010 429276 774207
-331236 773195 -862897 -486566
-525732 939786 738366 -435346
-565242 -532007 -511295 441350
22166 -875990 -890380 -860425
737917 583719 -412667 -653341
-824420 224643 -971038 -216095
-81669 -246281 75431 -915481
349930 -259708 -952501 969093
-543990 -375594 -158048 298736
458323 -182707 -55668 30889
878235 447645 572480 -366557
849241 535948 -581550 -508399
338893 71763 -438399 -60157
920086 288893 -268134 -769390
-495769 -986317 986393 107584
798031 405924 -653275 321590
-282369 344742 970568 -661233
-525732 939786 208620 207212
-809131 207310 123542 -328136
124478 -750576 336010 734790
-925344 -395190 788795 -590638
-118914 -726248 -399162 243171
8550 312032 -840174 500965
902365 810132 -11170 -151847
242529 754267 336925 -867724
-721811 224554 807552 -439889
-590123 387551 719868 -717921
182892 780734 -931658 812924
154421 84661 737061 19836
242342 661499 -520735 -578165
-210321 369734 69741 521174
-968386 969807 370264 -435104
-30434 -411720 599262 -74328
-823092 629825 -104230 407910
-898242 -563472 262174 -296877
-536582 443076 -117562 741812
502554 420126 -404534 389395
39550 324454 -868827 -691726
115290 -68428 -316692 -732164
-734419 -68897 568939 -936091
-165374 922023 200334 529433
838848 -210527 -934352 849434
-330874 -613948 148624 -635801
-359231 188309 -708475 740721
284872 19489 -258657 -176093
641777 852386 -981250 -895221
458468 118511 -298753 211141
-996831 -960731 -512159 760162
-263246 -738041 -285991 947192
511194 -408714 -991845 -270201
-338038 -704387 -216465 333004
949301 -995825 -243938 -62721
-376519 815070 34376 -90062
8099 594861 400657 473160
8550 312032 529685 -628933
-475207 -756398 37578 -21850
-864208 975144 711915 -609190
-340206 -880232 -829730 -364533
-356966 256736 -965474 830230
-169444 601250 -70042 667720
-288282 241308 858176 -918300
369716 -137735 -37175 -308990
-645927 -118383 -660760 -720334
-138638 746878 513606 -549656
754128 47860 -942623 -94939
513606 -549656 -855306 -383653
200334 529433 690161 38594
-676693 -221948 -957036 -353584
-251743 -267368 738960 -92038
-766786 553753 343838 -24845
-284759 818720 -31494 -502555
-453809 890883 389651 -596427
134238 501030 300042 -828136
993699 786132 -443322 -328909
-523573 810334 -168482 -421705
821358 -715160 -726111 805528
-729605 852018 -206920 801050
540719 -134357 -772101 -835099
-957652 433913 -867804 -290320
-734419 -68897 -434719 388143
184447 -304801 -543471 344315
896304 312011 -669733 811050
-588803 116039 73518 744707
9166 816474 -566987 -440255
147039 152158 -350131 -642859
-495518 -867927 -339094 455489
-447159 -718356 -121352 -451247
-467718 -222485 -867297 -640887
149240 -692498 -215793 551779
-460506 -385830 676292 -905717
-57303 -771212 -341413 -880362
-177039 -867946 769253 -752090
-384248 -320701 904582 -546918
155547 162032 648224 173764
493716 404170 -355037 -848576
-592568 -358336 618356 -597018
337602 -494848 -249267 539316
281577 674896 -519085 -473818
269992 33379 -433134 -242905
882307 -669424 75380 48678
384811 921468 870098 -372644
-359231 188309 -203971 232256
934445 448919 762565 579541
916803 209006 657288 230041
912637 976672 -817778 458867
-221107 -278973 -457357 481027
-951308 964365 -247528 695145
826119 -477938 -665506 -175215
-757761 -666563 833478 754381
776943 634410 -399895 368415
384811 921468 -203296 -241598
-481261 4511 -48539 343133
-919541 307421 278856 283689
-227166 806004 -709850 967448
-41102 -253715 -126369 -174334
173202 812271 -504476 392360
-447409 547349 223712 989757
-331236 773195 -195443 322629
-171317 -208150 181374 145185
-199212 -720445 -746798 -417637
-95861 137701 988939 -130652
986231 421293 -998617 997446
-781736 -676710 817897 410343
-243174 -489937 104095 993583
-98418 43183 883471 887506
-823506 151710 837906 -544447
-751765 650429 549353 921457
441145 -284312 -245132 581411
285469 -52795 -295669 -452384
-816868 -885646 834339 -981635
-911357 36087 743300 899507
578644 392443 -258071 109218
76093 90260 534674 -673349
-326050 -235290 853352 -756742
257955 331212 -10707 398830
-367993 747628 -989975 199406
-388204 31419 -193894 -139090
-355037 -848576 215259 -164681
565457 -817871 739210 -631670
853352 -756742 237973 -967495
960337 98539 -55780 133989
908984 565144 629183 79169
-84245 603988 -363849 -72243
-473836 109042 977016 -913574
300500 -140410 -162720 -560552
-734419 -68897 162234 367757
-292410 -354452 -54459 395013
237973 -967495 -998867 543789
620437 -786809 586777 -55168
983311 568624 332818 750675
684726 -798039 40234 -158465
507179 110660 958106 -402540
485487 933512 -667794 947645
487779 928582 765755 861758
761262 452647 -334419 967074
-916783 728761 528114 -450231
-367766 -434574 619095 209900
-712268 769278 -615758 219109
-296395 20364 899083 693650
823214 935447 -787862 269314
-341357 -200260 -836399 693804
706228 942732 939596 -92692
-441206 -136183 -742268 -69140
-183498 2515 229165 -34749
-820900 -994482 -946630 -950346
-981325 -210896 277229 -526133
820261 49794 -378931 236458
748421 538735 -795068 -84271
-245536 512202 -292579 -745765
632402 549198 -663233 235501
957907 275963 881282 711574
-286504 70934 -999209 710238
-203058 -166448 202236 -421550
484863 -866661 16082 -972229
-297013 -933689 -564726 -224917
534180 -861358 -887902 317142
627127 -44990 -794900 709287
-663233 235501 -247510 520175
987971 60486 138397 666839
572480 -366557 760999 -403926
-258071 109218 -463157 711016
-161967 425378 -74299 927037
816727 960603 514353 795045
-193894 -139090 -60087 327663
-153486 591416 342728 41639
-282369 344742 214186 210709
-378931 236458 423710 64152
323578 -160072 234403 895571
-280109 -187673 -318904 -854245
836079 185519 625951 -169208
255004 -696533 54776 -362917
-712980 -871052 -347153 908382
367225 551815 -963705 112376
21010 -138140 -778789 -451968
-750349 885557 -391095 935136
28139 466079 29922 764279
-790784 -241802 566432 481933
528850 -168778 840452 -134706
711915 -609190 -21672 -63494
-536582 443076 858063 825483
354399 345275 -494505 93305
149240 -692498 -823872 905548
712430 -106644 741234 -794231
40234 -158465 592080 321943
-195406 -914010 595786 964763
40234 -158465 450474 -48239
625191 70823 -761266 -686871
769243 -419717 456091 872332
-796032 262395 -247784 -985894
823191 -950139 864741 -743623
-844423 343273 304039 132398
237973 -967495 -672309 284966
-269965 700471 -259350 -203097
-618785 -980893 -641397 109589
599783 470486 201768 859265
-784115 4189 -993002 -839582
661146 228491 654095 -152245
-210321 369734 -396080 -582839
221550 203432 452923 -25494
-138638 746878 228294 241570
550396 720945 -543223 -990364
-667794 947645 163244 626610
-504182 -293337 653676 720182
-81390 519559 75109 269376
308779 -651548 812569 -969663
-384248 -320701 544987 265955
-545364 878624 909195 224647
818959 -717778 188957 309933
336925 -867724 970276 -485927
-466068 -990113 -60078 605865
456091 872332 805808 -359176
75380 48678 982534 -488461
293921 -50071 -993422 -175555
-292591 318445 400107 -854677
-260908 725622 -55390 315668
61281 -150835 -741006 589100
-859286 740860 781725 924579
-461669 -547409 -68779 -58446
-402871 16565 738917 -683473
106732 698306 313517 445651
595786 964763 -764573 683424
-993422 -175555 715912 131377
684181 -300887 -460569 660325
568801 -198706 422238 739315
803288 -93010 248800 560753
-63819 -16654 321844 -288027
-679693 -304339 -732858 -690013
635709 -994494 -653888 -24878
-253627 537054 -13266 -261151
677653 -629636 712732 270731
-802014 -221787 539956 -671499
-252720 611162 713419 -427796
520372 -865848 -338596 448028
507179 110660 217741 535339
-858453 570745 -751881 -674862
-137507 -492761 -759754 246874
819333 -995953 -585296 -211353
683247 840427 -543489 14281
833478 754381 -519888 -917337
-989796 388566 -215312 436103
-529878 -919561 284631 962983
-41249 -146466 -101944 423290
-961186 190599 -512143 912467
251828 -2735 304681 723456
-210270 948232 -304746 -373842
712732 270731 720007 26405
845937 402263 -29610 479939
737917 583719 -720040 261135
629588 197112 -665979 -317966
996051 -131803 -607097 97642
