1
2000
948700 -854264 268747 -382014
948700 -854264 -762476 -736181
-762476 -736181 -520453 -838965
-762476 -736181 -328882 -5237
948700 -854264 -817641 -472037
-520453 -838965 -613404 -131248
-762476 -736181 265034 299798
-762476 -736181 -246521 707994
268747 -382014 -74874 255631
-762476 -736181 -63802 855124
948700 -854264 -274338 704110
-74874 255631 14295 -176320
-63802 855124 940623 -97583
-520453 -838965 546650 -275227
-328882 -5237 -587267 -514188
-587267 -514188 -964193 492339
-964193 492339 -805869 -155209
-274338 704110 -237685 979024
-817641 -472037 -212465 680481
-328882 -5237 119438 -726042
-237685 979024 -651059 -288783
-964193 492339 527015 -766353
-237685 979024 718247 644864
-63802 855124 -444787 -696535
-762476 -736181 -182276 919659
-964193 492339 107585 731709
-63802 855124 343838 31505
-587267 -514188 -823506 -655304
14295 -176320 -250186 -659230
14295 -176320 837601 361182
837601 361182 832248 435378
-823506 -655304 351648 142480
-805869 -155209 993789 40432
940623 -97583 401382 414670
527015 -766353 780466 -15381
-328882 -5237 743931 -312336
940623 -97583 270155 976087
993789 40432 -506516 304848
351648 142480 254234 -833024
948700 -854264 346108 637460
832248 435378 312169 477176
351648 142480 849146 -247121
-762476 -736181 -795513 -383566
119438 -726042 -864655 -635618
-246521 707994 -993772 -910034
351648 142480 256343 296057
-274338 704110 340987 976105
832248 435378 -398935 -431833
743931 -312336 74488 401133
718247 644864 -246580 -483580
-246580 -483580 -807051 -917565
-864655 -635618 -363156 -189061
-587267 -514188 104376 764232
832248 435378 -841714 -737141
-841714 -737141 -269261 -964736
351648 142480 -88974 -258186
-237685 979024 921355 -975676
-762476 -736181 -110895 -714970
256343 296057 660265 18506
-269261 -964736 -660633 -989176
312169 477176 277644 -116421
-246521 707994 596627 570673
351648 142480 -421218 -963859
849146 -247121 943595 -640799
-246521 707994 -831435 -905761
119438 -726042 98591 -373263
74488 401133 -724180 -846719
-587267 -514188 140728 -275747
-237685 979024 -715375 -671057
780466 -15381 -452066 877145
-831435 -905761 -679709 744240
-831435 -905761 -246757 -482233
660265 18506 -623966 745014
948700 -854264 664147 903729
-444787 -696535 246482 -293639
943595 -640799 510795 958827
-724180 -846719 -340683 -242665
-964193 492339 64121 432813
-623966 745014 530829 526748
-182276 919659 757710 848810
849146 -247121 -786819 -576741
346108 637460 -414860 114010
-340683 -242665 592494 -288874
64121 432813 994932 -436406
312169 477176 -456606 873570
-623966 745014 -289259 261925
14295 -176320 -742558 -530039
592494 -288874 -515658 971905
-444787 -696535 720607 -835223
-182276 919659 789654 882723
312169 477176 551088 -929058
837601 361182 995551 830575
-715375 -671057 455561 -255117
-88974 -258186 -147061 487915
837601 361182 -775849 848651
-212465 680481 367100 814899
-520453 -838965 -818008 836239
743931 -312336 726132 669956
-421218 -963859 917504 241406
-818008 836239 -374603 -117840
-823506 -655304 -782713 459279
-246521 707994 878490 589964
510795 958827 626567 -864449
-328882 -5237 -740758 547065
849146 -247121 -774822 31292
720607 -835223 426249 292552
-520453 -838965 -925150 -417976
993789 40432 390523 573347
789654 882723 545636 832115
256343 296057 356047 256169
-246580 -483580 347064 587504
-414860 114010 -817452 -847568
277644 -116421 -262270 261872
254234 -833024 -72474 -201847
-246521 707994 897421 564626
-823506 -655304 514517 -358461
-864655 -635618 370519 549264
351648 142480 -447109 116050
-841714 -737141 118002 328214
-774822 31292 -682639 981347
718247 644864 -512184 89169
726132 669956 661447 -940695
943595 -640799 -789059 -930213
265034 299798 792492 430750
312169 477176 -840734 -726847
780466 -15381 855292 763535
780466 -15381 -663154 -539194
-237685 979024 -885886 970760
426249 292552 276685 -652638
-237685 979024 840210 911312
246482 -293639 -992354 926632
-742558 -530039 333031 -44412
-110895 -714970 -920826 -103686
265034 299798 561276 -887266
-775849 848651 940708 544872
-250186 -659230 -333586 196694
720607 -835223 38114 -988817
551088 -929058 -836538 -995041
-613404 -131248 -272015 -348545
246482 -293639 -865868 -171951
917504 241406 277137 -914654
-274338 704110 464470 971020
-110895 -714970 225832 620478
-452066 877145 -854979 -835958
-840734 -726847 608099 451820
-587267 -514188 -770916 199979
-363156 -189061 352890 261406
464470 971020 -629453 -113090
994932 -436406 -65715 347861
140728 -275747 265781 -132616
840210 911312 -974073 -149194
-831435 -905761 598705 -450443
-289259 261925 -976854 -556674
426249 292552 -530847 218749
-817452 -847568 763006 -197326
-786819 -576741 -622799 523990
720607 -835223 476639 -920772
-262270 261872 940297 -585439
664147 903729 877373 634566
596627 570673 -890403 379112
276685 -652638 -71072 -87077
743931 -312336 358630 -391458
-421218 -963859 -774045 -90936
464470 971020 -345909 -824215
107585 731709 -845789 336296
-147061 487915 -370822 -567982
-651059 -288783 413629 -529298
530829 526748 931201 -519477
545636 832115 285799 853691
-88974 -258186 -796126 423838
-836538 -995041 -210144 290912
-333586 196694 -708562 756462
-993772 -910034 185620 619539
-74874 255631 -501199 -542627
246482 -293639 769234 -941110
-210144 290912 602325 229305
-708562 756462 -173474 -957157
660265 18506 -94428 455815
-805869 -155209 785160 -390416
-818008 836239 -572292 -86603
-795513 -383566 -938567 40811
-74874 255631 -535291 297375
-246580 -483580 -390780 -589568
527015 -766353 868879 172196
-272015 -348545 731309 424426
-63802 855124 -319044 -185514
-182276 919659 -891055 -218958
561276 -887266 -514559 199020
285799 853691 -223703 -240991
-88974 -258186 -527107 -3151
546650 -275227 427364 219935
-993772 -910034 -111563 233744
-272015 -348545 -189128 920942
-807051 -917565 512515 -672162
333031 -44412 89169 152193
347064 587504 951102 -510412
-890403 379112 -323757 877184
-345909 -824215 -263749 432152
-938567 40811 -760392 887644
-651059 -288783 429817 -854587
-501199 -542627 902942 321280
-836538 -995041 -793358 593660
602325 229305 -412724 -524095
-421218 -963859 723653 -681610
-742558 -530039 892247 -731772
-182276 919659 725830 -962928
849146 -247121 607940 234119
351648 142480 -688214 -346444
602325 229305 209439 -940030
-774822 31292 -449517 -986934
-789059 -930213 -319484 -597976
370519 549264 707422 -646078
-452066 877145 -844629 -973046
-925150 -417976 -723650 -494367
664147 903729 -969191 -533219
596627 570673 -205764 -8663
-679709 744240 -932356 770324
-845789 336296 -798345 -543797
-263749 432152 -596534 764794
-974073 -149194 -414490 187454
951102 -510412 672416 125441
-629453 -113090 -221475 776573
837601 361182 -190996 980707
119438 -726042 -146037 533059
-272015 -348545 -78586 -278391
-221475 776573 91941 769153
664147 903729 592287 -821876
769234 -941110 980827 346312
312169 477176 461056 -474788
455561 -255117 -430433 77444
107585 731709 -324413 577263
-864655 -635618 971339 958795
277644 -116421 62878 -368166
-345909 -824215 -407035 -172792
312169 477176 681511 -694636
-430433 77444 975569 757649
118002 328214 -481322 -794776
-974073 -149194 487842 -897167
-920826 -103686 98244 -292201
-452066 877145 232763 -501557
254234 -833024 -318954 852712
107585 731709 784074 -950009
-147061 487915 169067 30974
-374603 -117840 395468 -733938
917504 241406 -375078 282499
-182276 919659 -386284 449797
608099 451820 -612765 511037
931201 -519477 -758245 -71896
-651059 -288783 245756 246703
784074 -950009 -133088 118475
245756 246703 832803 -588488
104376 764232 120501 -637757
169067 30974 -608204 668295
395468 -733938 718129 -685367
510795 958827 -36198 719788
-864655 -635618 728286 -782256
-370822 -567982 -500696 -883362
-885886 970760 -510783 -824023
-885886 970760 -348867 120812
-412724 -524095 -33781 538949
792492 430750 918836 546976
897421 564626 228544 565976
-679709 744240 -247940 -867634
660265 18506 251984 -97983
561276 -887266 -404647 165154
718129 -685367 -700379 -453178
185620 619539 -791671 -851176
-817641 -472037 704048 918935
268747 -382014 -237748 980363
-414490 187454 -564359 -593122
62878 -368166 684576 710325
-723650 -494367 -946117 -42864
-370822 -567982 407987 -575639
-250186 -659230 -806248 -283166
723653 -681610 971945 758358
-932356 770324 44548 -654725
-770916 199979 528178 259239
-660633 -989176 667755 -177728
-629453 -113090 -193127 403117
-891055 -218958 -635325 -281673
-404647 165154 -68702 -62703
-623966 745014 -556803 910153
660265 18506 -932599 252345
527015 -766353 720162 -858603
-447109 116050 304438 -206299
-210144 290912 -989852 -726824
-740758 547065 10545 286888
-375078 282499 538344 -523275
-854979 -835958 -119098 -237344
427364 219935 697496 -84957
351648 142480 992963 -219664
-798345 -543797 -938651 -744024
994932 -436406 406959 520885
-791671 -851176 907224 276135
169067 30974 -410383 888940
-452066 877145 940312 -994797
-189128 920942 352242 340584
-274338 704110 -535161 -604554
427364 219935 757344 787838
837601 361182 -258 637148
91941 769153 -182667 -113949
-323757 877184 528130 125455
-246521 707994 493162 -58598
681511 -694636 257414 765008
546650 -275227 359816 -983968
-938567 40811 -984005 -537325
-33781 538949 533407 615874
-724180 -846719 -555047 672886
832803 -588488 61461 -359218
-246580 -483580 -41825 110928
-946117 -42864 -813620 841844
-774045 -90936 421615 36297
-340683 -242665 -35185 801372
-844629 -973046 162689 374714
312169 477176 -350793 363241
359816 -983968 -515227 -49809
697496 -84957 840436 -732413
413629 -529298 -247003 -830434
-223703 -240991 -885083 817586
312169 477176 -700352 903481
256343 296057 -246582 105109
-515227 -49809 -982325 17571
948700 -854264 -545517 -867218
-864655 -635618 145097 734508
169067 30974 6553 262613
-938651 -744024 -401214 -648577
-708562 756462 -832831 172153
-813620 841844 280722 647170
-572292 -86603 559452 412879
74488 401133 -772665 -805313
-682639 981347 -461593 190347
-189128 920942 471930 111836
840436 -732413 480163 523628
-223703 -240991 -126454 -779161
277644 -116421 -199664 -680441
-212465 680481 -202439 649147
413629 -529298 697254 317653
-555047 672886 20553 -848092
917504 241406 -472778 -969546
-323757 877184 41116 245001
-340683 -242665 214684 374080
789654 882723 461768 -516457
-324413 577263 265980 -614036
-982325 17571 991853 864072
395468 -733938 -581090 727770
757710 848810 851438 -66740
-775849 848651 124341 111895
-318954 852712 843568 -841517
41116 245001 381742 -569460
-289259 261925 -242514 -154673
-651059 -288783 -168058 895672
268747 -382014 124991 -227046
-193127 403117 548668 253031
-742558 -530039 -164163 336663
-421218 -963859 -127690 628160
-845789 336296 -625957 5809
-984005 -537325 805925 -920645
356047 256169 -312880 990936
757344 787838 -592201 -501235
-506516 304848 -552348 311390
-444787 -696535 -508199 -341548
757344 787838 -327873 680405
-817641 -472037 255841 393496
-263749 432152 905685 326028
596627 570673 56660 -401136
-760392 887644 -210087 -687442
-199664 -680441 989525 -132929
-679709 744240 886977 146950
270155 976087 814138 -148770
-817641 -472037 217438 664665
-938651 -744024 173136 165959
-623966 745014 772284 871974
510795 958827 -82897 -378915
270155 976087 259316 -897119
661447 -940695 247612 605368
868879 172196 203891 -669676
-212465 680481 -519042 -523272
98244 -292201 -597023 -647752
-212465 680481 -555902 -336888
-608204 668295 -124762 845253
-795513 -383566 910053 786410
-775849 848651 -263417 -570696
918836 546976 -106482 376833
-407035 -172792 293807 -927880
-715375 -671057 -681531 696010
-964193 492339 -180819 -720062
-246582 105109 618853 338824
20553 -848092 839726 761942
971339 958795 -654565 539746
-210144 290912 19721 309801
-126454 -779161 372393 341009
948700 -854264 -929816 -25732
140728 -275747 599743 254378
931201 -519477 768933 577921
-430433 77444 248322 -800708
-688214 -346444 -967640 928105
-444787 -696535 -158841 -901454
993789 40432 339179 406834
64121 432813 -873745 -182405
214684 374080 977397 -839441
684576 710325 534263 741329
-679709 744240 206003 -728185
-36198 719788 19775 -1965
-723650 -494367 651814 377874
304438 -206299 389874 663603
406959 520885 -159544 981362
-807051 -917565 3464 37692
251984 -97983 -588034 162217
-596534 764794 -549488 954093
592287 -821876 127917 174945
214684 374080 586073 -894816
390523 573347 -638260 -542844
-36198 719788 516849 611577
185620 619539 -333284 729658
-555047 672886 84591 596430
-375078 282499 -739538 -996387
-789059 -930213 566768 136513
-375078 282499 -594480 42193
-688214 -346444 -919634 682134
918836 546976 872059 394700
-854979 -835958 -680175 -411362
-237748 980363 -189130 203546
-556803 910153 -381896 396310
-318954 852712 214697 -474269
-193127 403117 -422132 -904954
-159544 981362 784896 -826360
6553 262613 -78051 -436181
660265 18506 -579802 8952
107585 731709 -415444 -308169
276685 -652638 -762738 466218
-854979 -835958 984756 111665
-854979 -835958 -274629 -120045
6553 262613 591970 973078
-246757 -482233 -437492 -821580
707422 -646078 571511 354759
333031 -44412 -103498 737817
-324413 577263 -490483 482243
-974073 -149194 -451401 -114547
681511 -694636 51443 841311
728286 -782256 289095 170403
-791671 -851176 -221532 265147
413629 -529298 609469 574093
-925150 -417976 -469093 -738925
545636 832115 -129663 712399
-205764 -8663 479389 -776814
124341 111895 -249818 864466
-760392 887644 228912 -91319
64121 432813 326983 -175166
-864655 -635618 495120 -251596
-925150 -417976 46542 824076
-263749 432152 916753 -326723
994932 -436406 678745 -882579
359816 -983968 -782943 269195
971945 758358 -215995 -799701
618853 338824 -310520 603021
994932 -436406 -745602 415798
487842 -897167 27563 958882
-274629 -120045 560744 493033
-173474 -957157 -38695 -288469
495120 -251596 549239 472981
533407 615874 -543806 -281916
551088 -929058 541433 741129
-444787 -696535 587889 -289397
-72474 -201847 -899402 -341194
-806248 -283166 -338102 -622609
-679709 744240 89569 -115131
534263 741329 661520 724001
61461 -359218 -826025 883403
672416 125441 -700154 412830
877373 634566 -617847 347887
-807051 -917565 -616590 -23431
-119098 -237344 57307 -440013
265781 -132616 -237362 957782
-974073 -149194 452109 -379230
-33781 538949 656923 -199342
74488 401133 176153 227174
918836 546976 -857789 140195
571511 354759 224493 455290
-663154 -539194 702547 823341
-925150 -417976 -384033 522668
224493 455290 822016 -721445
-681531 696010 230074 317628
-679709 744240 50887 578664
596627 570673 461712 -230293
980827 346312 -254377 -695410
897421 564626 289843 639637
312169 477176 136670 73864
14295 -176320 482813 372218
-762738 466218 118638 910922
-249818 864466 -468944 -940080
-375078 282499 4737 339691
-772665 -805313 541664 212578
992963 -219664 -659547 830955
224493 455290 79586 450163
162689 374714 -196744 878675
921355 -975676 91427 -990335
-556803 910153 624761 -991521
-246757 -482233 -74108 697830
551088 -929058 -966441 -412178
124991 -227046 -706733 412789
-370822 -567982 -793358 433589
127917 174945 -714374 -760645
-989852 -726824 -288573 -712678
265034 299798 603006 -1257
265980 -614036 -693069 679725
119438 -726042 -388060 470429
-608204 668295 -634400 -299446
-124762 845253 -416016 65592
265781 -132616 658265 713664
-706733 412789 632907 -539139
678745 -882579 -432314 181611
-762476 -736181 390016 652953
-552348 311390 149518 -774424
98591 -373263 -751782 -344574
-348867 120812 676757 373367
-63802 855124 -723599 789250
265980 -614036 -235977 409087
-288573 -712678 641386 -525988
-41825 110928 -650562 -544262
851438 -66740 867569 -262187
-375078 282499 -951402 845897
851438 -66740 -434095 -124463
-634400 -299446 -537965 -216848
596627 570673 -750613 -796949
-890403 379112 738517 170296
-745602 415798 -149691 -416688
245756 246703 -375552 -489457
-74874 255631 652726 557973
-146037 533059 -876889 -67618
971339 958795 641904 -770325
599743 254378 -226004 527145
516849 611577 907258 975128
-807051 -917565 -821196 779087
591970 973078 139413 803573
-72474 -201847 -415910 -795448
805925 -920645 692267 887866
-235977 409087 -633626 139166
256343 296057 -487602 876549
-805869 -155209 -835756 -642256
-490483 482243 433092 555691
878490 589964 133259 249246
718129 -685367 42567 332565
607940 234119 -807213 358189
571511 354759 -290724 265053
-193127 403117 -378179 -235581
3464 37692 525495 -337689
-964193 492339 74206 -988877
-375078 282499 -108501 741496
697254 317653 539246 -115276
940708 544872 575448 364816
84591 596430 521021 -52331
975569 757649 -655761 -619615
661520 724001 605816 261648
-651059 -288783 -950905 -194720
6553 262613 109338 -516150
-487602 876549 667250 50130
549239 472981 -609403 -168224
-592201 -501235 -564409 -600768
-890403 379112 -443798 -523563
-635325 -281673 288017 -573970
-247940 -867634 219667 58900
-412724 -524095 574877 520898
916753 -326723 302822 82721
51443 841311 -319498 715507
-262270 261872 439307 522770
726132 669956 854300 -503379
-625957 5809 -844634 -692229
-370822 -567982 444170 -925225
173136 165959 223113 -838774
285799 853691 -130829 -180368
-782713 459279 571905 623281
-210144 290912 145214 -895410
-363156 -189061 -211248 464244
-449517 -986934 504726 -694549
-762476 -736181 -807244 916616
-246521 707994 -53894 585491
907258 975128 612987 -502111
-530847 218749 826140 499691
-742558 -530039 660212 767606
367100 814899 901404 602808
877373 634566 656978 608943
109338 -516150 -84466 -942465
-312880 990936 -640962 850842
-782943 269195 -703210 -885006
609469 574093 -308402 767412
718129 -685367 -49704 -226874
-640962 850842 -531802 454719
265781 -132616 -86722 145307
892247 -731772 -703463 -180922
265781 -132616 974320 469890
-310520 603021 -641468 -702009
265781 -132616 532920 -109487
-857789 140195 -720752 881714
-290724 265053 456163 52794
-932599 252345 584285 -953541
-328882 -5237 -438684 -280322
98591 -373263 -824761 913040
-891055 -218958 744605 -583925
-173474 -957157 -32270 21129
-817452 -847568 -868835 831192
-221475 776573 -624792 -205951
-456606 873570 806526 -973530
-555047 672886 436550 290986
339179 406834 234533 30034
525495 -337689 -726488 586913
533407 615874 -427825 960339
-720752 881714 -438238 730312
255841 393496 117331 566420
44548 -654725 180093 -863790
326983 -175166 712354 559534
127917 174945 138788 360742
916753 -326723 546974 -422835
140728 -275747 -824099 986020
867569 -262187 -40895 -906116
592494 -288874 210203 565369
-964193 492339 -829044 -224137
897421 564626 818929 986593
840210 911312 -517294 -502361
-650562 -544262 957234 -689979
940297 -585439 -661152 494427
-41825 110928 -255765 -445526
493162 -58598 -551061 332421
549239 472981 -457282 738043
41116 245001 -86846 -329035
-272015 -348545 816759 -200995
206003 -728185 639844 825911
684576 710325 -671973 280749
907224 276135 -896880 637114
-740758 547065 226723 -279643
-333586 196694 -508374 -717146
-770916 199979 10984 -225508
268747 -382014 -598096 731315
725830 -962928 -81066 356837
-817641 -472037 663572 -911168
-164163 336663 -214177 -353130
-214177 -353130 -763760 884032
546650 -275227 -967582 480773
-65715 347861 116552 -310499
-650562 -544262 -435609 -200035
-967640 928105 672981 -444358
-635325 -281673 979547 447927
618853 338824 562529 794226
-789059 -930213 -201515 -864015
826140 499691 48739 -377318
667250 50130 552099 299464
-555902 -336888 588179 421307
-514559 199020 -398844 259876
-818008 836239 30463 -469533
-263417 -570696 -856455 -929401
270155 976087 279075 20960
91427 -990335 182630 24621
-390780 -589568 287868 205591
-587267 -514188 -919041 -664076
-967582 480773 270267 545332
326983 -175166 -817113 430984
-78051 -436181 18356 546859
-432314 181611 -751441 -111732
-531802 454719 -491227 -13333
-598096 731315 -784822 591431
521021 -52331 -505883 -557312
-831435 -905761 433956 667759
-223703 -240991 -15141 932717
-714374 -760645 691914 -644711
-199664 -680441 316364 556139
931201 -519477 -195635 890095
-212465 680481 -969666 760206
780466 -15381 204580 -225463
-967640 928105 -602429 -644140
109338 -516150 -806489 727212
641386 -525988 873089 -81059
-33781 538949 -170853 965958
-655761 -619615 348311 223150
-925150 -417976 -494352 -900830
133259 249246 -558224 -971541
333031 -44412 617433 -463589
-745602 415798 875806 161941
-452066 877145 288402 97218
-443798 -523563 191998 -808116
461768 -516457 -566381 -658506
-791671 -851176 910334 -240619
-663154 -539194 -829851 915403
268747 -382014 468997 610992
-612765 511037 955308 -307506
118002 328214 -878143 396788
897421 564626 83891 -236579
358630 -391458 385272 854231
-706733 412789 644481 -158354
265781 -132616 237910 -99722
248322 -800708 -131160 -985631
406959 520885 817620 -323696
-127690 628160 87443 -786736
-226004 527145 -22793 292671
902942 321280 470563 909088
661447 -940695 756203 -430060
995551 830575 -313785 310732
792492 430750 576865 151251
-384033 522668 836006 -817751
358630 -391458 338966 -591998
-807051 -917565 365589 771474
-129663 712399 -266505 -510279
-254377 -695410 803559 -972603
738517 170296 -198239 -946765
279075 20960 -555628 616466
487842 -897167 717244 867313
571905 623281 900360 384121
367100 814899 -84303 -129836
-182276 919659 -891233 681419
251984 -97983 152901 587529
723653 -681610 -218086 392400
-110895 -714970 -9348 -908855
-246757 -482233 467370 580143
-703210 -885006 -279412 470041
10545 286888 149884 34
-608204 668295 398529 131183
259316 -897119 3634 729000
878490 589964 842571 -712363
119438 -726042 510597 995209
228544 565976 -336133 -467724
574877 520898 695435 166710
280722 647170 -127945 -283797
289843 639637 -274420 180018
467370 580143 973094 -269819
717244 867313 -918246 -773542
-671973 280749 -524599 392159
-617847 347887 -605482 279868
-235977 409087 331914 -587098
-723599 789250 960531 410136
-885886 970760 837808 -525904
561276 -887266 141452 -797313
-856455 -929401 980607 -535256
-345909 -824215 -971540 -339525
-660633 -989176 70317 83860
530829 526748 -306473 871752
-587267 -514188 380485 -915557
470563 909088 -964729 -17607
-254377 -695410 519489 399558
173136 165959 -163800 80866
-512184 89169 381269 944348
-250186 -659230 -99700 884134
277137 -914654 635428 323963
519489 399558 -329816 687714
916753 -326723 -515705 149720
667755 -177728 -844033 302070
-587267 -514188 -536648 868854
902942 321280 573921 429606
-638260 -542844 250034 295068
98244 -292201 535236 -311032
-890403 379112 -325419 -305689
228544 565976 -191500 -970726
-946117 -42864 761565 285638
743931 -312336 -186568 -244771
840210 911312 629921 -178863
385272 854231 -561181 -252084
656923 -199342 974693 -133949
-451401 -114547 -862370 569411
789654 882723 -140467 335122
223113 -838774 450334 -786099
214697 -474269 -672836 691270
247612 605368 -668107 -363742
609469 574093 -661436 421547
124341 111895 -101253 34069
552099 299464 938765 -888760
359816 -983968 -705675 -249988
487842 -897167 -956191 -799177
656978 608943 429050 44745
-246521 707994 -913683 978944
-263749 432152 150253 725935
-149691 -416688 -270006 557053
-655761 -619615 922962 129390
-414490 187454 -513371 848222
-700352 903481 -715850 -423720
-41825 110928 799874 -421147
-198239 -946765 916680 -731811
61461 -359218 -247523 -410094
433956 667759 -947467 -846393
641386 -525988 -82800 -418690
-946117 -42864 632866 -420183
-608204 668295 958751 -702529
-862370 569411 351381 -192705
-221532 265147 -871435 71501
-791671 -851176 974853 519951
406959 520885 97274 -983971
-348867 120812 497968 -662645
-182276 919659 240256 531567
562529 794226 -582963 165816
-829851 915403 -706634 670467
803559 -972603 950618 246901
-74874 255631 -180220 -69152
951102 -510412 407675 748855
18356 546859 687771 292384
-724180 -846719 -506739 -35923
940623 -97583 69909 216764
-774822 31292 -769488 498786
-432314 181611 -923128 -5213
-247003 -830434 621719 -195875
806526 -973530 -837140 278363
-196744 878675 -905795 -629320
-805869 -155209 938884 502007
51443 841311 654985 375074
-182276 919659 -424454 -625209
-182276 919659 370457 349748
-720752 881714 -653609 33625
64121 432813 -784457 -527068
495120 -251596 -516417 -765046
538344 -523275 -948928 872251
-65715 347861 663945 -345740
723653 -681610 -581092 524579
528130 125455 435349 -286378
654985 375074 348063 381467
-865868 -171951 -346018 -717267
-556803 910153 20779 -792247
-215995 -799701 525713 571806
-969666 760206 -709591 308391
30463 -469533 -461801 -56614
-86722 145307 515785 -494750
-237748 980363 -828834 -984234
348311 223150 337645 -370827
872059 394700 591746 500301
-905795 -629320 200828 730317
916753 -326723 -920009 763821
663572 -911168 -900686 -581399
133259 249246 -957235 78141
398529 131183 562464 -294885
757710 848810 -160637 260900
-103498 737817 229396 -315195
48739 -377318 417897 -509264
817620 -323696 59146 796375
-806489 727212 587286 834549
-552348 311390 -709135 -624926
3464 37692 53338 175326
-84303 -129836 68126 938280
971339 958795 380161 122081
-182667 -113949 918704 -996568
587889 -289397 -1291 907478
6553 262613 297718 -934924
107585 731709 -475219 -497695
635428 323963 -223825 -840644
618853 338824 -886767 783633
720607 -835223 331000 577590
259316 -897119 -87373 592801
-650562 -544262 -118257 900012
656923 -199342 -701176 -453635
-951402 845897 193248 852495
-564409 -600768 -348315 941856
-938567 40811 150047 901477
-832831 172153 138214 144663
892247 -731772 -397989 593965
654985 375074 782888 -404075
98244 -292201 238680 -670652
-434095 -124463 -155210 885011
842571 -712363 321599 650281
351648 142480 -716041 -619893
-223703 -240991 747097 562474
-535291 297375 -233947 -712079
-957235 78141 -830820 -827693
977397 -839441 776770 44372
530829 526748 -490361 377557
731309 424426 807989 -546508
-38695 -288469 237665 -739601
-424454 -625209 551904 -38593
470563 909088 547620 284014
280722 647170 -23164 -441928
-158841 -901454 -571250 531616
984756 111665 -368099 615342
223113 -838774 -673140 726000
-957235 78141 -664148 -759658
-592201 -501235 654829 -331184
918704 -996568 245845 729080
333031 -44412 -486738 -70396
285799 853691 366480 422439
868879 172196 -393016 385444
461712 -230293 919352 582695
-663154 -539194 605824 449429
-269261 -964736 931778 -794002
268747 -382014 -170852 74740
-210087 -687442 263720 30628
-235977 409087 418099 243663
994932 -436406 980641 317225
756203 -430060 97231 703880
-515658 971905 886351 814963
228912 -91319 508856 166168
-714374 -760645 910690 -481122
116552 -310499 -263091 887799
-769488 498786 508968 220756
806526 -973530 -583489 -590494
-106482 376833 -850245 651867
401382 414670 658013 840848
-1291 907478 878820 982753
138788 360742 -760895 -490147
61461 -359218 -196717 -544403
421615 36297 36284 301696
-789059 -930213 -453334 254764
-453334 254764 -361187 125650
30463 -469533 399904 -221796
-163800 80866 -21940 -553264
421615 36297 -894765 262997
618853 338824 -812044 937301
761565 285638 315153 -829233
109338 -516150 -540283 -508878
-242514 -154673 69699 506055
223113 -838774 -354095 755538
-841714 -737141 33713 -444398
493162 -58598 707422 569634
-15141 932717 658667 -268887
757710 848810 292291 702513
919352 582695 -650954 -246495
217438 664665 507021 663346
-348867 120812 597495 635912
720162 -858603 -90228 176318
873089 -81059 -594673 -714848
-594480 42193 -401618 211088
-527107 -3151 147774 -462496
940623 -97583 102299 -833674
656923 -199342 -187376 -476144
-873745 -182405 298985 979268
-170852 74740 -535851 -683581
-279412 470041 -389680 253604
-438238 730312 -454692 572882
618853 338824 985730 -59141
-435609 -200035 -794916 780314
-508199 -341548 -653764 -666141
-180220 -69152 -553318 733173
-312880 990936 -545496 746315
50887 578664 121110 -529039
654985 375074 249253 -736331
843568 -841517 -134261 -206263
692267 887866 -924689 -441085
757710 848810 -487554 761700
193248 852495 653103 -948226
867569 -262187 32738 325318
586073 -894816 -918546 -908785
598705 -450443 73280 -989246
772284 871974 -569346 -59094
246482 -293639 129415 -216921
940623 -97583 -864762 896184
-957235 78141 -799641 -104302
-799641 -104302 -200709 -318228
872059 394700 74136 -322691
-824761 913040 338927 189924
977397 -839441 -68251 873219
658013 840848 -443135 504386
840436 -732413 -643074 127109
-758245 -71896 -446722 -18027
-398935 -431833 987001 804117
455561 -255117 -952700 16687
61461 -359218 -811815 541957
832803 -588488 -967234 -414245
950618 246901 486829 -487508
265781 -132616 -639073 495202
-33781 538949 381621 -217620
803559 -972603 -245372 534317
-318954 852712 206791 449483
-205764 -8663 817728 -252483
-106482 376833 -431845 -347825
598705 -450443 908434 -417756
-617847 347887 -426299 49289
532920 -109487 146791 125581
599743 254378 -751102 -38189
223113 -838774 162325 147329
-806248 -283166 995699 28942
-196717 -544403 -809576 668737
124341 111895 978257 -762958
-329816 687714 45842 -309332
-891233 681419 299408 -309859
-247523 -410094 536458 -809487
219667 58900 287713 754439
900360 384121 69411 477755
-616590 -23431 -202000 -507902
-242514 -154673 -856752 188678
919352 582695 -239610 389192
664147 903729 415922 -742001
-938567 40811 155467 -368936
-329816 687714 -275353 44972
931778 -794002 -404153 812338
326983 -175166 938076 -706660
-289259 261925 51533 -299872
133259 249246 -335081 350398
-421218 -963859 -11063 466552
768933 577921 -114703 754653
978257 -762958 243785 -522653
817620 -323696 -4229 603089
878820 982753 765062 -418282
510597 995209 535586 -346593
-375078 282499 -446390 334380
-182276 919659 165566 322922
605824 449429 -385898 -855366
-385898 -855366 864161 64725
-782943 269195 -325506 -884944
943595 -640799 989039 -363878
-246580 -483580 -678851 -490745
-742558 -530039 -171327 954837
-414490 187454 586996 -174119
456163 52794 -626224 -655320
-993772 -910034 -560294 -682710
-190996 980707 -903788 974148
147774 -462496 960399 -554783
-350793 363241 417001 -473514
-274338 704110 5896 -665795
48739 -377318 -308275 -653910
905685 326028 -239237 604899
-190996 980707 -712231 -555195
-310520 603021 -737932 906818
-789059 -930213 -195569 353459
18356 546859 -257907 832560
639844 825911 -377686 49821
-182276 919659 419059 -723880
-63802 855124 679581 131522
535236 -311032 -96423 -52902
672416 125441 -453763 827699
-386284 449797 349828 -881680
-211248 464244 -875060 901453
-588034 162217 614772 -778293
340987 976105 -633966 444282
185620 619539 65917 981287
-431845 -347825 491766 -430388
-742558 -530039 898793 -514501
980641 317225 971454 -183772
433956 667759 984477 309943
-560294 -682710 645367 -103493
-964193 492339 329859 -547259
-786819 -576741 559404 910237
510597 995209 119140 166686
-72474 -201847 22796 978197
79586 450163 -609273 154154
406959 520885 -411400 -879244
-588034 162217 -234912 784873
366480 422439 987536 981172
539246 -115276 -699785 557217
-758245 -71896 252841 -651506
-527107 -3151 -330577 -729853
169067 30974 948633 393251
-682639 981347 -971987 657336
65917 981287 -580528 768666
905685 326028 -219760 262618
898793 -514501 230909 -449643
586073 -894816 300717 690776
-605482 279868 -279333 -725840
720162 -858603 173405 426969
-551061 332421 -335696 430887
-545496 746315 324552 229895
761565 285638 -736397 146782
-806248 -283166 817414 -777205
293807 -927880 849454 533874
-919041 -664076 804168 502528
-832831 172153 497579 704999
-891233 681419 586901 -964332
-239610 389192 -915221 -667432
-891233 681419 663761 -761083
349828 -881680 -228172 -844039
840436 -732413 -835436 -225323
603006 -1257 101470 -190688
32738 325318 -133043 539212
-598096 731315 -704170 655582
138214 144663 -268697 -745876
-23164 -441928 300771 129074
-86846 -329035 -168638 -974024
348311 223150 415675 -397972
974320 469890 997553 907800
922962 129390 -595001 662430
270155 976087 -20515 -572933
-714374 -760645 -834949 -804314
119438 -726042 -907239 -605808
-706733 412789 622517 798775
-650954 -246495 159554 -81539
-182667 -113949 -922197 -982056
816759 -200995 -647727 863550
247612 605368 490695 -650589
955308 -307506 924219 -236080
902942 321280 -90124 -693101
-703463 -180922 -537453 327286
-312880 990936 -636536 -21769
-168058 895672 729764 -943683
-679709 744240 -437024 752276
-171327 954837 900638 -364539
816759 -200995 -712556 -761575
-829044 -224137 427526 454790
525713 571806 -654322 -312130
-140467 335122 185235 -760488
898793 -514501 -361661 812391
-556803 910153 -513247 173447
-266505 -510279 -751966 429158
-592201 -501235 -886206 114931
487842 -897167 513599 706080
836006 -817751 -962024 707542
744605 -583925 332339 171434
-633626 139166 320161 428497
-775849 848651 -561143 -483805
667755 -177728 -748390 847056
814138 -148770 -325865 324997
818929 986593 957281 -144361
804168 502528 -404713 238844
-223703 -240991 254490 407997
-791671 -851176 -256639 -398659
-239237 604899 272006 -760470
-553318 733173 -280060 -487012
607940 234119 506021 365263
-835756 -642256 -350514 719639
-255765 -445526 -718388 831957
806526 -973530 -815310 694743
-609403 -168224 525925 205900
-386284 449797 213704 229240
-453334 254764 531278 -713058
42567 332565 -672119 -187971
-323757 877184 -112656 -268695
-806248 -283166 -591196 121440
247612 605368 -498378 325293
-964193 492339 -696609 -770053
-809576 668737 -167740 -30597
784074 -950009 318786 -767940
-147061 487915 307054 952345
297718 -934924 -86424 99756
907224 276135 607674 794322
931201 -519477 807773 34547
997553 907800 534041 147867
-724180 -846719 -706816 922380
-948928 872251 110905 -772768
390016 652953 -31489 63224
-11063 466552 -490577 646632
-160637 260900 627632 680711
219667 58900 -79252 -372398
938765 -888760 207086 372259
116552 -310499 420320 725437
-784457 -527068 281637 670384
116552 -310499 825451 -546527
533407 615874 464617 758432
-748390 847056 -447267 -129251
-967234 -414245 -989528 259280
101470 -190688 989259 790559
-263091 887799 821465 -221182
249253 -736331 156571 -717298
931201 -519477 -482726 -441776
-703210 -885006 573149 -412313
415675 -397972 -756398 -48194
-94428 455815 314176 -983443
-946117 -42864 -630576 -188805
-427825 960339 -446470 101399
-443798 -523563 559680 -900169
586073 -894816 -830718 761451
165566 322922 -765794 991776
784896 -826360 -299535 -185089
-84303 -129836 -780141 129075
-706634 670467 524494 563019
974693 -133949 922876 -4268
712354 559534 229311 -27714
-750613 -796949 305921 175226
-745602 415798 -210680 608249
480163 523628 52786 805876
-829851 915403 -958038 278182
89569 -115131 884519 858444
574877 520898 -987459 -814453
980827 346312 -244239 462510
487842 -897167 -617209 -657095
-681531 696010 696178 -839881
53338 175326 58625 719013
591970 973078 784319 733044
-784457 -527068 191727 879986
514517 -358461 -483811 -850907
467370 580143 527712 -359170
74136 -322691 -742268 513661
-871435 71501 -233352 -718984
599743 254378 -612838 489884
121110 -529039 -848990 950
324552 229895 -271374 294501
-354095 755538 969683 -754777
515785 -494750 41511 859370
-929816 -25732 844832 -999473
-508199 -341548 -694490 -342098
661520 724001 753708 516412
51533 -299872 643119 286505
-756398 -48194 -541253 -404305
901404 602808 515068 -667558
849454 533874 -704744 683958
622517 798775 -394967 574646
855292 763535 464843 590950
-971540 -339525 -448533 -20059
-487554 761700 273259 -755258
229396 -315195 901557 -150549
-274420 180018 -601339 -561622
782888 -404075 -985614 -917176
-900686 -581399 -780892 732971
-967234 -414245 986621 -796683
697254 317653 -832575 586494
-555902 -336888 -535391 -934524
-404153 812338 -611492 -225734
32738 325318 96764 -201308
-325419 -305689 -849495 154753
150047 901477 967295 -22242
-313785 310732 379630 811756
-594673 -714848 133300 455568
940623 -97583 98298 -507173
-726488 586913 309214 233745
-108501 741496 703585 -868458
-187376 -476144 11190 -933344
339179 406834 140956 16192
352890 261406 -915807 674583
-622799 523990 -497868 -222366
-78051 -436181 -334343 -626279
-71072 -87077 -557984 586124
347064 587504 949057 412616
45842 -309332 872521 -374657
967295 -22242 905809 764548
-23164 -441928 -13879 -901064
-540283 -508878 -14345 -410078
331000 577590 244379 687778
574877 520898 -485078 903795
-210087 -687442 -227259 -73462
-742558 -530039 78521 -268628
918836 546976 -604782 87028
-361187 125650 145020 428923
314176 -983443 658566 720332
-793358 593660 -890825 -848180
967295 -22242 -460996 -670378
118002 328214 -467932 808803
-279333 -725840 -70896 198695
-310520 603021 -45114 -709963
-751102 -38189 500568 -316921
-535391 -934524 -246148 -596217
314176 -983443 -957176 567754
977397 -839441 472935 536166
-580528 768666 -272268 750853
-751102 -38189 -52799 689028
-751441 -111732 -71591 -489304
-205764 -8663 74421 -13890
551904 -38593 -204783 -727823
62878 -368166 326059 -562830
832248 435378 181176 -996084
-250186 -659230 921317 700166
-967234 -414245 -117231 -415651
-233352 -718984 -631340 902869
64121 432813 -208735 753688
-520453 -838965 -653180 -388689
209439 -940030 438025 572224
974853 519951 -136295 16672
314176 -983443 -451853 -672586
-33781 538949 -174759 19925
-715850 -423720 338511 -234502
629921 -178863 513785 776734
51443 841311 -864749 582005
450334 -786099 -964175 -545706
359816 -983968 188555 -69299
-678851 -490745 441753 -58121
991853 864072 -352491 968955
-597023 -647752 -706569 888244
117331 566420 878950 -859115
-817641 -472037 -290928 323717
-163800 80866 -392808 -430635
51533 -299872 -296756 359194
574877 520898 -449124 824319
720607 -835223 6091 549278
270267 545332 65149 -945413
-63802 855124 784430 218370
11190 -933344 700151 105078
-515658 971905 716248 184651
-720752 881714 52186 512582
-508374 -717146 -378714 -634693
656978 608943 -697454 958854
436550 290986 666621 -605733
139413 803573 -68545 827843
338511 -234502 544404 -944544
-1291 907478 -136522 153053
-564359 -593122 -30368 -857780
-561143 -483805 692801 97053
875806 161941 -238610 -431613
519489 399558 -355656 -462113
133259 249246 109932 -867097
287868 205591 411704 -658892
-635325 -281673 -619705 -490610
-817641 -472037 855949 912168
-703210 -885006 204377 422073
314176 -983443 147056 853313
991853 864072 263963 252426
98591 -373263 -564263 -212631
-891233 681419 47699 -890082
464843 590950 -173451 376169
96764 -201308 109165 -335930
-681531 696010 120823 253358
-715850 -423720 -408370 -159309
-68251 873219 325453 31568
652726 557973 999714 928827
117331 566420 -319291 -994063
641904 -770325 33130 -76803
358630 -391458 -501222 775807
252841 -651506 -691986 -785170
681511 -694636 -414453 -691677
-780892 732971 -720596 -998764
-290928 323717 -464536 677747
138214 144663 70115 -427539
586901 -964332 -104652 -568717
338927 189924 -581486 -399066
293807 -927880 -774608 515355
316364 556139 801476 833278
385272 854231 -966541 -454672
-987459 -814453 -714790 -775964
-982325 17571 157593 100070
-173451 376169 -94104 -694618
-394967 574646 871137 759676
-659547 830955 496725 249303
-483811 -850907 216385 622721
-609403 -168224 58802 -109573
-706634 670467 -230372 347202
-514559 199020 856635 321820
-706816 922380 -584257 726601
-149691 -416688 -882394 197755
-368099 615342 -525460 801998
967295 -22242 638419 -58893
513599 706080 -415276 835141
854300 -503379 -41771 475016
712354 559534 -127974 7766
-453334 254764 130345 -193231
243785 -522653 -992800 82749
450334 -786099 982077 -962360
210203 565369 -48738 251949
-742558 -530039 220105 -142824
337645 -370827 -836777 473252
817620 -323696 944411 26722
-553318 733173 -299807 453874
165566 322922 -756672 -550321
300717 690776 -71342 71367
20553 -848092 634414 909847
-249818 864466 -829995 -925078
664147 903729 -632341 -621716
-361187 125650 834829 -821199
-266505 -510279 523984 -788615
995551 830575 -131886 -316245
117331 566420 -930476 289160
-340683 -242665 -568217 -609790
974853 519951 57996 -932936
878820 982753 861320 784303
586901 -964332 336328 -263949
-682639 981347 82306 -747843
-864762 896184 904845 -489646
851438 -66740 515212 -187642
-899402 -341194 -755575 -606815
-288573 -712678 -746597 -300244
703585 -868458 -611228 12621
6091 549278 676098 -105531
993789 40432 836260 722749
110905 -772768 485894 -700352
-915221 -667432 293585 199787
661520 724001 135494 677123
385272 854231 -533350 396849
87443 -786736 664204 -789258
273259 -755258 446094 -197992
654985 375074 -904587 -184963
245845 729080 734933 -647076
-464536 677747 -53858 -518584
-551061 332421 718083 427198
185235 -760488 -151174 815608
-608204 668295 -261081 778856
79586 450163 -745931 983907
931201 -519477 -441351 -363247
960399 -554783 778635 374621
547620 284014 13602 22779
-609403 -168224 -173551 434748
855949 912168 219656 -843805
-569346 -59094 515382 -585471
940708 544872 212965 -367800
204580 -225463 -230812 -922058
676098 -105531 887109 123232
-784457 -527068 -575666 -841862
41116 245001 -856825 940291
-318954 852712 511118 135289
-501222 775807 -899116 733687
-223825 -840644 -625333 80063
-737932 906818 -519385 378506
-325419 -305689 -391789 -291123
433956 667759 357462 -661439
-929816 -25732 694261 771718
249253 -736331 -791995 281183
268747 -382014 884970 998792
169067 30974 -479691 445425
982077 -962360 622297 735550
-501199 -542627 98396 249372
-127945 -283797 477682 370496
-647727 863550 403670 309383
-84466 -942465 -953850 -741477
496725 249303 -210553 -286133
661520 724001 -668921 944513
497579 704999 551883 -345423
-306473 871752 -279814 -144556
272006 -760470 925198 -604311
-204783 -727823 891566 -719783
-104652 -568717 643000 357414
-377686 49821 952227 -928530
967295 -22242 982240 701190
320161 428497 -244421 418907
-784822 591431 -607828 -882710
-795513 -383566 229070 752164
871137 759676 -553759 539444
-659547 830955 383879 -858837
-71072 -87077 222831 -864497
-391789 -291123 -188347 -853936
-840734 -726847 -839659 483808
120823 253358 -353750 2727
-953850 -741477 -6679 -759048
-160637 260900 555946 365325
280722 647170 -404173 71007
784430 218370 -513522 833145
-411400 -879244 447779 98195
-506516 304848 -948622 953370
-551061 332421 352376 -678919
608099 451820 452556 575062
169067 30974 669135 527321
351381 -192705 902523 -242372
-894765 262997 -343916 -433500
877373 634566 -687920 411307
514517 -358461 -525213 -948060
-581486 -399066 175336 158279
252841 -651506 -90129 706118
873089 -81059 257290 -938706
905685 326028 585968 -366813
120823 253358 -93710 -832086
69699 506055 889370 380412
38114 -988817 -806660 -957492
22796 978197 339534 -190996
-568217 -609790 -939781 -258307
214684 374080 82981 -774185
949057 412616 -904468 -757738
603006 -1257 463545 933667
69909 216764 -793740 12657
-992354 926632 -973876 996853
-742268 513661 668086 -322750
-136522 153053 -290594 973971
-86722 145307 -533029 387767
-964175 -545706 680532 -61956
551088 -929058 -65143 677290
-899116 733687 -367167 -720983
539246 -115276 862245 863018
-325506 -884944 -193109 310896
-581092 524579 534874 -650215
549239 472981 160732 561844
-584257 726601 -200149 -144363
45842 -309332 -714353 -587614
444170 -925225 855965 446552
110905 -772768 194825 -790390
-136295 16672 -523990 -570128
515212 -187642 -987093 881267
641904 -770325 -890219 -602848
191727 879986 396011 506023
667250 50130 320957 -992563
878950 -859115 377889 -190084
-826025 883403 417401 478748
118002 328214 261197 958711
98396 249372 787674 -99519
320161 428497 456223 23148
-672836 691270 -923111 772924
-158841 -901454 25967 -836416
-564263 -212631 -76577 527443
-958038 278182 363363 -417803
220105 -142824 -400059 -721180
109932 -867097 103840 -799993
13602 22779 -541432 -656995
-708562 756462 897100 777300
627632 680711 -278171 -345694
-903788 974148 -341363 -264835
-258 637148 -315698 184341
-447267 -129251 -182569 107115
-244421 418907 -88483 -498223
-133088 118475 231016 800947
-693069 679725 94028 -742340
-967640 928105 153808 861396
948700 -854264 855637 -129557
-668107 -363742 -348542 -526541
658667 -268887 359488 212965
534874 -650215 523477 -253157
-90129 706118 259031 -513375
-446722 -18027 570574 -850685
-412724 -524095 -813412 555737
162689 374714 -387122 314166
59146 796375 282948 682621
3634 729000 819674 979465
-714790 -775964 32435 -334733
-180220 -69152 129990 -591989
-90129 706118 -733075 160724
-723650 -494367 -400113 -839934
326983 -175166 13314 614958
603006 -1257 211904 -505192
146791 125581 -234888 -583463
-967582 480773 405059 -653592
667250 50130 923854 -622951
723653 -681610 -682557 -692805
11190 -933344 -328925 210635
-836777 473252 993428 667225
-950905 -194720 -822177 -676941
-390780 -589568 -107586 373831
-228172 -844039 -967538 686994
575448 364816 -258587 667574
-984005 -537325 430760 580036
-230372 347202 268891 -315763
-640962 850842 -854934 -70222
-333586 196694 224826 -279464
-760392 887644 480386 -47841
-368099 615342 639992 536671
127917 174945 -215292 680734
-498378 325293 354138 812084
995551 830575 948143 910400
61461 -359218 134544 878347
700151 105078 -65580 -894911
65149 -945413 420232 -305403
383879 -858837 343166 -480287
74421 -13890 210071 651188
-182667 -113949 727838 -790233
-481322 -794776 74063 -622676
-617209 -657095 682211 313944
250034 295068 -602266 -507831
528130 125455 297818 463860
886351 814963 684303 -938540
566768 136513 29216 -987173
52186 512582 -181835 -634428
599743 254378 634696 356564
667250 50130 -731765 919427
-515705 149720 289547 902348
-626224 -655320 986567 520826
44548 -654725 861216 -20658
922876 -4268 -704725 229358
-774608 515355 -913783 -987642
692267 887866 557102 -494623
528130 125455 -949797 395864
-40895 -906116 481943 -817870
725830 -962928 631622 966592
352376 -678919 886256 848286
141452 -797313 -911716 148725
-187376 -476144 -984988 -157286
-490483 482243 -497255 -688866
-375552 -489457 323333 448390
-581486 -399066 938759 294908
191727 879986 -838368 619582
211904 -505192 611276 113350
-535291 297375 57477 90145
-900686 -581399 -791070 -588044
-438238 730312 322168 -309399
834829 -821199 -673608 439989
119140 166686 51574 147712
468997 610992 -684033 -278384
-938567 40811 472726 940933
-904587 -184963 -924582 283784
-343916 -433500 -392248 -890466
541433 741129 -100963 51351
-918546 -908785 838842 235360
697496 -84957 765100 -595991
-715850 -423720 688893 -357772
534874 -650215 493768 244476
-74108 697830 -111612 -948122
162689 374714 810534 486239
504726 -694549 -215805 458933
-328882 -5237 967787 24823
-186568 -244771 488654 -869982
-598096 731315 -511767 -124799
632866 -420183 448992 -820406
-633626 139166 -543857 347891
-506516 304848 -665260 777240
-508199 -341548 318249 956648
666621 -605733 529445 -117041
743931 -312336 855691 41763
497968 -662645 822501 -12987
-878143 396788 -316940 896546
778635 374621 -806930 520624
743931 -312336 -311615 -283336
-414860 114010 488998 552363
-414860 114010 720854 -860016
872059 394700 651168 -108215
188555 -69299 -910937 904519
-261081 778856 999192 -755338
331914 -587098 682009 -954323
-619705 -490610 -211141 367292
-414490 187454 -761448 -529859
488654 -869982 -592703 -352876
-444787 -696535 287133 279870
261197 958711 -136248 -581596
622517 798775 -257441 399476
-355656 -462113 -96126 932475
119140 166686 -539998 846522
-174759 19925 50970 -72377
-389680 253604 233819 275197
-663154 -539194 -21927 -393055
-864655 -635618 552574 112232
-65143 677290 -921789 301802
-899116 733687 967938 -52514
784896 -826360 383450 569222
-511767 -124799 -218306 -615435
53338 175326 915725 670457
277644 -116421 54025 778553
607674 794322 -796201 822682
-530847 218749 533420 -641395
332339 171434 863360 -136069
231016 800947 280345 -578137
352242 340584 -265673 -735405
-823506 -655304 751120 -589339
849454 533874 657652 -922611
433956 667759 43606 -749344
997553 907800 908367 -706733
863360 -136069 739223 -315412
149884 34 376457 -975056
-196717 -544403 -233951 -944703
185620 619539 51428 43104
452109 -379230 219374 644662
288017 -573970 845850 -313956
780466 -15381 515332 -525813
-957235 78141 679620 -705699
482813 372218 -361745 67083
-809576 668737 -612880 570446
411704 -658892 -625197 -902575
960531 410136 226312 -933390
-316940 896546 -409541 -312031
-96423 -52902 571473 346234
464617 758432 994749 604332
-655761 -619615 895514 -84316
304438 -206299 605668 964427
-770916 199979 -481153 -545193
14295 -176320 199489 94661
-555628 616466 -16580 998011
513599 706080 -256224 246354
680532 -61956 583146 -507655
855292 763535 701003 -667933
803559 -972603 743173 466832
-516417 -765046 -62664 653211
-146037 533059 -203910 -481776
716248 184651 -486686 -17690
948143 910400 28187 389019
-65580 -894911 -988714 699902
-987459 -814453 796787 -845599
-668107 -363742 -307918 201613
-136248 -581596 -643553 -32238
307054 952345 331931 -523376
79586 450163 -634107 310106
94028 -742340 -338474 -458676
-505883 -557312 -342446 65118
680532 -61956 -711855 -425894
987536 981172 735115 -687980
-203910 -481776 694114 -885836
429817 -854587 352018 365808
109338 -516150 -513151 -736376
481943 -817870 185976 333766
280722 647170 -581464 -620772
321599 650281 -618109 464320
611276 113350 532990 551644
515382 -585471 353285 -857482
140728 -275747 915680 238091
-118257 900012 -297160 368444
83891 -236579 487137 447741
420320 725437 393533 642209
950618 246901 421468 -408073
571473 346234 136514 353266
399904 -221796 -544438 -512829
57477 90145 587462 -358499
-416016 65592 -51508 -4752
940623 -97583 -50051 394262
247612 605368 -803510 711868
-244239 462510 618018 320189
-795513 -383566 300911 163672
-212465 680481 -919122 -353625
-280060 -487012 -329496 -259945
300911 163672 279900 -142119
-174759 19925 60908 -634101
-623966 745014 459578 321370
-951402 845897 -470556 421948
-256224 246354 713786 -94370
855965 446552 434122 134633
-751102 -38189 163956 -964777
603006 -1257 -89743 -441945
-452066 877145 -314883 597115
534041 147867 -61412 764096
-103498 737817 -215093 423465
-21940 -553264 639903 -981539
-415444 -308169 -815362 -590854
822016 -721445 -731532 948233
-910937 904519 197047 135297
316364 556139 -300727 -800442
372393 341009 -571686 -648831
592494 -288874 -427617 -52735
-798345 -543797 734332 -8218
867569 -262187 -127966 -224816
-308402 767412 803433 442058
-74874 255631 -33016 -984303
897100 777300 634507 -228815
-709591 308391 -456748 820498
-919122 -353625 -833130 -694543
139413 803573 -703667 510951
-279333 -725840 -628826 88843
-72474 -201847 -523087 -372035
-211248 464244 -448791 233357
-597023 -647752 -327983 496405
348063 381467 -692189 231555
-639073 495202 -351545 -96346
349828 -881680 611454 421590
-817452 -847568 -582672 938213
214684 374080 -114642 -620875
663761 -761083 428740 -804446
535236 -311032 -630546 451606
-498378 325293 546301 -69451
153808 861396 400020 415835
-700379 -453178 156701 90741
-168638 -974024 -769246 -627436
552099 299464 -365148 -260836
421615 36297 581878 273438
162689 374714 -661832 -277765
-352491 968955 -344769 -117930
-388060 470429 -357613 -574955
279900 -142119 -282208 162000
-353750 2727 327722 -639611
634414 909847 504383 -59140
971454 -183772 193198 534549
-414860 114010 -125316 966058
-180819 -720062 417037 736098
-361187 125650 538409 146353
229070 752164 -834410 -443459
-623966 745014 -866370 -780835
62878 -368166 608539 -131982
924219 -236080 -500356 920967
-392248 -890466 -482624 566946
-580528 768666 411309 -414366
806526 -973530 -317176 502846
-88483 -498223 -903977 -614383
967295 -22242 809403 927966
-624792 -205951 -812577 -992587
611276 113350 101211 -247595
421615 36297 713099 -675383
682009 -954323 775219 394893
832248 435378 -239764 254041
-72474 -201847 924606 359442
-446390 334380 559004 -897134
-967538 686994 -53943 -202065
-307918 201613 12515 313415
-491227 -13333 238660 -969547
940708 544872 -982464 273381
944411 26722 64063 269925
-173551 434748 569143 293096
842571 -712363 -164482 501321
863360 -136069 -780900 656600
-256224 246354 853026 -128386
-663154 -539194 614569 -945910
222831 -864497 -710549 785201
5896 -665795 -372124 -881746
219667 58900 516490 -840694
-899402 -341194 -342445 851348
853026 -128386 786659 996370
419059 -723880 85423 -804226
541433 741129 -528253 -646437
-782713 459279 136621 96733
-834410 -443459 989215 -565421
-938651 -744024 -299109 -462743
-498378 325293 142606 -154052
121110 -529039 449940 952681
-234912 784873 -186598 -582343
472935 536166 294548 580508
528178 259239 780954 212569
994749 604332 -401046 -585228
-774608 515355 -846091 847519
74206 -988877 -480205 809133
-168638 -974024 958124 -443290
-762738 466218 248342 879575
-948622 953370 166127 410948
83891 -236579 71934 762890
-299109 -462743 -784438 249780
-464536 677747 125938 -368862
-343916 -433500 -408776 -862660
376457 -975056 -84473 -998150
252841 -651506 -290852 -742848
643000 357414 222890 -850706
-342446 65118 -599138 -567902
94028 -742340 871840 -579234
-290852 -742848 -5174 -623213
837808 -525904 674822 79088
352890 261406 49476 -971144
832803 -588488 558463 -146444
960531 410136 -505536 -687683
-212465 680481 465995 456067
-168638 -974024 -279405 300329
658265 713664 -246610 -752455
-817452 -847568 52288 84904
-605482 279868 263553 229568
110905 -772768 628726 -965297
-663154 -539194 888651 -897971
6553 262613 -685815 -860155
-784822 591431 -961821 -80875
-480205 809133 -267250 -374527
-487554 761700 37996 454427
-6679 -759048 -575836 -935746
297818 463860 -184638 204131
-733075 160724 534168 205551
765100 -595991 -289115 -546601
-616590 -23431 535921 -547123
-158841 -901454 105350 -208955
181176 -996084 377355 -753166
888651 -897971 972728 399244
-374603 -117840 955775 -399468
287713 754439 -835956 -697859
-188347 -853936 -399532 879774
905809 764548 19991 -768614
840210 911312 -296669 564662
363363 -417803 -123098 -836779
668086 -322750 -16527 -838736
-338102 -622609 -374264 457627
461712 -230293 468059 101871
268747 -382014 287841 -182358
332339 171434 -482881 -737431
-389680 253604 897765 734365
-182276 919659 819404 -18094
300771 129074 -868824 -65360
-106482 376833 -366548 17150
155467 -368936 -855112 -866524
-68545 827843 112309 -204519
631622 966592 -426658 -214306
41511 859370 954990 911103
-513247 173447 718654 -687590
-835756 -642256 -766572 -987616
351648 142480 -994693 -626589
-299807 453874 537928 945763
-263417 -570696 480103 -71529
-438238 730312 873357 952247
-684033 -278384 -603248 -730358
52288 84904 535615 -851601
-262270 261872 -284660 681132
-149691 -416688 -228239 -213840
559680 -900169 -809191 163216
-82800 -418690 -358966 -862740
-795513 -383566 751679 160647
-882394 197755 -133026 359521
-327873 680405 -905581 -962398
-490577 646632 -242618 247914
878490 589964 -717416 -263842
-581486 -399066 -430707 442352
65149 -945413 -852454 -316904
886977 146950 -620948 -524598
-211141 367292 -295382 988711
-435609 -200035 -9778 -824154
-202439 649147 66547 209592
-619705 -490610 820703 324970
-221532 265147 -828296 -676331
-133043 539212 217980 169871
-279814 -144556 -885649 -800353
27563 958882 113095 944689
621719 -195875 356301 500721
-500696 -883362 -925450 596534
152901 587529 -51985 -772211
-342445 851348 -132573 -767724
545636 832115 -369508 886670
713099 -675383 150961 -132767
892247 -731772 777854 -387976
491766 -430388 126287 666123
-53943 -202065 -738080 -759387
-149691 -416688 758829 945309
3634 729000 493404 -437145
910053 786410 340374 708283
-856752 188678 762158 -691173
605668 964427 849582 -245349
-79252 -372398 75842 -54623
-386284 449797 596284 -498986
380485 -915557 72764 312640
958124 -443290 552688 961706
-581092 524579 350456 -995308
-905795 -629320 -564320 -564688
960399 -554783 -156632 -577595
-982464 273381 -596701 637318
-549488 954093 655680 -219264
-922197 -982056 -143550 610117
-817641 -472037 -460771 301261
700151 105078 912391 485927
889370 380412 -549901 -795422
-594480 42193 -49368 899360
851438 -66740 -788962 -364315
856635 321820 310398 -661364
220105 -142824 -297778 83714
-107586 373831 -143792 -548929
-864762 896184 -49970 -875064
515382 -585471 218119 641579
-6679 -759048 343224 -419974
534874 -650215 26002 -186653
-868824 -65360 -180402 -899851
428740 -804446 -191254 291374
-605482 279868 156720 -995330
124341 111895 218774 939222
-813412 555737 688179 872871
557102 -494623 445043 399101
948700 -854264 810746 269113
-755575 -606815 732784 -925352
138214 144663 640402 343846
312169 477176 -30212 348441
249253 -736331 -265319 -16001
3464 37692 70578 656754
-921789 301802 645128 -515962
165566 322922 680267 912649
772284 871974 579663 769870
135494 677123 -708056 -110870
548668 253031 -292235 167780
-962024 707542 -453891 110277
-834410 -443459 970139 -453957
680267 912649 -242545 238338
-112656 -268695 -871900 -629678
354138 812084 -294873 899255
294548 580508 -477367 820472
-856825 940291 533039 -219536
-374264 457627 -710211 12821
877373 634566 774252 110406
-257907 832560 958027 124879
429817 -854587 874076 52584
-149691 -416688 726039 549789
726039 549789 -888999 -918133
463545 933667 -735565 -438050
339534 -190996 820821 -313487
875806 161941 -126771 -559014
-93710 -832086 -614685 456839
420320 725437 287804 -876664
-681531 696010 591551 -87209
-549488 954093 -879572 277993
270267 545332 645547 -662519
-375078 282499 119279 54209
352376 -678919 -201501 923705
61461 -359218 942876 522493
-368099 615342 -823934 -190922
-327873 680405 888160 -694371
669135 527321 -972094 36296
57477 90145 953071 -823116
42567 332565 -955284 -415726
-535291 297375 -38103 -818808
-218086 392400 -149371 424407
19991 -768614 -120271 -873740
682211 313944 347945 980882
-131160 -985631 -765500 -49030
-812044 937301 -32675 351001
669135 527321 148881 44255
-490483 482243 546119 549218
37996 454427 -285091 76536
-758245 -71896 541944 -667649
982240 701190 -681916 -123581
538344 -523275 207106 -346209
-840734 -726847 -872465 754530
718247 644864 -162305 823560
-374264 457627 369343 598863
-72474 -201847 64325 -68845
-918546 -908785 -960478 -344224
-844629 -973046 173319 897831
-809576 668737 599272 -717621
918836 546976 608801 -928220
-453334 254764 982122 321253
-263091 887799 -945404 -15584
-96423 -52902 -535405 -26287
836006 -817751 625264 846334
-272015 -348545 -83645 464328
-377686 49821 -627872 808448
316364 556139 946856 529937
51428 43104 747978 -492630
49476 -971144 576627 -289419
-745602 415798 -764096 -494635
-351545 -96346 926979 803753
-328925 210635 227934 384125
-523990 -570128 -925396 -717098
660265 18506 -67453 471020
-506516 304848 -542620 -619792
-865868 -171951 -926303 710496
-247940 -867634 -502528 -895120
-763760 884032 -890788 298188
-230372 347202 -628733 -239348
-35185 801372 -302646 -684559
-993772 -910034 -643866 492540
-806248 -283166 -702348 -921826
877373 634566 643148 638311
989525 -132929 -63863 -267230
702547 823341 891827 -702769
533420 -641395 -51518 -934099
321599 650281 -187738 -248329
415922 -742001 603497 -234623
-627872 808448 515397 393883
718083 427198 582281 907579
-369508 886670 -217567 640478
871840 -579234 45069 -303637
438025 572224 -218662 -560049
-535291 297375 895697 -751647
618018 320189 -485300 288417
555946 365325 -821762 -250033
-48738 251949 -600864 -80060
861216 -20658 -313634 522146
-512184 89169 480154 905356
401382 414670 774490 -653508
-793740 12657 -938601 -174292
-76577 527443 676701 942154
98244 -292201 -464730 -986106
-230812 -922058 731 -351015
-323757 877184 579004 -178221
-51508 -4752 -318238 451223
-839659 483808 -338601 -134453
-905795 -629320 462603 -4590
-938601 -174292 -553593 -874741
645128 -515962 -743024 569719
-751966 429158 -788082 603027
320957 -992563 495239 161745
420232 -305403 -787850 -743533
612987 -502111 -365514 -983870
-279814 -144556 757146 -848212
185976 333766 240848 -289452
980607 -535256 306926 522634
696178 -839881 790735 -174155
-270006 557053 415650 887633
-976854 -556674 -614969 -602123
263720 30628 -53479 819900
-464536 677747 -421879 -694086
-640962 850842 694643 -714975
735115 -687980 379206 278260
763006 -197326 -152344 604196
-661152 494427 438909 -699225
