1
2000
-975701 -740065 -401681 117716
-401681 117716 522783 834536
-401681 117716 72261 834394
72261 834394 -526910 -152399
-975701 -740065 -849451 631339
72261 834394 -500993 -71261
72261 834394 -256279 -292907
72261 834394 -461287 -711842
-256279 -292907 -684586 -18749
72261 834394 933245 611291
-500993 -71261 852557 -445087
933245 611291 -315736 -583565
-461287 -711842 -18362 -748437
-401681 117716 -667379 -489113
-849451 631339 635392 -629875
933245 611291 -783686 -5082
-401681 117716 63672 -847297
522783 834536 -749946 -606590
-684586 -18749 -517915 -248376
-256279 -292907 -605173 209238
-526910 -152399 -798331 663185
635392 -629875 305657 -657799
63672 -847297 854350 -334887
-783686 -5082 -243992 -779528
852557 -445087 347814 -241949
852557 -445087 988506 352060
852557 -445087 -371376 -21322
-605173 209238 243662 -151734
988506 352060 876613 157018
-667379 -489113 879975 240480
-798331 663185 -693640 -344493
-975701 -740065 -682226 96607
-401681 117716 803494 721723
347814 -241949 -753716 -12814
803494 721723 683095 508961
63672 -847297 284760 -218626
-667379 -489113 148613 -856022
933245 611291 -553880 448171
683095 508961 -965584 430655
347814 -241949 -513871 -408829
803494 721723 471205 228910
-526910 -152399 -766425 -88474
852557 -445087 28575 930152
-401681 117716 329036 -839832
-667379 -489113 994570 984273
284760 -218626 -284833 938550
-667379 -489113 2617 477203
-975701 -740065 510230 -600999
510230 -600999 -835150 -842420
-835150 -842420 16571 -675983
933245 611291 318661 -16057
63672 -847297 903706 -412326
-371376 -21322 -859775 827740
-256279 -292907 580189 -246856
-18362 -748437 171599 900321
-513871 -408829 599677 -658558
471205 228910 978420 228056
933245 611291 -379111 453551
-315736 -583565 -665564 742657
-401681 117716 -648464 -902772
-749946 -606590 254213 -934334
-256279 -292907 -372631 -507054
471205 228910 -294301 -800705
879975 240480 -985908 -82067
-372631 -507054 -195043 73898
978420 228056 -764337 -596780
599677 -658558 883480 641348
-401681 117716 -576886 -770816
-372631 -507054 -926663 -913972
903706 -412326 -853430 -506916
522783 834536 988511 38563
-853430 -506916 595042 719895
-766425 -88474 -398816 59155
-517915 -248376 -399562 -647380
903706 -412326 363404 -258988
-798331 663185 860929 651269
471205 228910 -713290 52479
-667379 -489113 -555443 -353385
-975701 -740065 -688601 445915
-985908 -82067 -651452 770044
72261 834394 206970 -33830
803494 721723 73441 736810
-693640 -344493 116475 181829
363404 -258988 952925 950573
363404 -258988 -117014 257901
-693640 -344493 -871983 239322
-117014 257901 819934 -410
-371376 -21322 690147 -993713
-401681 117716 608468 504091
254213 -934334 454510 -754625
690147 -993713 -140000 -66306
-513871 -408829 877623 138843
-526910 -152399 -668614 261949
-18362 -748437 330687 -190281
-315736 -583565 203425 -385561
-764337 -596780 -913020 -3676
933245 611291 860168 -713394
877623 138843 -297143 851822
860168 -713394 676096 909713
-783686 -5082 -319036 948200
988511 38563 -932403 -637715
-853430 -506916 -765340 -393470
347814 -241949 992371 98242
860929 651269 979713 -583853
-294301 -800705 -959051 -994443
330687 -190281 -402344 -752995
852557 -445087 538325 542526
16571 -675983 978558 -953493
454510 -754625 97352 831928
978558 -953493 427273 949104
2617 477203 -277094 -27179
-297143 851822 254147 14679
883480 641348 529142 -136858
171599 900321 160580 755792
-688601 445915 987891 826042
329036 -839832 790404 -128713
676096 909713 729756 556446
284760 -218626 768050 182093
768050 182093 682720 -634430
-668614 261949 -744937 353597
-766425 -88474 -846388 575341
-401681 117716 296805 100470
-753716 -12814 -829270 762386
284760 -218626 -256351 573251
-398816 59155 297078 595635
-985908 -82067 742057 918978
690147 -993713 641106 -442526
641106 -442526 285138 -660978
992371 98242 -348633 -109477
-668614 261949 889695 413692
-668614 261949 -887214 542738
860929 651269 170584 -513584
254213 -934334 939438 -491953
72261 834394 -552549 -187839
97352 831928 118540 68817
-753716 -12814 60286 -452317
979713 -583853 689198 197972
903706 -412326 916667 10249
-371376 -21322 -379704 708966
-315736 -583565 353215 -840674
987891 826042 120105 131434
243662 -151734 191870 889120
978558 -953493 131196 392199
-682226 96607 -738304 -283284
952925 950573 -985721 664702
254147 14679 -555784 703113
889695 413692 -791280 915217
608468 504091 -474296 -486954
-117014 257901 -167890 364902
-766425 -88474 -131052 110129
72261 834394 716486 -443485
979713 -583853 -160431 170896
131196 392199 -960710 -919379
-243992 -779528 669688 792354
-379111 453551 793188 84841
-401681 117716 -25550 902220
-682226 96607 -24575 -710310
-372631 -507054 -559573 997555
-665564 742657 -598089 -519011
-598089 -519011 116392 616434
-379704 708966 250910 1429
852557 -445087 -410662 -696152
203425 -385561 -509362 367238
682720 -634430 -462637 380109
329036 -839832 472591 -55125
191870 889120 609462 992928
992371 98242 -841069 -527030
-25550 902220 554584 387255
472591 -55125 -143360 684559
-913020 -3676 -178939 -950552
296805 100470 319646 -89160
116392 616434 254265 537793
-143360 684559 803140 -110586
-297143 851822 -63610 -226887
-117014 257901 373873 -25851
-399562 -647380 510931 821308
-474296 -486954 612658 872376
-798331 663185 -416256 -512964
284760 -218626 644292 -911568
297078 595635 -64832 67584
522783 834536 -560455 -388997
-555784 703113 -669659 -470235
-284833 938550 -793689 583586
284760 -218626 88165 -661154
131196 392199 -508369 -991942
683095 508961 140706 -807048
-297143 851822 -25340 116957
254213 -934334 877956 -506635
318661 -16057 662845 -543663
-766425 -88474 492245 -373505
-665564 742657 640964 -747516
-765340 -393470 271858 -559101
140706 -807048 832358 61372
-513871 -408829 -489986 -522003
854350 -334887 694582 522242
-555443 -353385 423969 -512444
-555784 703113 -730812 738593
-835150 -842420 -744054 910455
-294301 -800705 716074 -21975
-887214 542738 -581540 738682
-379704 708966 710527 361935
118540 68817 -601287 -234928
-853430 -506916 -573013 713467
599677 -658558 -796255 -910582
-348633 -109477 -981019 489112
641106 -442526 -489110 578336
979713 -583853 96278 372688
716486 -443485 218557 -637853
-555784 703113 -684207 957454
529142 -136858 893322 42934
-926663 -913972 -993651 35085
-552549 -187839 11096 -156443
-573013 713467 24439 -99451
-277094 -27179 -264364 -414601
-684586 -18749 971929 594323
96278 372688 936317 314901
-913020 -3676 456946 -369006
271858 -559101 812239 848138
-713290 52479 -51522 -889860
353215 -840674 -653776 515913
-798331 663185 230773 118256
-648464 -902772 49120 391879
296805 100470 594846 117448
171599 900321 403446 -379200
254213 -934334 963836 282670
-559573 997555 -178386 -174287
203425 -385561 245522 -589377
860929 651269 -448380 -268142
297078 595635 875008 304145
148613 -856022 606885 -357722
676096 909713 -281942 -4906
-764337 -596780 388701 548925
988511 38563 62899 349035
-178939 -950552 -348579 375481
-555784 703113 355857 88893
889695 413692 -199734 547204
-985908 -82067 -584134 614971
-348633 -109477 822198 832267
-410662 -696152 -246764 -996695
822198 832267 78517 -345770
140706 -807048 -451615 654682
-160431 170896 876443 361663
-605173 209238 -705080 528153
-64832 67584 93326 573438
-753716 -12814 -478367 858421
-256279 -292907 456917 2035
423969 -512444 504808 -160481
-553880 448171 32884 -542311
963836 282670 -845897 535450
254265 537793 164633 671309
-648464 -902772 -938167 -15538
-277094 -27179 10642 76013
363404 -258988 761084 744265
347814 -241949 407151 -891589
-841069 -527030 619897 -762317
619897 -762317 669766 468626
742057 918978 423639 155127
-513871 -408829 759556 -892851
-975701 -740065 -847457 137898
329036 -839832 -354532 344567
373873 -25851 -711762 -574743
305657 -657799 569290 785414
-668614 261949 -174167 -375692
-605173 209238 -752783 -850507
790404 -128713 111998 605514
-753716 -12814 -326256 809986
456946 -369006 105146 162962
-648464 -902772 -436946 -47604
28575 930152 771420 174141
640964 -747516 -361668 -935534
-764337 -596780 822217 -689425
296805 100470 880280 -889076
-243992 -779528 -961446 205833
-846388 575341 198050 756996
407151 -891589 858960 353739
11096 -156443 833793 762455
63672 -847297 -227388 760367
330687 -190281 -110521 -870436
63672 -847297 463764 -348116
879975 240480 -379413 -858849
160580 755792 255267 -853643
-668614 261949 -240969 685011
510230 -600999 -186066 -483804
833793 762455 55916 -868370
254147 14679 -635432 148750
-160431 170896 803202 -570012
978558 -953493 -184748 719282
644292 -911568 -509129 974447
78517 -345770 -290707 124186
427273 949104 -983809 -652073
97352 831928 787763 -26985
-985721 664702 872459 82426
761084 744265 319135 -898308
-847457 137898 270786 -106986
683095 508961 -3468 -996382
-688601 445915 -450644 131012
-985908 -82067 851243 996191
-167890 364902 879492 520883
-682226 96607 538656 953589
-667379 -489113 187619 427913
-24575 -710310 -574937 428579
-601287 -234928 668922 2228
876613 157018 864264 -335470
-713290 52479 12768 -209251
203425 -385561 -945459 874701
-960710 -919379 -175591 -341509
-766425 -88474 941455 392082
-195043 73898 -706784 -455689
803494 721723 -154890 -916352
612658 872376 -998119 -790087
-913020 -3676 -434417 741912
-509129 974447 -245360 258396
-186066 -483804 84599 -632351
-51522 -889860 -775120 -85456
690147 -993713 -450922 -67982
-416256 -512964 911723 706882
939438 -491953 162131 896794
876443 361663 94319 550954
-555784 703113 577866 444119
987891 826042 574548 -684949
-553880 448171 119756 -434200
529142 -136858 -93654 -303735
876443 361663 660489 -831794
96278 372688 455357 610522
-766425 -88474 381729 -541049
403446 -379200 129700 356649
860168 -713394 -919055 234597
-25340 116957 -366399 -557185
742057 918978 832676 995161
24439 -99451 784588 659418
-326256 809986 -687386 -44452
-993651 35085 672806 -851408
-186066 -483804 408471 474217
94319 550954 536183 776084
-290707 124186 -894105 188978
-764337 -596780 -390287 781886
-256351 573251 913502 -481195
660489 -831794 589846 150563
-605173 209238 -614933 298099
-938167 -15538 111619 -810350
-277094 -27179 -614948 -346378
472591 -55125 -28700 -70586
854350 -334887 398399 -332346
682720 -634430 336795 312372
877956 -506635 -806946 -720207
-110521 -870436 -709924 322057
536183 776084 -47570 414994
-348579 375481 792032 -927849
803494 721723 -338077 479090
574548 -684949 -91337 272603
854350 -334887 -760360 957721
-846388 575341 201339 -589322
-199734 547204 -200319 494631
832358 61372 -867729 -613330
388701 548925 919720 -883113
641106 -442526 -437551 -261658
423639 155127 -411915 104969
206970 -33830 299542 792684
250910 1429 -340084 876723
903706 -412326 137725 832476
-411915 104969 -710147 593398
669688 792354 475295 13421
-24575 -710310 350958 -38696
96278 372688 409621 -872315
-887214 542738 866818 501292
883480 641348 -478496 758833
822198 832267 215046 138647
609462 992928 -646621 880931
879975 240480 -307436 -972121
911723 706882 862347 -486806
913502 -481195 253626 -154136
-887214 542738 31241 592232
-509129 974447 874442 324679
299542 792684 -658469 169860
-410662 -696152 -633731 -632016
978558 -953493 -460606 -326927
-682226 96607 -35144 75266
116392 616434 -779830 912786
742057 918978 -641401 222795
254147 14679 -960975 507520
-410662 -696152 -282606 803767
-35144 75266 714398 -153252
866818 501292 245151 -537972
669766 468626 -476326 -561470
-294301 -800705 -157103 -39735
-945459 874701 -882531 -806348
492245 -373505 176510 516902
-667379 -489113 -758528 322687
832676 995161 474502 17572
-710147 593398 -859263 -586471
-853430 -506916 831390 -636694
187619 427913 -341214 597184
-560455 -388997 887421 90673
-200319 494631 882198 -546381
296805 100470 -158467 54458
854350 -334887 767825 879408
305657 -657799 980183 -309146
-51522 -889860 -844423 802283
-574937 428579 248959 308791
-489110 578336 48717 663796
-744054 910455 -77823 -153243
63672 -847297 221565 164777
-576886 -770816 415140 936972
-154890 -916352 -176527 824814
423639 155127 151358 -111764
398399 -332346 -306431 -531308
-993651 35085 -607807 -648333
803494 721723 -274598 67117
640964 -747516 -498112 11894
832358 61372 -947741 -566445
-158467 54458 -208910 -878042
822198 832267 736435 668081
606885 -357722 -497843 -169188
538656 953589 -540155 878429
-500993 -71261 -862441 -72495
875008 304145 -725800 -577350
988506 352060 994649 808098
2617 477203 17954 315721
-476326 -561470 109437 -164974
297078 595635 -966616 522506
-926663 -913972 -882094 453893
-284833 938550 837615 -571198
860168 -713394 451013 -435746
669688 792354 -514938 443113
-684586 -18749 68509 603362
-35144 75266 -756713 -936304
-796255 -910582 -91582 614577
-341214 597184 97227 951946
860168 -713394 922567 780050
118540 68817 684515 -421303
536183 776084 249811 -559707
-983809 -652073 722037 -604766
854350 -334887 -570003 560698
-256279 -292907 387633 -265217
-25340 116957 -539245 566278
-240969 685011 -163562 764707
319646 -89160 662919 153087
-945459 874701 361987 830562
-200319 494631 -747360 -448234
-975701 -740065 239726 662662
-539245 566278 392994 -569403
-738304 -283284 375913 -369696
790404 -128713 316114 30359
-348633 -109477 50661 280118
952925 950573 -232040 417618
48717 663796 912921 -850669
-887214 542738 222170 -722784
-553880 448171 -557783 -588288
619897 -762317 -230408 351774
-208910 -878042 793418 -955306
49120 391879 363381 124199
94319 550954 940035 939793
-581540 738682 -10031 -866804
11096 -156443 -330425 -451832
-478496 758833 159067 -608439
-47570 414994 -27167 -53707
978420 228056 -619919 -600468
12768 -209251 453574 -568499
-705080 528153 36791 527488
-555443 -353385 162818 -410737
-401681 117716 625069 -413799
-959051 -994443 733049 -191982
-887214 542738 -494975 -356245
690147 -993713 -846838 46093
-913020 -3676 365508 772346
492245 -373505 616390 968912
365508 772346 -833383 -820771
347814 -241949 261588 -174349
599677 -658558 -559319 887509
-232040 417618 -876568 -601293
-651452 770044 -843862 195646
129700 356649 173011 453490
-478496 758833 4252 591066
-91582 614577 590392 150598
771420 174141 463363 998068
-256351 573251 -528222 -774342
-966616 522506 -733124 -715830
162818 -410737 -681905 535415
131196 392199 619494 429402
-326256 809986 -158997 610951
-379704 708966 -954967 -458371
423639 155127 277306 403954
254147 14679 269210 -859993
-835150 -842420 -900598 -741210
-738304 -283284 -524717 458234
619494 429402 307387 585236
171599 900321 899139 515053
-306431 -531308 750649 -362079
-648464 -902772 -578507 229803
510230 -600999 665900 -608619
665900 -608619 698474 -964249
-648464 -902772 417770 -371109
-709924 322057 -89396 992354
-835150 -842420 -509071 -626537
590392 150598 681341 199872
640964 -747516 -234601 476191
221565 164777 -211953 593819
-557783 -588288 169087 940722
-552549 -187839 57382 750750
375913 -369696 -298479 -643143
-574937 428579 815030 -408957
-688601 445915 162889 995450
-752783 -850507 983609 -622064
255267 -853643 -624784 -245990
-227388 760367 495410 50336
169087 940722 -343979 -881793
736435 668081 698165 112168
-174167 -375692 893665 791884
-791280 915217 -209144 -345233
-993651 35085 -725420 -832770
919720 -883113 -353962 211166
681341 199872 925539 -472830
994570 984273 706338 -412379
269210 -859993 641439 -976794
-798331 663185 480244 474910
-110521 -870436 507577 -638796
-557783 -588288 252680 394868
472591 -55125 96856 202446
936317 314901 208509 431655
284760 -218626 -315954 -96851
221565 164777 -763831 -66544
255267 -853643 -157229 9409
-796255 -910582 -774719 78534
-725800 -577350 -893063 -333638
883480 641348 -599833 638599
-614933 298099 316598 186558
-476326 -561470 -214783 -279999
-559573 997555 551235 869003
860929 651269 602543 -405940
160580 755792 531480 252691
72261 834394 -878526 865697
-753716 -12814 -503503 858291
222170 -722784 -839354 492167
729756 556446 764389 940838
-766425 -88474 63579 348786
475295 13421 365958 -162101
-174167 -375692 650111 -947394
162131 896794 -307452 -997308
355857 88893 -280 825916
319646 -89160 -758833 417282
736435 668081 -414809 -563181
-89396 992354 253998 409123
-985908 -82067 127774 8759
-633731 -632016 -36972 -702183
-839354 492167 -751996 -461851
-882094 453893 -482325 800206
373873 -25851 145691 -713942
729756 556446 -529259 -256798
148613 -856022 404891 115996
-200319 494631 -979826 315335
-669659 -470235 -423542 -819226
72261 834394 391519 921776
329036 -839832 -214867 -188052
-845897 535450 -473981 153130
-641401 222795 -485121 -114749
852557 -445087 -949096 -832661
-806946 -720207 844947 -921109
569290 785414 557720 994909
-489986 -522003 897853 -71744
-503503 858291 541821 303091
-25340 116957 96970 173723
94319 550954 -685510 -24289
-862441 -72495 -903942 -108028
689198 197972 453947 450631
206970 -33830 967989 -406873
255267 -853643 102927 853025
541821 303091 -590893 -787965
510230 -600999 -324841 -161309
249811 -559707 64569 -936284
635392 -629875 427780 889140
-110521 -870436 137662 -182641
-51522 -889860 -135981 310278
-552549 -187839 -842494 -403218
-503503 858291 35659 910415
330687 -190281 -82289 -389609
-859263 -586471 -647268 850509
-601287 -234928 -871474 511221
307387 585236 -604747 65034
-462637 380109 -955138 -217158
471205 228910 865301 -785739
455357 610522 569887 695604
-448380 -268142 -259898 -821451
116475 181829 -975715 -779956
-135981 310278 675776 -587581
4252 591066 -576624 -248515
-749946 -606590 246015 -634208
-998119 -790087 691573 -19373
4252 591066 440804 58233
-574937 428579 873217 -717100
-744054 910455 -155837 -309399
-526910 -152399 17366 375243
102927 853025 -758334 96253
299542 792684 769504 -874148
453947 450631 566637 494961
97227 951946 -82637 499126
206970 -33830 283376 -924658
109437 -164974 734202 -401425
675776 -587581 388145 -821168
-806946 -720207 122943 -935317
415140 936972 355975 -891492
-893063 -333638 795104 723819
793188 84841 953918 -728341
423639 155127 310415 510357
-560455 -388997 319728 -370844
-793689 583586 10744 469424
-998119 -790087 -815964 881103
-839354 492167 -255196 126203
-658469 169860 462230 918531
78517 -345770 -757258 -622209
-985721 664702 555532 -528510
17954 315721 318042 -389119
-619919 -600468 -932331 -446928
171599 900321 -317469 -489973
665900 -608619 -512741 968080
316114 30359 -903236 300122
710527 361935 96922 -908586
625069 -413799 266537 -893661
-348579 375481 376840 -46690
939438 -491953 -723967 -554494
-524717 458234 -814978 -892876
-949096 -832661 915241 -465179
594846 117448 607921 -270043
-35144 75266 244032 386243
510230 -600999 -312417 -523965
-399562 -647380 613334 432653
4252 591066 -633499 515
555532 -528510 -650377 539840
63579 348786 603354 428613
109437 -164974 713845 -694719
-646621 880931 -549333 46919
463363 998068 184276 349407
-985721 664702 934893 -603360
-733124 -715830 -407891 586532
119756 -434200 123506 -834374
456946 -369006 307875 -553633
-796255 -910582 -538728 -931524
266537 -893661 540003 545160
953918 -728341 -513932 -200481
722037 -604766 -983477 603381
822198 832267 -340843 117720
243662 -151734 959151 101533
-155837 -309399 777507 83127
-176527 824814 -880861 -260264
35659 910415 813409 12052
-474296 -486954 122717 -564472
105146 162962 -360490 -525204
-765340 -393470 503808 -454712
-706784 -455689 927081 -355019
536183 776084 -564377 -208639
-526910 -152399 565779 -359929
201339 -589322 643058 657365
903706 -412326 736294 -446358
-450922 -67982 -776812 309251
607921 -270043 -179113 735972
-614948 -346378 -514298 533291
710527 361935 -858138 -270360
57382 750750 -61417 746137
793188 84841 128503 977165
-985908 -82067 -500755 -736481
971929 594323 -620226 -672992
662845 -543663 -476592 882573
-450644 131012 -312659 147845
249811 -559707 339681 -980124
17954 315721 402388 558507
-451615 654682 464563 812450
903706 -412326 -991633 789872
768050 182093 907117 -298323
475295 13421 -336984 193330
-214783 -279999 326754 845830
-199734 547204 133708 36473
96922 -908586 648404 -88868
-214867 -188052 471862 579427
-574937 428579 -472082 -602856
-846388 575341 -396274 -450641
495410 50336 865748 -239292
-862441 -72495 -845806 855614
284760 -218626 -131277 759457
254265 537793 255273 101178
750649 -362079 180455 472538
722037 -604766 -640930 683542
833793 762455 -247406 -928618
239726 662662 907234 225626
-620226 -672992 -115134 -418191
-763831 -66544 658273 -682906
866818 501292 -495593 -769441
988506 352060 648992 -671724
-256351 573251 -722155 -152722
-709924 322057 10646 -984890
787763 -26985 754951 -514290
612658 872376 206071 691022
404891 115996 -881438 -426566
-564377 -208639 618162 -877973
116392 616434 -930544 -144002
936317 314901 -488408 -705394
427780 889140 -486790 -355068
-174167 -375692 -96959 986415
-841069 -527030 40619 205911
-509129 974447 889532 -117424
96922 -908586 -839073 -330448
769504 -874148 518861 489942
606885 -357722 -639410 193192
119756 -434200 -19 740298
-312659 147845 184700 771478
-509362 367238 609039 135504
-841069 -527030 244746 -972949
691573 -19373 -355766 286967
-993651 35085 -609521 968919
-436946 -47604 277887 -445124
122943 -935317 -131756 553467
-624784 -245990 -204784 -588069
-473981 153130 810744 359027
-540155 878429 449786 -858042
-949096 -832661 296960 -667360
922567 780050 631829 138727
690147 -993713 628526 -978907
-798331 663185 964165 -539914
404891 115996 431416 -554353
-495593 -769441 738635 -175413
-846838 46093 -559145 876685
988511 38563 -130854 -448605
-330425 -451832 -401762 -799141
641439 -976794 -556314 -238084
-401762 -799141 -285164 -332420
403446 -379200 -416581 -86885
-230408 351774 -127057 -820474
612658 872376 181846 -57179
-158997 610951 -352452 -239933
201339 -589322 934690 504421
-529259 -256798 -445282 -139828
-960710 -919379 929446 856865
-336984 193330 13645 798442
57382 750750 602372 706267
-966616 522506 -312608 870811
254147 14679 -604259 -827811
-528222 -774342 -263444 -94937
566637 494961 940887 -241321
648404 -88868 -188510 -108012
988506 352060 868856 -945407
-913020 -3676 612284 646316
792032 -927849 635911 756458
-509129 974447 658466 347228
-555443 -353385 -709503 -209434
255267 -853643 -241125 539962
-361668 -935534 -401727 -345296
716486 -443485 -836487 688141
971929 594323 993363 -90654
254265 537793 619264 914208
170584 -513584 39182 -612891
-82637 499126 -878478 215019
-687386 -44452 1025 212682
252680 394868 -325392 -81301
-401727 -345296 232515 902363
832358 61372 -224821 -638763
388145 -821168 -583376 -5649
-35144 75266 -200933 149723
-555443 -353385 735201 -461349
-130854 -448605 -664258 -552364
-583376 -5649 -355269 165240
-681905 535415 -158213 -967313
-903942 -108028 541868 811359
218557 -637853 387286 -477093
-227388 760367 926469 848229
-324841 -161309 724074 -823613
28575 930152 -781703 -492788
-140000 -66306 951414 -721776
12768 -209251 362483 -484721
-290707 124186 -471672 -18297
10642 76013 503963 -669870
-847457 137898 -386373 -1426
-386373 -1426 284030 -832060
-355269 165240 -450292 -177199
362483 -484721 650579 -964924
-581540 738682 -622944 702557
423639 155127 940026 -858151
540003 545160 812844 754468
-176527 824814 586681 -320892
-684207 957454 -714020 58240
208509 431655 149746 890217
577866 444119 -372620 685685
-474296 -486954 -343479 287088
329036 -839832 869567 -648548
-658469 169860 458961 -318165
-752783 -850507 -649850 -413835
122717 -564472 457210 950546
-450292 -177199 -591746 78632
-524717 458234 -79055 871272
-776812 309251 574745 -443143
387286 -477093 939636 940468
407151 -891589 -755617 678446
510230 -600999 -688091 935237
-559319 887509 -266788 -1030
-581540 738682 215398 472036
381729 -541049 497852 -752008
662919 153087 191121 -901029
-639410 193192 -381061 -879634
-560455 -388997 192497 -575302
48717 663796 684178 137632
-110521 -870436 304740 -291154
-450292 -177199 601421 -575878
-256351 573251 -323740 -872816
-82289 -389609 -171804 -530253
665900 -608619 8861 700730
-555443 -353385 -998189 420551
-188510 -108012 -29109 665369
768050 182093 398461 52664
777507 83127 761421 -777342
-583376 -5649 261228 -934092
-494975 -356245 852321 -972360
243662 -151734 986676 -183255
-960710 -919379 -651312 -444558
777507 83127 -986399 -640185
-256279 -292907 687394 -114268
759556 -892851 856184 -572990
698474 -964249 98824 -59859
105146 162962 -836362 -661256
879975 240480 522692 701896
375913 -369696 768772 446489
856184 -572990 -746121 393608
-836487 688141 -899333 697533
-224821 -638763 572913 906483
-836362 -661256 -50006 -628893
-290707 124186 701211 439891
860929 651269 -612944 59494
993363 -90654 -555834 331906
-556314 -238084 -381493 918189
-733124 -715830 606121 -515298
255273 101178 -236858 412580
-844423 802283 -698702 640442
246015 -634208 429633 -810024
-887214 542738 433417 882913
-158467 54458 -395565 651476
939636 940468 -378729 -105613
-903236 300122 -647624 -712297
-607807 -648333 -50802 830716
-264364 -414601 -164153 -601835
-450644 131012 220681 -831063
-993651 35085 -390064 -836167
-647268 850509 -416522 36331
222170 -722784 626615 -861553
-497843 -169188 -5704 444359
736435 668081 -741726 -745262
-614948 -346378 393324 -492579
882198 -546381 300852 -425647
983609 -622064 -641984 783229
-127057 -820474 858603 -139808
-993651 35085 -597924 -220687
-744937 353597 582930 18881
181846 -57179 -774700 217320
540003 545160 933512 -779640
198050 756996 -506609 102753
-164153 -601835 -265700 666425
-290707 124186 342603 417947
-932331 -446928 914840 -461157
-882531 -806348 740715 -922989
-35144 75266 960776 280006
580189 -246856 -705927 -400697
-709924 322057 163442 -47582
-450922 -67982 -380018 -978024
-211953 593819 -271620 471776
-555443 -353385 -897161 795606
831390 -636694 10004 422500
-993651 35085 535345 -567476
387286 -477093 -391011 -794273
-614948 -346378 -32874 -508748
557720 994909 277829 903399
72261 834394 -161407 693263
-230408 351774 184022 557726
342603 417947 586541 275293
648992 -671724 -594660 347247
355975 -891492 -656372 -208528
365958 -162101 -102850 -748969
-494975 -356245 -729840 723148
-757258 -622209 -912686 -805379
365958 -162101 -844274 436417
-647624 -712297 -74842 967981
218557 -637853 830196 226896
858960 353739 9640 -368209
456946 -369006 380796 -308480
-348579 375481 -480735 -430801
-3468 -996382 -457944 217731
244746 -972949 453188 -950357
449786 -858042 -688834 -230078
-633499 515 292082 -16496
-656372 -208528 -928840 -692720
-983809 -652073 -43676 200938
887421 90673 265099 -170104
-312417 -523965 -928464 835823
860168 -713394 -846850 -402446
793188 84841 460475 550210
318661 -16057 961033 -85766
-947741 -566445 -944434 17342
-960975 507520 -17755 -342105
-744937 353597 -80057 -982867
-195043 73898 -12232 358345
-232040 417618 910654 283710
607921 -270043 -969060 950445
641439 -976794 96809 756402
-91337 272603 -482381 82652
-664258 -552364 -859378 807947
-930544 -144002 -583797 642134
-966616 522506 280718 -63854
162889 995450 879152 697144
-667379 -489113 -371350 -729193
761084 744265 -703004 617388
265099 -170104 780302 244782
658466 347228 841069 -916895
4252 591066 -77889 -323497
381729 -541049 -357488 -162224
-398816 59155 568442 756316
296805 100470 123965 -12142
-354532 344567 260582 -814408
265099 -170104 -439365 661055
-102850 -748969 -663675 -898797
-557783 -588288 -592718 347195
628526 -978907 162554 -180646
140706 -807048 494570 548334
738635 -175413 851905 71591
-398816 59155 -758213 -332263
736294 -446358 128804 562956
510931 821308 727664 140230
417770 -371109 -348863 -976844
-725800 -577350 348137 798900
455357 610522 20536 640972
851243 996191 71984 -73805
-77823 -153243 527548 -633051
-366399 -557185 -601878 592628
-814978 -892876 784752 -387801
-709503 -209434 396459 -42233
453574 -568499 -995923 442117
-705080 528153 484248 -91189
907117 -298323 893714 -2518
-960710 -919379 -519394 -577351
-841069 -527030 742196 -166485
877623 138843 -120249 -511050
417770 -371109 661699 186612
-488408 -705394 -187007 816741
-178386 -174287 498454 433773
365508 772346 745406 -563756
-564377 -208639 757346 671666
-51522 -889860 962908 17542
-476326 -561470 107500 368065
-120249 -511050 -531136 247671
535345 -567476 -926674 847202
-224821 -638763 -659540 -266433
-758528 322687 918466 300848
-348579 375481 -474846 754860
-705927 -400697 217991 -364645
-51522 -889860 546021 659945
-650377 539840 131766 -986883
398461 52664 -648033 -416173
330687 -190281 369564 997006
689198 197972 -838097 -553010
-668614 261949 -93113 -354132
417770 -371109 -642171 558728
504808 -160481 -361292 -588289
934690 504421 513414 -961372
-379704 708966 -309480 -334579
-204784 -588069 -310205 -135827
245151 -537972 630646 731801
-570003 560698 -17210 44723
-710147 593398 746786 -577721
503963 -669870 -607254 -633515
-5704 444359 -730665 -630592
277887 -445124 -499697 -476398
17954 315721 192759 -170839
149746 890217 -692907 -615280
109437 -164974 -951578 239252
738635 -175413 42121 -420115
-983809 -652073 -973729 -302169
-862441 -72495 809563 881963
-398816 59155 344019 837274
980183 -309146 -435794 -791535
96278 372688 -923443 597839
475295 13421 151323 -770462
-326256 809986 287351 908170
471205 228910 -51967 866330
471205 228910 -274183 -874961
-838097 -553010 -954064 309328
137662 -182641 -724344 -746996
396459 -42233 -81844 -919309
96970 173723 310555 -433739
761421 -777342 -272891 -417877
-698702 640442 45724 2653
391519 921776 -760434 -646603
939636 940468 -418336 10988
803202 -570012 106807 -545886
-5704 444359 -988440 771262
964165 -539914 137476 585376
-844274 436417 -87242 953464
-131052 110129 -243247 -440721
203425 -385561 -652262 336434
-439365 661055 -986453 -802068
128503 977165 -996377 599699
-312608 870811 -908277 933299
907234 225626 -184390 -322269
-414809 -563181 -875814 974820
-648033 -416173 452703 813947
404891 115996 -28833 -918865
-315954 -96851 -955392 536847
-597924 -220687 -54841 343816
-416256 -512964 756093 753277
-230408 351774 855390 353068
915241 -465179 -393743 -245082
-386373 -1426 -534201 -3475
761421 -777342 -988554 360555
812844 754468 -688125 -828292
-266788 -1030 262177 -516811
402388 558507 -676656 388753
355857 88893 -512571 281172
-200319 494631 931304 490143
319646 -89160 -276045 -991873
454510 -754625 773570 542792
628526 -978907 -467684 -710166
451013 -435746 550420 965988
-199734 547204 265927 557453
733049 -191982 331230 271309
133708 36473 -47297 -184308
-390287 781886 427155 -560516
365508 772346 519957 -761734
-908277 933299 -794927 -28426
63579 348786 851119 511568
-120249 -511050 -155313 226074
-265700 666425 580094 569907
318042 -389119 917285 803609
-497843 -169188 -680464 -318990
336795 312372 496785 -348291
933245 611291 -492269 72056
-859378 807947 625699 743317
285138 -660978 67369 -125012
427273 949104 -881897 -341638
-682226 96607 282646 929773
471205 228910 258221 -874397
-867729 -613330 -649215 -570794
-926663 -913972 650209 -835794
-766425 -88474 663094 381437
-472082 -602856 -109879 -435765
-765340 -393470 -982529 530769
-842494 -403218 268864 -108520
63672 -847297 577660 -767281
569887 695604 -66288 938065
915241 -465179 522254 -190121
606885 -357722 412983 -995539
133708 36473 -581131 -189132
-693640 -344493 -991160 844522
409621 -872315 -409923 770334
606885 -357722 724522 253917
602543 -405940 845488 870789
-434417 741912 563738 218903
131196 392199 167279 -440827
-416522 36331 790414 187884
580189 -246856 167855 642379
-875814 974820 -851533 -111782
-841069 -527030 -742205 962452
784588 659418 -615842 492030
32884 -542311 480633 328861
855390 353068 396211 -340219
907234 225626 -703782 64795
-77889 -323497 214482 -129304
214482 -129304 299009 739881
738635 -175413 231081 24135
866818 501292 729245 183166
822198 832267 598569 -161067
376840 -46690 343141 -411444
992371 98242 869098 -385011
45724 2653 -457757 -225168
49120 391879 939330 415363
480633 328861 -814102 -558580
347814 -241949 856443 -365426
522692 701896 31416 -363409
496785 -348291 101588 -26346
-513932 -200481 591242 829215
-609521 968919 -209548 -487214
232515 902363 947080 417657
960776 280006 -360038 -918440
-531136 247671 -516208 -427920
-725420 -832770 -230098 153171
198050 756996 -141738 -131885
-648464 -902772 911576 -396922
-265700 666425 269829 969355
658273 -682906 -964004 94810
-845806 855614 -580108 315548
793188 84841 -833838 -462663
-959051 -994443 -580180 -22659
-646621 880931 492781 -530134
925539 -472830 685978 521340
-845897 535450 482177 223523
-378729 -105613 -144725 662685
63672 -847297 -71696 -372210
841069 -916895 818632 -380256
978420 228056 641815 -605877
-188510 -108012 -105137 995170
641815 -605877 -925967 880728
176510 516902 1384 166169
-234601 476191 -725688 183734
-913020 -3676 -904068 -176446
13645 798442 152430 -201055
-982529 530769 46215 -425439
812844 754468 -200548 213437
-904068 -176446 -236329 828971
129700 356649 589173 -370072
-574937 428579 -946029 808742
-663675 -898797 -690376 939518
-553880 448171 628512 -745604
-665564 742657 -250268 19053
118540 68817 -97728 465949
-986453 -802068 -185856 332461
-709924 322057 227557 -786541
-658469 169860 -812276 -110229
97352 831928 870019 456401
-230408 351774 -542945 216463
810744 359027 730537 -953985
594846 117448 553883 390899
-564377 -208639 493237 414984
-538728 -931524 227782 -556708
784752 -387801 655836 -921604
845488 870789 -333471 -762521
-744937 353597 192447 -496581
-24575 -710310 394798 -905675
230773 118256 191635 -600512
939330 415363 375717 -578767
-540155 878429 441204 505462
-559319 887509 241130 244908
392994 -569403 341527 500443
116392 616434 510144 868752
241130 244908 -267627 513548
-979826 315335 -622610 610235
934690 504421 730311 889284
690147 -993713 665470 -396851
-845897 535450 890897 315470
-998119 -790087 -602168 -198768
-290707 124186 -715609 -173967
355857 88893 -318031 -355972
-282606 803767 -694798 750841
208509 431655 -476031 -300875
-730812 738593 151468 150236
710527 361935 -78475 405644
736435 668081 821265 383970
387633 -265217 179220 -246203
933245 611291 -180716 -44350
911723 706882 765094 351418
-729840 723148 -132477 -435977
221565 164777 -29599 -225252
192497 -575302 287306 -516786
-274598 67117 -633322 227291
-393743 -245082 -343364 -177506
441204 505462 -403132 702954
630646 731801 -116643 927298
971929 594323 -949460 547857
163442 -47582 -21974 -18119
876613 157018 779262 943722
628526 -978907 -689779 -907745
876443 361663 571240 -339551
255267 -853643 675609 -18621
-161407 693263 -814653 -136161
813409 12052 358908 -686848
947080 417657 467892 -946092
287306 -516786 444771 -272799
-946029 808742 170609 596591
-312417 -523965 -618890 -903878
746786 -577721 518072 -4872
-250268 19053 97224 -566861
88165 -661154 -95965 32199
832358 61372 -392917 -883575
-620226 -672992 -171770 -962224
761421 -777342 642434 927240
-875814 974820 160437 214619
589173 -370072 359163 707541
16571 -675983 387517 985917
456917 2035 -778969 771213
951414 -721776 -365399 -139451
-714020 58240 -127479 -409809
-986399 -640185 -296679 872460
-365399 -139451 870996 699416
648992 -671724 -526980 44639
-705080 528153 -791381 596735
-3468 -996382 -146080 663672
-622944 702557 61666 764920
740715 -922989 527394 -430895
-343364 -177506 322286 -839619
608468 504091 290820 221637
768772 446489 -880999 -221900
-78475 405644 367888 94
-542945 216463 35296 707427
-919055 234597 731026 -792167
650579 -964924 835957 516399
586541 275293 -508683 724594
-214783 -279999 -859523 75721
105146 162962 -714273 -69387
663094 381437 -568215 246534
270786 -106986 717570 880026
-256351 573251 900860 -106967
-497843 -169188 899477 -290777
254265 537793 -291053 975147
-991633 789872 964896 688484
474502 17572 -879318 814049
387286 -477093 -753160 -133651
255267 -853643 -685728 -124391
-485121 -114749 36230 534776
160580 755792 -661072 -196901
625069 -413799 -120278 424577
-605173 209238 -103069 328457
480633 328861 -694560 91321
131196 392199 -991098 876039
866818 501292 252264 -962088
-973729 -302169 -842017 943261
119756 -434200 -356076 -535867
951414 -721776 529968 704690
261228 -934092 384522 836840
-838097 -553010 104428 823510
344019 837274 390688 640111
260582 -814408 241998 -233846
-155313 226074 97986 258864
855390 353068 -181697 232484
830196 226896 755190 401049
717570 880026 391898 -956158
-371376 -21322 -837797 828231
-867729 -613330 397578 -231134
184276 349407 -486233 779308
-399562 -647380 -680962 -872065
-661072 -196901 442198 133716
-694560 91321 -670056 826849
-379704 708966 -680931 452951
-578507 229803 -682657 -934331
897853 -71744 -979637 798175
-847457 137898 120116 212059
736294 -446358 515088 274720
462230 918531 -163608 -352191
-881438 -426566 447610 933875
-651452 770044 -313595 575281
253998 409123 911241 280594
412983 -995539 647284 -491211
105146 162962 -114296 29408
-290707 124186 94648 -145987
-862441 -72495 -180054 563913
208509 431655 295906 -167019
-982529 530769 591527 75388
-436946 -47604 549137 292023
733049 -191982 834558 -356258
241130 244908 -250397 -963553
36791 527488 -956479 -340686
67369 -125012 357567 247795
-323740 -872816 -379600 150137
-923443 597839 -299702 211670
220681 -831063 -425095 -191258
-274598 67117 105443 758968
-775120 -85456 -870338 65872
880280 -889076 -743776 -598960
206970 -33830 191831 234702
522692 701896 -708466 58907
-371376 -21322 -967872 948838
330687 -190281 616935 -748043
-399562 -647380 424265 109108
-498112 11894 -822077 926089
492781 -530134 -287355 -205813
-395565 651476 -171216 -710717
-312417 -523965 504081 -39085
-949460 547857 194215 910961
-542945 216463 -366547 10066
493237 414984 -523670 -933080
609039 135504 -927876 -901630
-230408 351774 -902159 724609
-416522 36331 776475 -85353
-775120 -85456 232350 -603737
550420 965988 51105 767099
208509 431655 -908484 -686192
104428 823510 99693 -506457
689198 197972 -555267 244864
662845 -543663 839583 809035
910654 283710 -540469 730723
589173 -370072 391093 -922817
-234601 476191 109403 544156
-157103 -39735 -496024 -789773
550420 965988 725890 -289031
-598089 -519011 657262 237364
877623 138843 193894 592971
-614933 298099 -614253 -330883
42121 -420115 960223 -143722
689198 197972 351383 -288478
591242 829215 -764210 -349404
-851533 -111782 -930927 552894
122717 -564472 -68288 -666303
869098 -385011 -810541 -276006
-361668 -935534 303614 -55501
55916 -868370 -481515 -427176
137662 -182641 473502 -848911
860929 651269 578065 205296
-318031 -355972 -283877 -549846
880280 -889076 372856 -980454
460475 550210 -210597 354074
329036 -839832 -776534 -909375
-488408 -705394 -437619 -758692
-793689 583586 463115 -791284
51105 767099 -757752 -965882
12768 -209251 496681 206640
865748 -239292 825626 426225
626615 -861553 -853517 108254
215398 472036 538427 -965202
344019 837274 -797967 171900
111619 -810350 236378 36516
-875814 974820 441774 383329
-236858 412580 -926199 -598189
243662 -151734 917002 -324335
-294301 -800705 423591 -942028
-274598 67117 41636 390053
-590893 -787965 -876062 288937
-926199 -598189 -196669 16706
255273 101178 -738185 660010
-348633 -109477 -153097 901200
193894 592971 -892996 -704851
170609 596591 -534948 931496
94648 -145987 -467358 -129646
776475 -85353 -370266 -407938
-851533 -111782 -149111 -473942
221565 164777 -999002 -210674
-423542 -819226 -335460 110591
-28700 -70586 791181 -590022
-312659 147845 343932 -426908
675609 -18621 959157 -67045
277306 403954 -803035 850570
307387 585236 -948105 -19290
710527 361935 419747 694118
899477 -290777 -164857 -951163
-306431 -531308 -624320 -457403
361987 830562 318169 -104654
-117014 257901 782220 774343
-372631 -507054 295633 -18738
736294 -446358 218853 56608
549137 292023 -984925 -975546
10004 422500 729831 -549026
254213 -934334 799844 183119
-498112 11894 375726 914329
-450292 -177199 682706 -148183
893665 791884 -188504 308601
911576 -396922 47663 385931
960223 -143722 11708 -894459
170609 596591 357100 -34373
733049 -191982 -19006 362047
-573013 713467 -948272 -469866
140706 -807048 823437 -915466
-923443 597839 -760282 871426
105443 758968 298647 539018
964896 688484 786262 -251983
931304 490143 624394 -368556
-926663 -913972 -199540 573117
-796255 -910582 632544 -750552
594846 117448 357537 -765374
-398816 59155 -462913 -203917
-340843 117720 964610 -841619
-245360 258396 -35216 204816
668922 2228 -621957 499813
933512 -779640 -802411 314130
503963 -669870 -915760 -946570
-975701 -740065 548962 -537260
-583376 -5649 608212 -452800
640964 -747516 541268 -929342
365958 -162101 -885952 -369434
-379111 453551 -996712 -336775
444771 -272799 -978308 -442780
97986 258864 -198391 521924
589846 150563 292635 -453455
-709924 322057 -894370 861410
496681 206640 726300 -680117
-648464 -902772 -369458 -153666
-690376 939518 177463 917950
-230408 351774 152637 -198820
415140 936972 521253 945465
897853 -71744 -87597 118296
650579 -964924 -318313 -52157
725890 -289031 -607185 -295661
-680962 -872065 280612 -820995
415140 936972 901690 41286
-594660 347247 132931 368998
-241125 539962 763942 -269274
-794927 -28426 78293 947488
31241 592232 -51983 -846203
889695 413692 -419975 159457
67369 -125012 -284482 -936771
-882531 -806348 -205931 558153
-175591 -341509 -134253 -868524
580189 -246856 369905 509588
447610 933875 -74269 -904302
769504 -874148 467578 -732777
927081 -355019 385772 -598771
609039 135504 -453557 -503496
-103069 328457 465074 -107363
-393743 -245082 379146 274648
-882094 453893 -959916 -126298
-512571 281172 -214 842757
595042 719895 -261444 -858120
580094 569907 -599759 80283
-928464 835823 444936 805198
655836 -921604 881442 -109068
916667 10249 -486931 535768
-978308 -442780 -768943 -149595
-967872 948838 943154 -604366
-453557 -503496 187194 -974124
-210597 354074 -611843 -919406
-760282 871426 111502 745721
-264364 -414601 -887169 -690798
691573 -19373 -749163 675458
-250397 -963553 -373709 815652
-81844 -919309 -816932 -807007
-517915 -248376 124020 -52186
529142 -136858 -402868 837434
900860 -106967 -272687 886111
876613 157018 -799708 -458630
-991160 844522 422647 75532
-512741 968080 20429 -392300
734202 -401425 -500539 -69747
-318313 -52157 -971616 -139194
387633 -265217 -550135 -582459
283376 -924658 -827683 156351
799844 183119 -918296 883230
-904068 -176446 -556078 -412840
-158213 -967313 9789 243473
-236858 412580 878765 596518
733049 -191982 594522 -288364
-10031 -866804 -195336 688718
367888 94 -142147 -650147
-272891 -417877 -467685 -703511
912921 -850669 857194 254938
-341214 597184 205596 -721156
-379413 -858849 -113134 -266238
96856 202446 926797 552075
-845897 535450 -51417 -497532
-846850 -402446 767091 973129
934893 -603360 -930131 704355
-738304 -283284 -471051 -605043
-390287 781886 201873 -936332
-91337 272603 -394043 618701
-960710 -919379 -662455 -717117
916667 10249 177725 35550
830196 226896 -233650 432688
253626 -154136 -348398 -987506
94319 550954 870069 100639
-503503 858291 -898494 -737044
754951 -514290 364549 -875747
-214867 -188052 -807560 -176571
901690 41286 222988 -627272
613334 432653 -740461 222292
931304 490143 -585278 -196838
-597924 -220687 835250 -721010
260582 -814408 -901710 986417
-875814 974820 -832167 903420
876613 157018 656996 -30087
988506 352060 -616107 -42912
310555 -433739 -697105 -551749
72261 834394 -577073 -170042
-230408 351774 482325 854406
454510 -754625 -905372 -982727
-353962 211166 866805 796348
-601878 592628 25190 -765630
603354 428613 -519196 640619
106807 -545886 -150556 -580625
619897 -762317 530343 -974529
63579 348786 -659811 8778
632544 -750552 701696 327019
-120278 424577 -358999 -674542
94319 550954 151296 -619996
57382 750750 304985 781201
-573013 713467 -926084 -833418
987891 826042 -623874 775238
-416256 -512964 -272993 397568
-714273 -69387 -773584 -155631
767091 973129 49150 647892
510230 -600999 795461 -154235
734202 -401425 403524 275920
911241 280594 609462 165836
681341 199872 -482364 500733
-611843 -919406 436801 -259102
318661 -16057 461304 828419
-842494 -403218 151840 -321359
402388 558507 672727 -572149
-954967 -458371 384320 182902
303614 -55501 896243 -170667
-276045 -991873 7496 -146354
-659811 8778 -812761 830675
822198 832267 -95914 -555933
872459 82426 141484 614434
-568215 246534 -690277 725699
498454 433773 -251973 76584
-416581 -86885 396236 -372062
55916 -868370 -616447 -426576
960223 -143722 848446 819684
303614 -55501 594721 -62606
-195336 688718 -990110 -143012
-451615 654682 914272 78963
-297143 851822 -763447 -654054
-685510 -24289 648905 -138308
429633 -810024 851376 -237810
-508369 -991942 203033 582500
284030 -832060 994345 -979739
453574 -568499 224667 -69516
-897161 795606 611997 481507
830196 226896 -308892 161379
939330 415363 822282 278523
877623 138843 -493910 -401916
316114 30359 199417 933949
691573 -19373 -672782 726878
911241 280594 216478 170894
10646 -984890 134550 -155175
384522 836840 -692873 869806
768772 446489 966136 -942588
791181 -590022 630360 96078
-399562 -647380 252068 -764113
218557 -637853 -676661 -877976
-12232 358345 190082 -886033
-965584 430655 -860052 -705556
94648 -145987 -505304 90506
966136 -942588 615335 -425575
-372620 685685 -635657 861153
980183 -309146 281156 47047
-845897 535450 847829 518358
326754 845830 175218 -723620
730537 -953985 742904 48129
-282606 803767 869347 869725
292635 -453455 -366446 -188124
35659 910415 890868 28468
-932403 -637715 901370 -288629
244032 386243 -350100 544364
20536 640972 157688 903913
453188 -950357 504091 308802
813409 12052 543027 293832
642434 927240 42459 -28855
-19 740298 531214 -529247
-908277 933299 963114 -567033
-983809 -652073 810109 844861
8861 700730 804182 -650905
522692 701896 -776467 3456
51105 767099 552738 -377443
-204784 -588069 -577166 656585
222170 -722784 -90998 241717
-164857 -951163 -551416 910170
152637 -198820 -711024 380857
453188 -950357 309060 -321708
-557783 -588288 -938431 279941
-633322 227291 764300 -586443
-859263 -586471 -775902 -697644
287351 908170 731451 -991968
-836362 -661256 408881 437069
-486233 779308 760895 319593
398399 -332346 -534772 -200995
540003 545160 275875 487762
-150556 -580625 164625 -959339
-153097 901200 467111 -839448
750649 -362079 477365 661160
-140000 -66306 -752304 903353
-926674 847202 74341 612667
701696 327019 -261262 -447417
-814978 -892876 -70876 -899951
-833383 -820771 915440 -833184
914840 -461157 547977 -908731
367888 94 -422203 805244
-949460 547857 372853 -799262
-390064 -836167 474883 676173
2617 477203 11995 -319912
376840 -46690 -501397 -265771
387517 985917 894170 -723889
650209 -835794 999231 484534
-919055 234597 -851045 -130469
-932403 -637715 -379883 402164
-409923 770334 391151 -341738
253998 409123 24239 -985170
497852 -752008 -9075 -159290
926469 848229 -754739 -982781
96970 173723 -181792 -761648
799844 183119 -507171 402470
-724344 -746996 -582509 943571
641815 -605877 -64521 689599
803202 -570012 309043 223239
939636 940468 451172 269045
-765340 -393470 -762886 750100
-633322 227291 -808803 -656502
-283877 -549846 380759 781115
-272891 -417877 -462505 16244
-550135 -582459 453361 543654
-160431 170896 716764 729084
860168 -713394 -524829 879837
-110521 -870436 -911041 365675
-960710 -919379 932910 -385229
162818 -410737 -388801 -625205
224667 -69516 -306604 983745
513414 -961372 81793 72936
681341 199872 -658898 478304
-926674 847202 487156 752125
-489110 578336 -962424 221955
890868 28468 756073 993551
724522 253917 -610950 -456648
910654 283710 -781868 -792536
-744937 353597 870856 -483235
244746 -972949 423703 -513715
-966616 522506 -628296 806465
-802411 314130 -144035 -352807
-862441 -72495 -100498 -524299
-467358 -129646 -356751 165607
900860 -106967 -232776 755067
-348579 375481 299600 546777
217991 -364645 594611 -824392
10744 469424 -944909 -554922
628526 -978907 352242 -477148
-214 842757 -549644 469584
141484 614434 -985562 301753
-710147 593398 148533 435863
-340084 876723 467368 503535
465074 -107363 205808 -458054
-986453 -802068 868475 218123
96922 -908586 930381 912733
599677 -658558 -583978 -628774
265927 557453 -398437 894077
-849451 631339 648794 -340596
-763831 -66544 -12556 -503304
-951578 239252 -67876 -931916
-97728 465949 125840 -357023
310555 -433739 -357852 480107
918466 300848 -170798 -702914
-160431 170896 806001 -673436
-402344 -752995 166260 -397480
-664258 -552364 895405 470426
244032 386243 -723783 359433
-353962 211166 -298016 -749680
594611 -824392 830502 606815
-366399 -557185 -113271 -39802
-214783 -279999 310640 -94256
-581131 -189132 525229 -138571
907234 225626 -960343 -773438
880280 -889076 -880501 532263
-50802 830716 833943 -821140
255273 101178 -681451 288214
10744 469424 -719253 -957611
598569 -161067 347328 921210
825626 426225 -262678 -195470
690147 -993713 396384 932887
-161407 693263 493288 -687417
-986399 -640185 -724524 -895945
-200548 213437 -214983 288723
-648464 -902772 -933536 519783
-298479 -643143 831062 531374
-986453 -802068 446136 346838
-501397 -265771 586520 -355894
-812276 -110229 -358286 -352620
513414 -961372 212751 452147
162889 995450 -750975 933895
-650377 539840 -439448 -120220
-878526 865697 -907554 -915620
-550135 -582459 299970 650632
-652262 336434 -442250 -932044
477365 661160 -579451 -532029
1025 212682 -452092 -517146
394798 -905675 778992 544659
870996 699416 358227 805013
-730812 738593 -574885 -637212
-998119 -790087 218867 -41461
-246764 -996695 -288049 -168150
810109 844861 -519512 432809
297078 595635 -68486 -87179
149746 890217 459384 -759354
-949096 -832661 -660206 726948
889532 -117424 72042 -116670
684515 -421303 -517551 213142
756093 753277 504620 -16666
-171770 -962224 -707780 324401
-905372 -982727 444968 343774
527548 -633051 134494 -557865
-990110 -143012 824698 322058
-706784 -455689 -550803 321576
292635 -453455 1890 533272
1025 212682 -933977 825595
-975715 -779956 535710 239527
-802411 314130 981258 -625201
-996377 599699 -509008 -784507
9640 -368209 -761415 699242
-74842 967981 713732 937143
619264 914208 820419 -452942
-310205 -135827 -763330 47931
-91337 272603 -441131 -317319
792032 -927849 466522 -825745
-402868 837434 -901064 -227541
-774700 217320 -56860 -174488
730311 889284 611898 -418361
-991633 789872 -990039 978906
-797967 171900 -33489 365730
-579451 -532029 95565 -702687
-33489 365730 832419 -446908
-663675 -898797 611438 -374081
-846850 -402446 703345 505340
-642171 558728 -748212 419781
510144 868752 210308 -516362
-639410 193192 -264331 262558
-973729 -302169 18968 -312621
-450292 -177199 944981 -688843
-113134 -266238 535272 828754
-878526 865697 220966 -503636
825626 426225 -71550 69465
357100 -34373 -386443 -685009
18968 -312621 498357 816845
-526910 -152399 -751524 -443790
-599759 80283 474035 -365908
467368 503535 940840 613365
-452092 -517146 426701 362404
870856 -483235 754204 -472352
922567 780050 627751 762730
122717 -564472 -420551 626573
-95914 -555933 -989585 863992
78517 -345770 -750837 -422499
152637 -198820 -907916 1025
396211 -340219 410627 338453
17954 315721 914257 -483615
149746 890217 -243720 -307486
-379413 -858849 267406 766198
122943 -935317 130666 -862303
248959 308791 532327 241917
-876568 -601293 779684 572219
768050 182093 804342 -145006
-568215 246534 -504201 151700
-184390 -322269 103649 258401
-439365 661055 771544 -330813
-436946 -47604 382019 -757001
-844423 802283 -186756 339039
-988440 771262 191172 -491932
-836362 -661256 -225894 696340
-944909 -554922 406150 -774277
-757752 -965882 -322760 900750
307387 585236 -735919 470100
-102850 -748969 202039 -672838
-462913 -203917 428858 922990
839583 809035 570536 -910240
-373709 815652 -662504 -740480
137725 832476 140578 -869015
151358 -111764 -820989 -187851
510144 868752 -635695 825422
887421 90673 332592 -402187
-131756 553467 772980 -837616
-381493 918189 285413 712028
404891 115996 856774 -970035
-550803 321576 663728 439102
254147 14679 473749 235462
440804 58233 -885317 249202
-120249 -511050 677233 -188332
11708 -894459 -914936 -119428
-744054 910455 671437 299057
862347 -486806 877843 746283
-925967 880728 -261811 765565
806001 -673436 705054 -482553
-357488 -162224 55766 -439753
822282 278523 -236623 -548177
455357 610522 -854310 -608776
10646 -984890 267180 161504
-685728 -124391 -746043 786325
-142147 -650147 -361673 931425
525229 -138571 -614560 128798
-597924 -220687 715375 538899
-680464 -318990 264097 232690
-95914 -555933 -17477 790990
-492269 72056 -985975 -725695
95565 -702687 970395 42882
442198 133716 995652 -751061
-665564 742657 -856924 -434660
-763831 -66544 685500 -265698
-358999 -674542 -20174 -412538
-641401 222795 -920731 -431828
-425095 -191258 488776 -578058
262177 -516811 -970433 95647
275875 487762 -642918 -729808
-214783 -279999 487083 304703
-196669 16706 -362244 -593454
-130854 -448605 -598386 511531
-744937 353597 602626 -271302
-399562 -647380 77310 152673
-851045 -130469 719796 -441562
373873 -25851 933757 329434
427780 889140 -27740 -900148
-318313 -52157 330651 -515915
897853 -71744 -534256 22820
812239 848138 -255758 -673742
-954064 309328 -251707 -418648
658466 347228 -367080 715947
529142 -136858 -83109 59910
-379111 453551 37759 775984
-390287 781886 90963 -282696
-372631 -507054 74961 285835
396459 -42233 774979 -780887
978420 228056 -303383 -5828
733049 -191982 -10784 -824138
-841069 -527030 -405960 -223226
-672782 726878 86037 -663327
-265700 666425 -497232 -349549
934893 -603360 167473 -168361
-876568 -601293 -922328 810016
344019 837274 188529 396086
465074 -107363 709372 404217
566637 494961 469931 152971
-763447 -654054 -873858 146723
-462505 16244 -872645 -697356
498357 816845 -404085 362957
839583 809035 228832 67769
675776 -587581 -307286 -284449
551235 869003 -60676 972987
-607254 -633515 -68118 -772316
184700 771478 -412724 -286610
292082 -16496 183508 -515140
839583 809035 248057 138524
130666 -862303 948473 193880
822198 832267 -596560 814949
303614 -55501 67072 420800
125840 -357023 -894658 726653
-887214 542738 -647876 -711093
-922328 810016 44880 84694
-556078 -412840 -858686 -458019
804342 -145006 -936280 527241
857194 254938 659582 -85041
159067 -608439 -850890 840032
344019 837274 -115224 -729362
-140000 -66306 -68480 127560
-114296 29408 -994203 -48539
-815964 881103 -470758 357297
-450644 131012 758038 -15536
-959051 -994443 -10912 -958200
522692 701896 613437 84949
403446 -379200 586853 328205
-498112 11894 -158446 -928751
-653776 515913 -516172 133837
-836362 -661256 -79716 -596083
111998 605514 -101495 -541977
199417 933949 517279 257978
459384 -759354 -249963 -481472
-504201 151700 446841 -252421
-500993 -71261 581335 -547716
253626 -154136 331637 -632632
616935 -748043 -262293 -55814
-113134 -266238 63273 211669
-707780 324401 780631 258479
869347 869725 535768 -530053
591242 829215 409054 27229
120116 212059 544533 -469056
441774 383329 708500 712079
-885952 -369434 61756 -229028
993363 -90654 532394 637261
586520 -355894 827255 -805493
-43676 200938 11491 465267
-416256 -512964 28837 -949602
729756 556446 956547 503720
-822077 926089 657122 -674110
36791 527488 -244659 -508855
-367080 715947 -244416 156493
-35216 204816 197202 821355
-341214 597184 -651585 -628009
941455 392082 -958520 -124824
527394 -430895 112209 -988532
964896 688484 511861 930633
177463 917950 -460528 -232514
358227 805013 920630 -929288
-366446 -188124 -184575 -798047
427155 -560516 238030 341849
-117014 257901 138803 744081
-87242 953464 -745829 -42741
-807560 -176571 -25501 -431625
220681 -831063 -909177 -431032
467578 -732777 419756 15321
627751 762730 651006 -273048
577660 -767281 926143 251406
793418 -955306 728645 -293974
830196 226896 630845 -332875
-755617 678446 867800 -995684
535345 -567476 183801 657945
779684 572219 235550 -696880
449786 -858042 316692 532059
24239 -985170 -354331 465541
-140000 -66306 709740 720316
865301 -785739 859728 -98138
-379600 150137 -209892 -679653
-681451 288214 210816 -687396
162554 -180646 189999 -557707
106807 -545886 -817692 260249
-261811 765565 410626 762908
-681905 535415 -23128 341975
994345 -979739 341306 -319509
-842494 -403218 -705111 -811962
-266788 -1030 913083 330678
-113134 -266238 -395848 674558
-622610 610235 -469992 825570
463764 -348116 -587095 174851
-747360 -448234 -546628 -529285
267180 161504 814114 540129
-330425 -451832 -947588 -392334
357100 -34373 415711 736141
-836487 688141 -748873 -552694
-36972 -702183 113879 -685108
-353962 211166 -517604 -631434
-461287 -711842 -694376 842230
467892 -946092 -844359 -144206
734202 -401425 -180251 -694105
-640930 683542 395998 569456
-985908 -82067 680325 -309290
391093 -922817 -77045 280129
-616447 -426576 348365 520422
856443 -365426 -585227 147583
36791 527488 -352695 109133
835250 -721010 587426 431095
-482325 800206 838896 -783342
-965584 430655 232281 -821180
422647 75532 155822 -399263
427155 -560516 764778 -834634
-713290 52479 960725 946297
45724 2653 676843 -598091
-620226 -672992 -265253 48865
-160431 170896 -516670 -688061
55916 -868370 132745 -559608
-641984 783229 18902 865296
963114 -567033 -121915 105099
-983809 -652073 937851 -390303
199417 933949 -851303 -180752
369564 997006 -560666 282179
-552549 -187839 563970 967832
105146 162962 -92662 497913
-752304 903353 -826791 -538632
487156 752125 -402113 -907560
-373709 815652 552755 807167
-209892 -679653 431529 -740912
388701 548925 -802064 102026
309043 223239 -346374 -708864
442198 133716 -93099 962684
-214 842757 -636693 -92788
151296 -619996 -26769 -715896
-78475 405644 -185657 -67133
595042 719895 249102 780055
-211953 593819 -899186 757725
380796 -308480 437412 519494
492781 -530134 634772 295144
-827683 156351 -306035 -272023
565779 -359929 804828 755169
-262678 -195470 -799452 11283
503963 -669870 -27105 -928420
999231 484534 233444 -115518
-79716 -596083 -502497 -984313
-993651 35085 -361220 623914
372856 -980454 80671 -264207
-457757 -225168 -773411 532782
-758334 96253 640908 250701
275875 487762 18584 -957567
-60676 972987 950821 745745
-907916 1025 968937 497687
-758334 96253 -935594 -515176
889695 413692 591379 347538
131196 392199 601014 -305210
365508 772346 -518837 16526
-560666 282179 -956586 916314
227782 -556708 -692405 371616
394798 -905675 -943575 -424958
755190 401049 -865171 -89580
-711024 380857 428512 -843650
372856 -980454 -306498 -116210
261588 -174349 352490 -851653
-394043 618701 -803568 887351
-271620 471776 980205 362667
-897161 795606 -179982 -53552
-636693 -92788 -504642 679999
-437619 -758692 -631904 -137450
-568215 246534 518410 482765
112209 -988532 -830258 -495013
522692 701896 29944 939012
336795 312372 -39926 823263
-687386 -44452 354655 -372234
97224 -566861 434049 -32096
-51417 -497532 267683 -11022
-751524 -443790 -419683 -571495
-175591 -341509 716804 -336323
-230098 153171 172575 -363622
-549644 469584 -107469 -574698
-723967 -554494 853298 778826
-127479 -409809 -581371 -860580
736294 -446358 -783486 463672
93326 573438 -605372 977226
-799708 -458630 -368254 -399684
-709503 -209434 158087 31109
831062 531374 -209411 -958362
-985721 664702 -984031 360883
685978 521340 -949056 -509357
856443 -365426 -421663 96101
715375 538899 261691 -236392
858603 -139808 422966 -332089
9789 243473 -720453 -15695
877623 138843 483199 -729511
462230 918531 -320485 -997650
-272993 397568 -976361 -524946
980205 362667 -551678 -704099
-250268 19053 -38721 -796159
267683 -11022 -99712 -361202
713845 -694719 -571261 -18702
-317469 -489973 -142694 -685929
510931 821308 -725713 983785
-853517 108254 674475 -824005
-437551 -261658 -360628 998800
-760360 957721 -955584 614341
385772 -598771 197489 339110
-186756 339039 638371 429896
835250 -721010 -608013 871025
-184748 719282 788268 -385956
-423542 -819226 15939 -595238
-87597 118296 -722360 18403
-715609 -173967 361959 281932
