1
2000
521665 610986 -762124 -754758
-762124 -754758 -863111 -761884
-863111 -761884 -728589 569644
-863111 -761884 836532 -32914
836532 -32914 265191 292536
836532 -32914 -469423 714719
521665 610986 509848 265617
-863111 -761884 566480 -236755
265191 292536 -617560 971233
521665 610986 -833508 866726
-833508 866726 -914849 -223652
-728589 569644 715662 741003
-863111 -761884 -289748 979949
-833508 866726 -777093 920840
-728589 569644 658669 -895194
836532 -32914 -626022 -96946
509848 265617 -661694 -127530
-469423 714719 -420837 -169521
-289748 979949 437347 -102031
658669 -895194 537569 -951111
537569 -951111 772330 -307359
437347 -102031 317364 419946
521665 610986 559323 -99249
559323 -99249 -591554 -989856
566480 -236755 -85723 408838
-420837 -169521 752128 -331068
-420837 -169521 561379 783674
265191 292536 -797914 -765971
-617560 971233 -234600 542671
437347 -102031 -797043 -801166
-420837 -169521 831893 -752824
836532 -32914 -339367 -169248
265191 292536 591682 548720
537569 -951111 -44979 450753
537569 -951111 -704598 259598
752128 -331068 -524483 517649
-339367 -169248 448111 -348068
437347 -102031 -992446 -386551
-863111 -761884 -756560 -224374
566480 -236755 58897 69443
-524483 517649 -676194 9871
-469423 714719 -715020 -966256
715662 741003 -115865 -756163
836532 -32914 -478885 600626
-289748 979949 340744 544774
437347 -102031 -553942 -857311
-797043 -801166 -7906 124529
-756560 -224374 -404180 -414409
-863111 -761884 -466459 -905708
836532 -32914 814378 -395376
-289748 979949 132035 -615199
-553942 -857311 929294 -914446
-7906 124529 -363924 -402832
-863111 -761884 117476 73109
-617560 971233 -122108 -182127
831893 -752824 -272402 686854
831893 -752824 -411949 -545957
-411949 -545957 886500 890269
-728589 569644 99869 -222078
-524483 517649 68506 471760
772330 -307359 907489 521041
752128 -331068 -108975 140201
752128 -331068 -903245 -598607
929294 -914446 857913 347100
-339367 -169248 108454 243274
-404180 -414409 -903316 -266257
-833508 866726 -691295 935240
-704598 259598 -864171 -46327
-756560 -224374 -228139 413689
-289748 979949 -429338 619720
-797914 -765971 462483 -600343
566480 -236755 624783 492805
-44979 450753 -957497 108801
437347 -102031 42893 -735258
437347 -102031 -480306 457860
591682 548720 -302692 350886
-833508 866726 913439 411132
42893 -735258 -895081 94895
-591554 -989856 449256 -802692
-404180 -414409 81660 50985
-429338 619720 -700816 -728697
-108975 140201 588959 -868234
886500 890269 -316265 229170
752128 -331068 981278 -502349
907489 521041 910324 -376373
561379 783674 826640 -603389
-122108 -182127 610218 63271
-591554 -989856 992073 660789
-914849 -223652 391696 360900
-777093 920840 237252 -363180
521665 610986 907366 332583
-591554 -989856 687298 118183
-762124 -754758 20692 316242
340744 544774 -879715 558160
-469423 714719 -825613 231795
449256 -802692 479507 -42016
-661694 -127530 -324835 -447908
-7906 124529 -651810 -194678
509848 265617 -246741 -369104
857913 347100 -169931 -911981
-825613 231795 400595 -454242
-480306 457860 -197508 -47381
448111 -348068 -238231 -260432
-289748 979949 8283 -234281
826640 -603389 -320051 -21328
715662 741003 -805606 -493777
-324835 -447908 375674 486140
-524483 517649 6979 -38344
-320051 -21328 962649 -832884
375674 486140 292065 -622242
624783 492805 -999096 954492
20692 316242 9469 -343401
-420837 -169521 -190515 -14693
-833508 866726 -258483 -514251
-676194 9871 -82324 -436322
588959 -868234 -968954 -987855
-777093 920840 930450 206137
-466459 -905708 -20609 87519
-879715 558160 682676 -649430
682676 -649430 -228396 723720
-411949 -545957 913849 436734
-903245 -598607 -665723 -513209
-863111 -761884 -656648 943833
-469423 714719 -303280 -359266
-957497 108801 187542 449976
-303280 -359266 -672320 -960285
929294 -914446 653203 -181653
-665723 -513209 -658817 522946
886500 890269 -760121 -30611
-324835 -447908 -262616 -405943
814378 -395376 -506370 287302
653203 -181653 -353818 -173096
566480 -236755 780173 964997
462483 -600343 38437 -848590
317364 419946 193045 825085
-903245 -598607 -26089 254941
-968954 -987855 860946 -714169
653203 -181653 -296391 169201
521665 610986 -571482 748645
-234600 542671 -269260 -263546
653203 -181653 -47278 136074
-296391 169201 47086 733373
-303280 -359266 261370 -562962
-269260 -263546 254290 906577
913439 411132 149382 -754703
-404180 -414409 337879 591857
-506370 287302 159300 641946
254290 906577 -736901 -135187
826640 -603389 625820 -484962
-302692 350886 -523378 636253
588959 -868234 -629935 684132
-339367 -169248 782111 300898
108454 243274 552186 288640
-20609 87519 -174267 507661
-506370 287302 -715947 -861580
6979 -38344 -600105 135181
-651810 -194678 567530 749447
-903316 -266257 738695 -168879
-903245 -598607 -814219 771109
479507 -42016 -259590 -529665
-404180 -414409 629044 926461
-591554 -989856 -671140 378117
-691295 935240 -247082 748544
-797043 -801166 -247003 -498382
-115865 -756163 60752 -892465
-797914 -765971 -651884 -778097
588959 -868234 823723 -653076
-480306 457860 -760456 -446376
-316265 229170 -714027 610408
448111 -348068 165014 -462025
340744 544774 -671261 -774798
-247003 -498382 -911749 181102
-968954 -987855 -138349 349922
42893 -735258 -365761 -500276
340744 544774 -873003 264998
42893 -735258 -721453 -949254
462483 -600343 486920 -31995
559323 -99249 -108506 -849949
-656648 943833 716970 150126
-316265 229170 -587325 -515408
132035 -615199 998837 738981
-138349 349922 -576307 545081
-108506 -849949 -877102 -716919
687298 118183 942075 -87806
-676194 9871 291899 882685
-629935 684132 -287918 -801151
-760456 -446376 -654011 -790726
-877102 -716919 -21135 -958366
-506370 287302 -393034 -533840
629044 926461 27506 810917
-992446 -386551 -928153 -175008
-466459 -905708 -356756 -594805
-259590 -529665 -536477 -286770
-272402 686854 -313436 -308762
-814219 771109 -210608 -316986
930450 206137 -688524 -789007
625820 -484962 -602677 834863
-524483 517649 -242905 -263710
20692 316242 110352 -968085
-303280 -359266 70598 -966395
559323 -99249 -189418 -240317
-658817 522946 882868 670791
-704598 259598 -157513 791233
81660 50985 -103420 -200610
-762124 -754758 172779 316882
117476 73109 975543 -740521
27506 810917 26566 776520
291899 882685 228655 -435372
942075 -87806 -3228 -498732
-656648 943833 -354357 412893
265191 292536 806348 462789
-914849 -223652 -772148 879354
780173 964997 73250 -126305
-903245 -598607 -748532 -126822
653203 -181653 -300858 -15241
537569 -951111 -322314 -130599
-197508 -47381 -294369 792223
629044 926461 91559 -187456
-26089 254941 -573653 585052
-654011 -790726 -785243 20484
-103420 -200610 -422826 -715923
-573653 585052 -52925 243964
-721453 -949254 -112294 -227449
391696 360900 -985374 965062
836532 -32914 -83292 -213821
-353818 -173096 -412277 471289
73250 -126305 383158 109070
-480306 457860 73717 119886
-228139 413689 -982536 -19534
658669 -895194 -791519 736138
20692 316242 652199 -673448
-651884 -778097 -448540 991572
806348 462789 -642466 -825656
-756560 -224374 523566 97756
-715947 -861580 73555 -597770
-999096 954492 -708329 318516
-957497 108801 276158 642540
73555 -597770 -209487 -473739
-363924 -402832 739646 888401
-363924 -402832 -245395 656790
-553942 -857311 81360 44371
-44979 450753 729429 762656
907489 521041 -434081 569978
-247082 748544 -819370 -497874
-209487 -473739 -922418 -647814
449256 -802692 -298591 -692184
-3228 -498732 390266 154745
-671261 -774798 -628997 576242
823723 -653076 -144215 927552
58897 69443 -384193 627356
-714027 610408 -370331 -470717
20692 316242 980155 367662
836532 -32914 -988332 663794
739646 888401 588297 366019
-246741 -369104 358754 995789
-797043 -801166 886709 560142
8283 -234281 657372 685915
-303280 -359266 -361249 21395
-228396 723720 -547446 -417438
-748532 -126822 -685678 541353
-322314 -130599 655728 -119385
68506 471760 111391 201880
-772148 879354 -828911 34760
-777093 920840 -563225 -161727
383158 109070 537260 -51404
-228139 413689 685371 -566991
-363924 -402832 290895 -496646
-189418 -240317 -261779 412866
108454 243274 -252112 -300746
292065 -622242 948433 -925963
-879715 558160 774132 -814521
559323 -99249 797329 677337
-108975 140201 -65332 637970
358754 995789 176961 86514
-536477 -286770 -571863 -763
291899 882685 461567 383720
-448540 991572 -855780 487764
-478885 600626 767819 -937498
-420837 -169521 -725896 -42599
-393034 -533840 213511 -3279
-245395 656790 -358509 37544
81660 50985 615151 264997
60752 -892465 -954480 49850
610218 63271 -981868 -614860
27506 810917 -204202 695842
-553942 -857311 402684 616313
-3228 -498732 -433981 -957964
-269260 -263546 -641402 -57360
-245395 656790 -685877 835319
-536477 -286770 -835940 44871
948433 -925963 772502 -552277
-999096 954492 124634 276318
340744 544774 -310209 -709200
437347 -102031 345413 -38095
461567 383720 318320 403781
998837 738981 367905 -603080
-433981 -957964 673168 271462
-721453 -949254 276373 431239
-762124 -754758 854243 -231539
-895081 94895 -799589 619325
-296391 169201 -295839 40666
-700816 -728697 697458 -93315
-895081 94895 113995 704353
-316265 229170 259118 -896077
165014 -462025 407459 218131
-715947 -861580 450486 -608643
857913 347100 786384 611515
276158 642540 -51187 174245
-748532 -126822 -120919 -753235
-122108 -182127 479437 -214875
-261779 412866 -821391 -888962
-51187 174245 119196 365701
687298 118183 -645787 -27581
910324 -376373 473793 -609695
6979 -38344 111347 767983
-756560 -224374 883941 427346
-728589 569644 518457 499466
588959 -868234 301016 526381
449256 -802692 -778536 -163920
-3228 -498732 -473637 53307
479437 -214875 962297 911423
276373 431239 -106806 -361245
-797914 -765971 680554 219517
886709 560142 -451970 -338272
-968954 -987855 948032 715738
407459 218131 -973091 410863
8283 -234281 351010 -111920
-112294 -227449 -231160 550489
981278 -502349 935663 757975
655728 -119385 135856 -721124
-3228 -498732 -252683 -616037
-805606 -493777 -197087 -772239
-261779 412866 -288462 474253
658669 -895194 -702503 -202816
383158 109070 -968575 24949
-736901 -135187 -485701 -366359
351010 -111920 -860384 -732362
228655 -435372 -507769 27280
-922418 -647814 363613 -618722
-324835 -447908 156338 801159
73250 -126305 -303593 -476779
-303593 -476779 4745 631467
276373 431239 -43018 163992
-204202 695842 161386 343720
-805606 -493777 82153 -236142
780173 964997 -950305 772615
-762124 -754758 929761 696284
-628997 576242 -237617 -656765
782111 300898 604540 18834
391696 360900 -892020 -66796
254290 906577 900629 -594105
929761 696284 84703 -905370
82153 -236142 -122149 345297
291899 882685 868584 731851
8283 -234281 915151 167737
-760456 -446376 -757601 417584
337879 591857 -466902 862337
-665723 -513209 -778668 -258757
-642466 -825656 369660 352416
261370 -562962 -528515 -344640
588959 -868234 481419 28297
301016 526381 -675640 11926
-422826 -715923 127341 615698
-83292 -213821 -725214 653046
-429338 619720 251455 -700725
975543 -740521 695666 784811
907366 332583 -584414 -871202
-247082 748544 -392834 -564565
38437 -848590 273561 994900
-261779 412866 414356 -526385
340744 544774 141691 771949
-469423 714719 863647 622600
273561 994900 -965810 -229743
407459 218131 -420586 950861
729429 762656 518581 -998605
962649 -832884 936961 449261
-112294 -227449 -75157 57875
27506 810917 194641 703417
521665 610986 626884 89187
-506370 287302 -587487 59907
883941 427346 -100383 -446604
-480306 457860 -368663 339239
-174267 507661 -291241 730141
-651884 -778097 149534 966937
-247003 -498382 767434 -655963
-600105 135181 164243 -897869
-524483 517649 -856094 218660
68506 471760 72742 774013
-772148 879354 284671 652341
449256 -802692 -174538 -282220
-228139 413689 570432 -213222
-44979 450753 881309 -762021
391696 360900 -777718 -227476
774132 -814521 -957995 215864
695666 784811 908127 544796
479507 -42016 308125 352620
-485701 -366359 602659 528047
-316265 229170 -331781 729597
27506 810917 -481149 446256
-316265 229170 -202763 751820
-7906 124529 -894500 -184327
-760456 -446376 -882215 749126
119196 365701 -945329 -972413
948032 715738 -158420 609656
-656648 943833 -329323 -385455
-473637 53307 660640 69902
437347 -102031 -240368 78061
47086 733373 -12687 709171
657372 685915 796794 400076
176961 86514 293859 899362
-300858 -15241 761952 375816
284671 652341 -481702 827385
292065 -622242 -156860 387984
-247082 748544 -632410 -905312
-234600 542671 675927 -599298
948433 -925963 230874 -72715
193045 825085 -620720 -958435
981278 -502349 90295 -485430
-571863 -763 649759 196373
-777718 -227476 935351 -424849
673168 271462 593959 413965
797329 677337 471077 843456
73555 -597770 198421 440178
-702503 -202816 -37982 -832181
913439 411132 -211770 -41582
-322314 -130599 -146261 884339
-478885 600626 831773 103286
-828911 34760 761498 -662069
-353818 -173096 84138 -778627
-252112 -300746 614446 -669321
172779 316882 965337 20135
-523378 636253 -422259 498705
752128 -331068 -22826 951701
-368663 339239 614060 -628585
-982536 -19534 -285921 566328
414356 -526385 645782 27757
-404180 -414409 292735 970024
110352 -968085 762613 599449
-911749 181102 -959053 -623788
614060 -628585 -779297 28229
-945329 -972413 -624827 558971
-928153 -175008 -718349 380659
772330 -307359 897376 -440221
687298 118183 -984259 256062
772502 -552277 -497781 20680
-434081 569978 -75666 -963347
110352 -968085 -277652 28337
149534 966937 -748671 -512514
73250 -126305 85615 326229
-478885 600626 932801 -39595
-721453 -949254 163526 -732867
-791519 736138 -951966 988747
-451970 -338272 -481820 89753
-814219 771109 927144 -168116
42893 -735258 -508881 260192
-661694 -127530 848432 -914794
-43018 163992 855669 614330
-106806 -361245 -607655 195231
-772148 879354 247259 440094
-671140 378117 -112693 749366
-146261 884339 -287819 -787118
836532 -32914 -603098 -358050
113995 704353 -537470 -199322
-573653 585052 -531429 705792
113995 704353 -643381 -705314
831773 103286 236940 674586
762613 599449 997926 -29779
655728 -119385 -901084 -458930
-238231 -260432 890664 429932
-779297 28229 836843 -69613
-189418 -240317 -951006 965403
-772148 879354 472059 769157
981278 -502349 10504 286221
-571482 748645 -426180 -210717
113995 704353 -3441 -41981
-959053 -623788 -952300 -554025
-607655 195231 -748473 962057
-772148 879354 -5379 927198
900629 -594105 -34995 -458452
-22826 951701 -621198 587358
8283 -234281 70166 821485
236940 674586 108348 -10099
907489 521041 957062 18890
-353818 -173096 456774 -887232
-138349 349922 -506087 -401414
391696 360900 723957 -971352
81660 50985 867403 474712
42893 -735258 718648 803669
-952300 -554025 -755572 601178
660640 69902 730853 656184
-433981 -957964 -539454 494940
715662 741003 -583744 -191286
132035 -615199 -603593 199884
-83292 -213821 333935 565584
-691295 935240 -12187 123088
797329 677337 390318 209463
301016 526381 -437905 -687862
-144215 927552 -469885 241636
610218 63271 -344512 975066
682676 -649430 -226766 700589
980155 367662 -354230 832223
-240368 78061 -737653 436766
-821391 -888962 -781434 371982
826640 -603389 -397456 -344071
868584 731851 999474 203788
883941 427346 -676098 -301445
-779297 28229 874789 581199
-384193 627356 -191440 174121
652199 -673448 689789 586112
-982536 -19534 900315 589921
-138349 349922 -530301 -544516
772330 -307359 -35831 -211102
-959053 -623788 974526 657216
-481702 827385 954551 -634856
729429 762656 -180436 756239
625820 -484962 -537503 876202
907489 521041 982619 -465597
935351 -424849 -222452 828048
-643381 -705314 905695 845667
-736901 -135187 -525832 975338
-825613 231795 -121812 230835
291899 882685 450206 -251077
407459 218131 -203634 823775
-190515 -14693 -380142 -95797
-174538 -282220 718875 797964
723957 -971352 674418 72830
729429 762656 318944 896132
-992446 -386551 -12396 -913616
-624827 558971 -370609 847020
-757601 417584 107006 -363920
390318 209463 534507 237198
-778536 -163920 969779 8730
-211770 -41582 232183 -946302
-737653 436766 756682 803804
-322314 -130599 -644914 327473
982619 -465597 922766 623162
-685877 835319 -602061 -220762
-607655 195231 -159053 845637
-728589 569644 505335 -474983
-757601 417584 879488 -73409
-952300 -554025 47231 388261
156338 801159 369217 641843
509848 265617 -305579 864950
567530 749447 -250065 -404817
652199 -673448 628586 -996726
-785243 20484 876448 628284
340744 544774 -873228 173749
-197087 -772239 493352 57930
-508881 260192 174012 -544079
674418 72830 752204 251702
-651884 -778097 408389 632963
-190515 -14693 292426 -800240
867403 474712 -912446 52036
161386 343720 320231 326562
450486 -608643 -552942 931737
505335 -474983 -589310 960099
149534 966937 854527 332681
-43018 163992 907548 -376449
340744 544774 -746792 477048
645782 27757 185484 821368
236940 674586 416692 -621826
-656648 943833 385238 -131056
194641 703417 -693768 -534133
110352 -968085 -291557 -960514
-12687 709171 872845 -159688
-957995 215864 -912584 812487
-772148 879354 547770 224261
876448 628284 -753781 -839723
-485701 -366359 -91870 728897
-922418 -647814 -208880 850252
767434 -655963 -382453 635905
-238231 -260432 -281186 473142
390266 154745 -383399 -966760
-353818 -173096 -820702 682735
-222452 828048 -230687 -7524
317364 419946 81725 327985
351010 -111920 -811666 88053
-685877 835319 924071 -680957
-103420 -200610 63407 -596946
149534 966937 475188 824407
-112693 749366 180442 904873
-5379 927198 -645707 -91381
236940 674586 -682563 100468
-671261 -774798 -810349 237428
163526 -732867 578037 -369866
-231160 550489 -676608 -801357
-981868 -614860 733849 -847152
645782 27757 508414 709163
-169931 -911981 -642255 522331
475188 824407 -9523 178874
-291241 730141 -653232 -848262
-714027 610408 -152963 -257172
-879715 558160 -178460 738770
-298591 -692184 299120 -805168
-178460 738770 431283 288995
-197508 -47381 -944290 -874840
547770 224261 -316751 836314
486920 -31995 380086 985523
58897 69443 -164738 -799839
907366 332583 -447328 502005
-903245 -598607 -134020 -38296
-912446 52036 154305 -711832
806348 462789 934201 210181
-12396 -913616 442269 706155
-209487 -473739 -30429 -643341
-602061 -220762 698409 -985818
-329323 -385455 501865 -619548
980155 367662 -605793 338966
-361249 21395 33987 643369
910324 -376373 -827272 761193
-571863 -763 346539 958806
-892020 -66796 -47351 -712018
-536477 -286770 -610477 -814172
872845 -159688 -820369 10397
-47278 136074 882293 948922
-563225 -161727 -27582 -253085
-91870 728897 364528 -700887
-685877 835319 515138 890700
293859 899362 752639 -281135
786384 611515 233833 -676587
-481820 89753 13863 -126020
591682 548720 719869 569455
73250 -126305 648640 632125
-202763 751820 531755 -943931
521665 610986 679055 284512
-412277 471289 370921 300685
-339367 -169248 504966 -596152
13863 -126020 -446172 373618
370921 300685 830923 54206
-437905 -687862 -174619 3573
531755 -943931 -668576 644060
-9523 178874 -132852 845910
-968575 24949 -47705 -439504
531755 -943931 840349 -440729
689789 586112 -326782 112309
-91870 728897 -703217 533109
-368663 339239 -510321 390072
761952 375816 688282 -905017
333935 565584 995006 -176149
-693768 -534133 -962710 -711180
367905 -603080 -14511 32396
-628997 576242 -2326 219974
-671140 378117 -523636 -753875
292065 -622242 312182 -846230
-755572 601178 936119 326677
-626022 -96946 992280 751619
-169931 -911981 -601922 779980
-466902 862337 537030 -726206
578037 -369866 -435442 -38191
981278 -502349 564313 992481
312182 -846230 693631 787993
402684 616313 -943925 -259622
910324 -376373 497582 -250524
-999096 954492 -279002 -27558
962649 -832884 -679014 430380
-928153 -175008 850024 -445484
369217 641843 242968 895902
-944290 -874840 623630 115037
-245395 656790 840651 -408858
660640 69902 51117 -853666
-746792 477048 973264 591749
-112294 -227449 393689 659401
-231160 550489 -997 -353663
-528515 -344640 -23359 529556
653203 -181653 -619868 413578
-303280 -359266 609969 999293
-973091 410863 -48771 508599
761498 -662069 333351 -356137
-997 -353663 122088 513117
-481702 827385 578442 652524
-785243 20484 775826 408038
-715947 -861580 -291691 -523461
-703217 533109 157196 493279
317364 419946 419931 -818898
-748532 -126822 -453493 809136
-108506 -849949 102121 631338
-736901 -135187 -29567 419614
-573653 585052 402265 -593003
-952300 -554025 -622822 557412
876448 628284 -388555 896493
-158420 609656 24298 -87062
149534 966937 -283488 211196
-384193 627356 924360 -969792
-651810 -194678 -410933 538205
-3228 -498732 -171322 286856
857913 347100 178133 -849325
-20609 87519 720880 -371060
58897 69443 -260977 291639
317364 419946 -339232 571354
-632410 -905312 860338 825468
-285921 566328 -516384 -411339
-892020 -66796 459722 903212
99869 -222078 -347184 -434445
-895081 94895 -770086 -789802
-313436 -308762 95422 -212814
292065 -622242 -823583 -5678
954551 -634856 -508898 -217125
-281186 473142 863692 200925
626884 89187 916438 308291
-700816 -728697 -497748 -766780
-451970 -338272 705255 37665
-563225 -161727 387929 -325800
614446 -669321 222091 685099
117476 73109 -668349 -522426
-653232 -848262 666913 -486543
213511 -3279 -212897 -632128
24298 -87062 127122 359240
609969 999293 9041 182805
479507 -42016 828859 -801635
578037 -369866 325889 -216622
907489 521041 -995793 914388
-497781 20680 -576159 806411
674418 72830 -405872 460983
-778536 -163920 974951 -758573
588959 -868234 -813839 -417163
-426180 -210717 -526058 509144
739646 888401 -745947 278093
127122 359240 774411 993539
-190515 -14693 -292271 -107635
416692 -621826 -121245 -849316
-530301 -544516 678354 -549081
559323 -99249 -820353 -451994
679055 284512 201934 410128
969779 8730 227111 200319
689789 586112 -689324 413397
-671140 378117 665454 -177599
723957 -971352 921857 -32868
-894500 -184327 -874685 -270128
-82324 -436322 -887537 -518691
718648 803669 -43607 464600
-392834 -564565 -547825 -628705
752639 -281135 -642850 -106399
135856 -721124 -728522 199849
-682563 100468 -631057 607979
273561 994900 -969913 318729
-641402 -57360 458675 943810
-506087 -401414 406443 -839682
-819370 -497874 -529198 -292341
653203 -181653 -275398 525324
9041 182805 197699 -531635
-29567 419614 -110552 -986264
299120 -805168 -244565 240577
-571863 -763 -363583 -852977
936119 326677 -242134 -402611
197699 -531635 292910 -767424
-291691 -523461 -757288 882115
273561 994900 953961 506492
-892020 -66796 -72137 16911
921857 -32868 188393 927155
419931 -818898 444121 425078
-668576 644060 971292 -306147
-29567 419614 -141787 77884
-370331 -470717 -761580 -159870
-65332 637970 -620629 164608
-108975 140201 -840823 536412
345413 -38095 -501646 -598127
942075 -87806 395286 95327
537260 -51404 -559011 659942
957062 18890 -292521 -882032
-174267 507661 -328606 -291292
-799589 619325 -131047 321444
-882215 749126 122214 363703
-965810 -229743 221274 549890
752128 -331068 932710 339174
-770086 -789802 346196 897084
486920 -31995 -484964 173384
81725 327985 455164 702118
-855780 487764 -562501 -832353
-120919 -753235 -907313 283332
-83292 -213821 -850023 -819466
-506087 -401414 -885917 103672
221274 549890 -224533 526636
-23359 529556 -11455 488043
772330 -307359 212653 -657816
910324 -376373 231183 -942638
10504 286221 496536 600973
-622822 557412 14387 928593
132035 -615199 -309038 290195
-466459 -905708 77768 -718181
-810349 237428 -336685 824094
922766 623162 -591976 -152688
367905 -603080 -811274 -815808
-363924 -402832 -486858 -607401
-26089 254941 -748829 40178
-158420 609656 -837266 -844051
780173 964997 424933 -226216
609969 999293 -496523 826847
161386 343720 -700176 -77917
-361249 21395 -872916 490319
-728589 569644 -168610 613919
-370331 -470717 716529 960808
738695 -168879 449524 404705
387929 -325800 -677936 945523
872845 -159688 -462487 119685
188393 927155 -707800 992210
673168 271462 -394533 -900379
-944290 -874840 462718 430413
-85723 408838 106314 -567909
68506 471760 765009 986549
-508898 -217125 508079 988421
221274 549890 -52228 954644
518581 -998605 105615 -821836
975543 -740521 80868 870713
72742 774013 203130 -864151
-363583 -852977 -496819 -499501
-676608 -801357 -463136 313614
-855780 487764 -69334 64960
141691 771949 -282459 346140
953961 506492 986077 -629256
390318 209463 -278007 709723
242968 895902 -350998 682169
407459 218131 651729 225572
-777093 920840 -564135 315942
380086 985523 -27721 -921091
-631057 607979 106733 -746652
-237617 -656765 691167 -210483
561379 783674 792815 -427169
992073 660789 -590821 -798223
-762124 -754758 -486981 951876
9469 -343401 190892 619974
213511 -3279 679637 230350
935351 -424849 -1378 -483320
-957497 108801 975060 529672
-380142 -95797 905222 -547933
-305579 864950 151460 -302932
351010 -111920 80252 -853619
-208880 850252 12503 -408592
806348 462789 589798 -548751
-529198 -292341 -987719 -439027
-877102 -716919 446954 -959850
273561 994900 -704304 538787
-370609 847020 251743 -703172
122214 363703 529583 -591392
774132 -814521 -780334 -901649
-106806 -361245 -680953 -536213
-296391 169201 -580254 -574756
-164738 -799839 -977017 -492600
942075 -87806 710410 869980
-120919 -753235 409623 275102
-27721 -921091 -444393 -501897
90295 -485430 -105738 507542
-631057 607979 209 -609233
-661694 -127530 657741 -966096
-204202 695842 324508 -53027
957062 18890 -844313 415785
-725896 -42599 739819 617523
836843 -69613 -708478 677306
930450 206137 -802852 879946
-356756 -594805 623683 259606
-999096 954492 327133 -623995
-420586 950861 -883107 188623
51117 -853666 -617975 -507379
604540 18834 242107 -672238
-65332 637970 -759379 151471
193045 825085 50513 154982
-309038 290195 950315 680515
-422826 -715923 -281336 309794
-510321 390072 -359331 69228
874789 581199 -546081 314231
-911749 181102 -596146 589582
-291691 -523461 -263270 -821497
-44979 450753 -663200 -211846
-405872 460983 370098 -86885
-644914 327473 -288514 445597
-605793 338966 -364467 896413
276373 431239 -215301 318913
259118 -896077 385816 958529
-748671 -512514 966003 -321714
24298 -87062 -56487 870001
-952300 -554025 985889 607664
718648 803669 140834 -993688
775826 408038 -149447 -992270
518581 -998605 -925290 -543523
-138349 349922 979299 866885
718648 803669 -982596 -598167
761498 -662069 319255 992958
-653232 -848262 885569 867009
-215301 318913 -172449 575619
119196 365701 -585005 993375
-263270 -821497 -508696 -927451
797329 677337 -750197 975215
337879 591857 298117 -28850
462718 430413 877835 -235301
752639 -281135 731454 696690
-589310 960099 -417436 451757
986077 -629256 -763512 -890855
-466902 862337 -431794 420477
38437 -848590 -714216 -509477
70598 -966395 654390 -974703
-27721 -921091 89309 -915892
-422259 498705 -595975 229907
610218 63271 923719 -898476
20692 316242 321950 -990425
156338 801159 -489533 -843424
623683 259606 -524118 61065
-410933 538205 -250027 112550
-708478 677306 252930 764538
-447328 502005 32470 -535385
20692 316242 -401978 -708188
-785243 20484 -955153 523945
154305 -711832 326068 8961
187542 449976 354601 81680
-22826 951701 -193020 593358
806348 462789 548036 345373
201934 410128 384691 464528
321950 -990425 982022 700392
675927 -599298 -210057 -806296
-138349 349922 -424815 -185508
176961 86514 -132724 371302
-703217 533109 516009 682477
-529198 -292341 891694 -226713
-392834 -564565 -616162 -715496
720880 -371060 -356688 -525258
-231160 550489 451478 -551844
782111 300898 -349247 283976
698409 -985818 246643 659314
187542 449976 -698212 -549277
-3441 -41981 381027 400963
-105738 507542 377500 -48773
-682563 100468 -277115 186714
497582 -250524 137231 331138
-364467 896413 -368979 93978
73717 119886 602951 -492637
-805606 -493777 550116 -201607
604540 18834 -683420 -475146
-462487 119685 -505808 942771
-530301 -544516 876262 -235795
-263270 -821497 932179 -726679
-11455 488043 -848643 -319997
-242134 -402611 442810 378770
496536 600973 -519021 409943
-547446 -417438 987176 -370573
-211770 -41582 460730 -871439
236940 674586 -128520 424752
-624827 558971 617185 250981
481419 28297 -472244 -890804
-617975 -507379 -306121 -159611
-272402 686854 511749 -73110
-962710 -711180 826651 18857
-368979 93978 541585 232196
409623 275102 -674782 39484
455164 702118 736679 848325
367905 -603080 465802 972357
497582 -250524 52374 409008
455164 702118 595312 -765228
521665 610986 -25448 250392
-209487 -473739 -800849 -70501
-473637 53307 377938 605841
471077 843456 -769522 -70240
377938 605841 234824 175566
-397456 -344071 -114189 373996
-799589 619325 824742 -872546
-174267 507661 239175 -94512
850024 -445484 971880 24495
-628997 576242 247625 603446
-759379 151471 -147629 23188
-952300 -554025 54188 1954
-605793 338966 296002 895189
221274 549890 -273175 720318
-658817 522946 12052 -7071
-510321 390072 823498 942540
-497748 -766780 -438690 -174380
772330 -307359 -525484 -240393
-347184 -434445 -493812 -619128
-336685 824094 552320 194209
442269 706155 800003 416860
505335 -474983 -380410 -891521
431283 288995 -411292 -910020
971880 24495 765428 743980
-800849 -70501 -711064 -397047
113995 704353 -393097 551474
954551 -634856 -398278 -704233
980155 367662 -796721 324845
-426180 -210717 -130227 -822843
-296391 169201 766764 -709107
292735 970024 174762 204453
-149447 -992270 890056 6287
658669 -895194 881460 180428
-912446 52036 56031 -70016
-755572 601178 -762104 -605252
658669 -895194 117822 -551884
89309 -915892 446496 957913
860338 825468 -991071 218705
450486 -608643 -558759 -180052
883941 427346 -442460 867424
-275398 525324 -286114 146292
198421 440178 -519820 -786216
185484 821368 871611 109038
157196 493279 825843 -341629
197699 -531635 856561 -456397
-303593 -476779 495385 -717775
730853 656184 493148 360033
628586 -996726 598847 -393639
-728522 199849 -364084 514311
-29567 419614 -244034 -405651
879488 -73409 -659579 -798997
-928153 -175008 -241113 -512569
965337 20135 487764 -800985
-968575 24949 480390 -155437
-310209 -709200 720165 182732
63407 -596946 -509266 272749
163526 -732867 243713 -263984
-590821 -798223 418091 433528
736679 848325 368598 852028
980155 367662 996970 -794858
965337 20135 823038 -7609
-529198 -292341 -196622 -349366
518581 -998605 -580968 -461612
739819 617523 -260421 -147803
766764 -709107 457965 -561201
-306121 -159611 -957852 -889250
-725896 -42599 -300394 -684649
738695 -168879 -1922 825799
246643 659314 -756502 302112
99869 -222078 -972393 582893
629044 926461 311581 744122
-856094 218660 391685 -418402
689789 586112 -390816 945434
-435442 -38191 742554 100360
400595 -454242 349373 -556706
-193020 593358 373495 -103140
-228139 413689 -47434 -788242
982619 -465597 843996 628890
-600105 135181 -396357 -306903
-624827 558971 912485 23355
752128 -331068 568699 -823580
658669 -895194 174659 -807772
-451970 -338272 89507 447251
472059 769157 -895968 274679
448111 -348068 236946 -194073
-288514 445597 -474433 -628246
-903245 -598607 -269209 548052
-226766 700589 858752 -190741
-756502 302112 -460272 963478
496536 600973 534547 138724
921857 -32868 -444480 908653
-363924 -402832 810779 944750
221274 549890 -927194 -110537
-289748 979949 899377 435409
-770086 -789802 -338863 -354259
883941 427346 123671 170651
-282459 346140 -889349 49438
81725 327985 654936 -666377
863692 200925 266473 783186
863647 622600 970125 -554048
237252 -363180 -314976 282595
373495 -103140 943275 800830
-132724 371302 -75147 777751
-685678 541353 483291 -45283
679055 284512 901242 -654363
424933 -226216 -802921 523716
479437 -214875 596029 -39172
-180436 756239 -556276 646345
855669 614330 -598912 418702
855669 614330 -123112 -541807
-587325 -515408 990360 406772
-617975 -507379 377729 -509844
-968575 24949 158529 55751
446954 -959850 -974955 284182
-478885 600626 -842777 338736
-72137 16911 121368 -234473
-872916 490319 462988 -200684
-944290 -874840 -468579 452585
883941 427346 357593 -652557
-995793 914388 -829050 52339
-339232 571354 402320 280075
-144215 927552 556736 -276045
-278007 709723 180214 -177419
-800849 -70501 358308 730069
151460 -302932 306407 373720
-671261 -774798 -372696 -271385
-448540 991572 250691 -798556
962649 -832884 -975654 -318340
325889 -216622 420511 -58906
-349247 283976 -216235 -724987
689789 586112 435075 774654
-112294 -227449 904069 -540834
27506 810917 338172 -672452
239175 -94512 934044 -844990
242968 895902 -577281 -361284
198421 440178 -507167 520264
-44979 450753 -314571 -682196
-282459 346140 -833379 -343336
602951 -492637 -99866 450896
242968 895902 365925 890524
221274 549890 397346 -801451
826640 -603389 -181760 -90313
337879 591857 347524 -956056
-642466 -825656 973720 -897653
-600105 135181 -605876 -845055
981278 -502349 -464914 566911
-181760 -90313 646535 770899
132035 -615199 700100 143576
752128 -331068 -664969 587214
629044 926461 -696889 -4707
99869 -222078 736086 24184
-559011 659942 816133 -712277
752128 -331068 -617553 537449
879488 -73409 -479295 -649632
-957852 -889250 -290634 -56809
831773 103286 641094 786109
121368 -234473 640761 949471
-448540 991572 368385 742870
158529 55751 647637 725264
-5379 927198 -927211 -804488
688282 -905017 475159 355050
319255 992958 -533980 -900644
-537470 -199322 566393 998697
-844313 415785 586065 -837743
-3228 -498732 -975552 -663671
-952300 -554025 528581 -20515
-714216 -509477 -450651 -201207
54188 1954 -712514 958283
876262 -235795 849547 -760668
907366 332583 -571368 145402
718875 797964 -25142 -314035
-833508 866726 576730 -935580
761498 -662069 576419 398620
-620629 164608 4631 -730968
953961 506492 292733 -144838
-840823 536412 -300674 -464078
-736901 -135187 28072 -550184
121368 -234473 75269 248213
905695 845667 781764 853042
-844313 415785 533880 -922533
419931 -818898 -489291 -422234
70598 -966395 -405126 -821230
251455 -700725 -89197 647063
-620629 164608 -907009 -304302
814378 -395376 -761163 -527352
836843 -69613 322941 655978
814378 -395376 -96684 -533734
518581 -998605 -11376 146347
-620629 164608 157248 -40003
-563225 -161727 -964603 -344942
-141787 77884 -58919 -834145
883941 427346 234487 -62862
-238231 -260432 34209 220677
-380410 -891521 265369 -87285
905222 -547933 -548108 -878615
-48771 508599 109794 894459
-708329 318516 -101884 -428201
924360 -969792 -634444 -70359
739646 888401 972025 -58220
472059 769157 -414873 -154692
-108506 -849949 -943218 409235
528581 -20515 352455 842158
157196 493279 878757 214294
-202763 751820 -560113 -198026
596029 -39172 -91640 199649
-433981 -957964 -209436 -521001
-928153 -175008 -711328 97762
564313 992481 51861 779944
-260421 -147803 -898620 651358
111391 201880 773560 -803140
-132852 845910 -65437 -425814
-691295 935240 -369267 737292
-404180 -414409 663651 -182537
-519021 409943 -975041 -390107
157248 -40003 340453 347488
-429338 619720 576943 913396
987176 -370573 686311 302279
-962710 -711180 98305 -553535
26566 776520 371263 693374
-287918 -801151 -604360 -704886
-174619 3573 -184845 110219
-89197 647063 -804338 -922919
-273175 720318 -108694 92794
523566 97756 -361597 492478
-621198 587358 169477 719036
998837 738981 -261501 -83624
-224533 526636 47366 49362
-925290 -543523 -504569 320450
-759379 151471 -622203 115143
614446 -669321 61322 -347520
640761 949471 320058 -231613
-5379 927198 240960 -398409
836532 -32914 -33144 -353317
-760456 -446376 -868235 669594
-103420 -200610 635139 747787
576943 913396 -649516 432881
-303280 -359266 -835175 -55529
-951966 988747 -362603 81194
733849 -847152 -615581 9670
973720 -897653 312091 -649398
855669 614330 -344174 337167
-819370 -497874 397035 921842
-411292 -910020 305123 -817459
537260 -51404 -676905 -196013
-12187 123088 595179 -161138
60752 -892465 -25768 222907
719869 569455 916252 307254
-848643 -319997 -564610 894964
-962710 -711180 984693 -316182
132035 -615199 -960644 -354021
-837266 -844051 -395851 704281
881309 -762021 -538022 -200836
276373 431239 96507 -740098
32470 -535385 -113950 -635387
-128520 424752 13951 491608
259118 -896077 -868823 48753
-943218 409235 606202 561903
-404180 -414409 -548218 -919654
716529 960808 -23458 -587797
-171322 286856 612647 191923
962297 911423 -630018 49956
251743 -703172 -281810 -968142
-615581 9670 891868 504386
327133 -623995 -701409 32264
-121245 -849316 -338419 418186
-649516 432881 -894167 -676939
905222 -547933 -892508 329861
-446172 373618 153941 553832
84138 -778627 269201 -857393
157196 493279 -408269 812479
137231 331138 797839 586808
-152963 -257172 -290044 700791
-252683 -616037 -898678 -17325
716529 960808 721214 874056
625820 -484962 340969 -817140
-704304 538787 509056 -176072
-359331 69228 -348032 -4232
-164738 -799839 -866350 720080
-827272 761193 -6657 386896
340969 -817140 562732 -610489
-664969 587214 844557 49525
691167 -210483 -855990 -796580
462718 430413 -438087 -922680
-466459 -905708 622734 651878
194641 703417 963219 724917
913849 436734 655128 192701
178133 -849325 850177 -893858
-556276 646345 -513286 781660
77768 -718181 17322 -393930
-438690 -174380 -803794 -263082
-231160 550489 -751708 244969
107006 -363920 846502 -771477
511749 -73110 952783 -553333
73555 -597770 -923072 -103171
774132 -814521 632244 855892
886709 560142 400625 555535
974951 -758573 401774 381261
451478 -551844 669645 112726
-811666 88053 -136803 454148
26566 776520 334596 349116
-184845 110219 756178 -379987
-856094 218660 -825646 -563412
652199 -673448 -482834 -49628
-736901 -135187 900974 933229
276158 642540 613841 989780
-202763 751820 660328 -252035
319255 992958 121375 579661
-634444 -70359 -21332 98238
-688524 -789007 -491296 545073
-303593 -476779 -422599 310981
-757601 417584 -288830 929425
-755572 601178 -423165 266396
-368663 339239 823722 320855
-23359 529556 -146736 -16266
-975654 -318340 859961 683873
459722 903212 -576389 -9066
-25768 222907 975513 740011
786384 611515 538708 714199
547770 224261 888444 598421
720165 182732 -719492 255780
846502 -771477 237103 -78837
531755 -943931 976844 -796251
337879 591857 -410100 -577252
-147629 23188 75421 -17870
623630 115037 -519333 252939
-711064 -397047 -886612 -43508
-620720 -958435 95188 865831
-700816 -728697 657940 -547941
-497748 -766780 601080 -856066
836843 -69613 407702 -160396
948032 715738 -669845 192082
-903316 -266257 -95076 74430
-372696 -271385 -804300 -971612
647637 725264 633453 -357450
-466459 -905708 750766 -40411
61322 -347520 -922136 800330
-873003 264998 -699498 984778
292065 -622242 549653 -572302
518581 -998605 728324 904114
-669845 192082 -240280 309106
-708329 318516 -995835 -284531
84138 -778627 -854186 797910
-172449 575619 10922 514517
826651 18857 451805 341256
999474 203788 756884 -742894
-668349 -522426 -802353 -569997
626884 89187 -350395 40257
236946 -194073 -808271 130570
276373 431239 179490 -739859
-760456 -446376 -90442 50216
460730 -871439 473341 -522071
-1378 -483320 -635195 -643252
91559 -187456 648512 -462966
-356756 -594805 -140054 202651
922766 623162 -697058 694500
-700816 -728697 968159 -455077
73555 -597770 -722215 -230338
370921 300685 627066 -855877
-99866 450896 -482979 -248990
698409 -985818 519928 -133053
397035 921842 -646894 848724
-711328 97762 -718918 -450567
-356688 -525258 750627 1612
231183 -942638 -902651 -152643
-649516 432881 239882 -454072
-209487 -473739 747814 984344
-969913 318729 -373837 -823570
-604360 -704886 -919462 859133
-676905 -196013 -215512 317610
518457 499466 442839 894416
916438 308291 -959376 -890671
137231 331138 784255 933236
435075 774654 588803 -551650
-313436 -308762 381365 109668
905222 -547933 937566 987053
876262 -235795 -409294 -953583
471077 843456 155154 756213
907366 332583 -456451 -688415
-489291 -422234 33390 408877
762613 599449 -655728 8639
-247003 -498382 -883280 -774700
-748671 -512514 654597 -119993
400625 555535 299498 -382497
-422599 310981 222795 -314708
-269209 548052 724641 799975
-309038 290195 695222 -505950
-302692 350886 -865561 -161693
-383399 -966760 128213 369512
552186 288640 -872417 -381222
292735 970024 -661511 -794557
974526 657216 596025 -596101
-960644 -354021 302102 -31102
-281186 473142 -659189 575311
99869 -222078 239998 884042
876448 628284 -297428 -258052
-338863 -354259 959289 87272
-473637 53307 995977 -272086
750627 1612 649829 944892
982022 700392 298578 823381
-622203 115143 -906355 -446354
974951 -758573 784723 227406
84138 -778627 528010 -892912
-598912 418702 465465 117427
246643 659314 972272 950631
-448540 991572 -615651 -426017
556736 -276045 -723487 783867
-762104 -605252 -614899 354780
-196622 -349366 130357 -670309
-305579 864950 -973108 -376541
-303280 -359266 533654 619915
400595 -454242 -874930 617773
948433 -925963 -868966 -861509
127122 359240 135114 778553
448111 -348068 484724 -122064
-52925 243964 436044 -548642
-810349 237428 -938355 433676
-808271 130570 -475450 794887
-184845 110219 -686766 -570130
333351 -356137 -400983 457785
663651 -182537 -738279 -515390
959289 87272 402499 24214
-676905 -196013 -530149 877699
-52925 243964 711485 -239772
678354 -549081 -28043 152097
-108694 92794 -512699 -593132
84703 -905370 -500392 137969
-778668 -258757 -757699 -337567
306407 373720 388293 -876469
784723 227406 -878035 499421
756682 803804 -910675 359092
697458 -93315 -478603 -736281
-757288 882115 -485866 -279854
-907313 283332 -679490 345767
549653 -572302 -754625 -571311
-115865 -756163 897501 -696514
368598 852028 53982 120163
715662 741003 -139125 -21072
56031 -70016 -798331 818049
388293 -876469 564106 -740712
-630018 49956 250422 508322
480390 -155437 695164 157998
-178460 738770 723665 178871
50513 154982 -340152 151444
-314571 -682196 -738700 -559785
598847 -393639 582213 846791
562732 -610489 625893 -522302
739646 888401 -404551 -158983
-278007 709723 -444683 353920
213511 -3279 -217945 79076
-286114 146292 373739 710738
992073 660789 846898 922728
-759379 151471 771660 898923
-481702 827385 255044 -168612
-589310 960099 -475070 -940307
-12396 -913616 128659 -560659
654390 -974703 -38977 -904230
-423165 266396 -145493 -40539
180442 904873 801216 -660349
665454 -177599 498284 -20983
651729 225572 316458 809215
-813839 -417163 -687032 102244
157248 -40003 -659881 894162
124634 276318 -547940 643277
971880 24495 664966 45990
697458 -93315 -747613 -805283
-30429 -643341 -705120 -408674
-536477 -286770 -590031 -141281
338172 -672452 -72668 -149933
-751708 244969 -424045 -710265
-982536 -19534 470570 544234
-496819 -499501 -3737 850811
693631 787993 -387909 -647767
-33144 -353317 525891 -620082
-769522 -70240 611422 -352439
-661511 -794557 -431226 -747633
153941 553832 -95489 514289
-675640 11926 180111 -880028
-974955 284182 -311972 -590291
-992446 -386551 -194888 -213701
-336685 824094 548494 628240
718648 803669 995526 126453
-174619 3573 -951623 -286450
519928 -133053 -283254 211571
-442460 867424 -842053 -312698
-894500 -184327 -533841 -333709
-120919 -753235 31357 915183
-215301 318913 -125655 -173561
509056 -176072 284847 555319
299120 -805168 801400 275058
963219 724917 -178396 -311586
625820 -484962 -170087 -558362
860338 825468 -331579 628155
716970 150126 39005 472296
-984259 256062 -884794 -852861
981278 -502349 148987 993717
682676 -649430 187072 -989408
-573653 585052 -886945 776724
-497781 20680 -487693 -711697
-47705 -439504 -647420 -519243
936961 449261 -854993 -442709
187542 449976 660023 -489424
233833 -676587 773413 -683985
346196 897084 711362 -923094
566393 998697 -589452 461909
-587325 -515408 460840 -565024
974526 657216 -128224 285096
-29567 419614 545719 -181072
377500 -48773 151731 753544
-781434 371982 -612879 292243
185484 821368 981025 141510
-369267 737292 -350408 -934500
521665 610986 471587 -122039
-754625 -571311 -701875 945712
-353818 -173096 771460 802647
-122149 345297 -788894 -429007
-865561 -161693 -231459 762871
-297428 -258052 -809042 -173617
-854186 797910 223795 -524686
-691295 935240 18672 -347806
-748671 -512514 83386 -277165
102121 631338 470329 981361
-23458 -587797 -311542 -124118
121368 -234473 623796 -658333
-610477 -814172 960582 -81641
-168610 613919 -775202 -355043
913439 411132 677383 -302764
419931 -818898 -652146 864907
-645787 -27581 -208137 128467
840349 -440729 181332 -464228
948433 -925963 -259868 -518
-889349 49438 -848874 -981238
-775202 -355043 -148682 -110401
705255 37665 -229350 225926
-273175 720318 -187436 57602
635139 747787 522278 392137
52374 409008 -100861 -816195
-889349 49438 -733664 611397
-324835 -447908 420621 516492
-701409 32264 -821825 -909644
-422259 498705 3853 372247
-762104 -605252 863669 804660
518581 -998605 265772 89501
33987 643369 -128090 740335
-507167 520264 -689645 91451
-169931 -911981 601506 -935744
-721453 -949254 460984 -536375
259118 -896077 -585467 -353809
-718918 -450567 -783695 311997
-778536 -163920 673199 -481364
-892508 329861 337922 382993
254290 906577 569386 -466899
239882 -454072 -844007 -866769
52374 409008 418907 -645998
-800849 -70501 -399921 857369
625820 -484962 432930 -878535
400625 555535 225117 382472
-864171 -46327 -122317 -854350
797329 677337 670639 -172335
-868823 48753 927987 -388261
325889 -216622 641157 507160
-689324 413397 131430 -60282
-228139 413689 440930 -95603
601080 -856066 182157 -391085
-621198 587358 -404807 50391
-96684 -533734 -310595 16009
885569 867009 610177 -926539
-298591 -692184 -198427 -361897
387929 -325800 114381 291947
-863111 -761884 -754848 -371599
-691295 935240 -895862 617410
-886945 776724 -376355 151196
-969913 318729 152320 -140486
943275 800830 -781171 -812918
-329323 -385455 773116 -981279
-754625 -571311 -514756 -483041
254290 906577 445027 787920
-903245 -598607 738010 85831
623796 -658333 116528 670673
222091 685099 681940 -338021
-294369 792223 -2978 607789
-197508 -47381 609733 536979
47366 49362 -139284 -152725
-246741 -369104 781942 -140298
-860384 -732362 -286183 -668158
-170087 -558362 484794 -413124
99869 -222078 978991 73901
816133 -712277 665750 -59793
658669 -895194 549222 -597852
-303593 -476779 188549 407583
-991071 218705 650220 -330981
890056 6287 697350 -882830
965337 20135 37618 213192
-825613 231795 -993162 -295746
765009 986549 -32197 -178244
-1378 -483320 -833356 -722777
-473637 53307 -775824 -8772
913439 411132 257781 914243
442810 378770 -239543 -525764
495385 -717775 -206507 -196708
-601922 779980 -210940 -468632
-700816 -728697 700379 -529765
-383399 -966760 237969 -506264
324508 -53027 -161790 -718143
677383 -302764 -516030 -629666
611422 -352439 568162 461650
34209 220677 520698 580187
-612879 292243 907699 -559312
324508 -53027 -59771 31977
863669 804660 -308285 154916
174762 204453 -673853 434321
-115865 -756163 259531 -547929
128659 -560659 247631 621919
432930 -878535 -114771 327386
-112693 749366 447419 605136
72742 774013 517216 841039
646535 770899 986647 -142131
698409 -985818 146891 994096
203130 -864151 964073 -545550
-689324 413397 284902 947652
4631 -730968 -463122 697653
-147629 23188 749470 -793656
756178 -379987 -264845 -618602
-145493 -40539 -85140 -384801
-189418 -240317 88165 -423009
-48771 508599 161232 -326024
660023 -489424 -249354 22771
-602061 -220762 -250463 -739530
292733 -144838 250509 -923987
-907009 -304302 805731 922654
-615581 9670 -398110 107858
-275398 525324 927999 206958
-383399 -966760 322460 -486217
-539454 494940 -631101 -696382
-655728 8639 395100 -460173
-512699 -593132 -80195 106854
-21135 -958366 -469020 581812
-52228 954644 875634 -216230
-328606 -291292 -543299 -174120
-228396 723720 -220773 -191491
528010 -892912 -981685 -913826
-99866 450896 -992005 433503
-75147 777751 540171 488562
75421 -17870 734542 -358201
907366 332583 -250163 -426169
51117 -853666 772691 -741556
-649516 432881 111830 -221944
-370331 -470717 -596685 -662589
-975654 -318340 256110 -593345
-580254 -574756 -573211 -704539
-591976 -152688 804786 -957788
165014 -462025 -593618 218886
-108975 140201 -470952 868708
451478 -551844 -290896 31259
-651884 -778097 -802671 102811
-972393 582893 816670 133572
4631 -730968 760292 236049
953961 506492 -738056 5841
-738056 5841 802674 -28950
-208137 128467 -674474 99320
719869 569455 -599642 -508496
596025 -596101 -195423 262450
578442 652524 567792 -15545
446496 957913 235544 240169
436044 -548642 760171 534312
116528 670673 673916 -408026
-100861 -816195 755101 -390798
-725896 -42599 -235204 345668
-519820 -786216 569377 641096
509848 265617 672367 585332
240960 -398409 -865342 -371589
-925290 -543523 182157 -396533
-811274 -815808 942296 579435
-944290 -874840 -639442 -163832
942296 579435 581393 -540259
451478 -551844 170622 -116079
250509 -923987 245271 -400785
349373 -556706 -257209 326953
33390 408877 -179709 -663195
-759379 151471 -382253 -523397
-130227 -822843 88427 711879
-825613 231795 -428398 959227
-361249 21395 405498 -17515
857913 347100 433101 -293718
-291557 -960514 803450 888121
-245395 656790 -879113 -213461
-95076 74430 -637318 761997
-370331 -470717 -50330 795702
-399921 857369 285001 -245788
456774 -887232 289037 375165
180214 -177419 -618723 360267
-547825 -628705 72433 -517471
-131047 321444 645296 696962
13951 491608 -920278 -645388
966003 -321714 180736 267518
924071 -680957 -321220 110344
-560113 -198026 -641602 -373919
174659 -807772 849600 176198
-191440 174121 -155124 483850
-659189 575311 956027 353532
640761 949471 544747 -120763
-281810 -968142 -953470 595750
406443 -839682 741034 294384
-442460 867424 968823 -64142
406443 -839682 -678806 -217103
679637 230350 377529 902830
929294 -914446 205628 -301179
905222 -547933 890993 -265949
-393034 -533840 592222 639354
-907313 283332 473535 -603181
-701875 945712 308430 972254
-912584 812487 -175315 -449700
-600105 135181 -970987 -48629
369217 641843 -563283 171495
-652146 864907 108201 -288517
-630018 49956 -339028 -614381
937566 987053 -103164 332627
665750 -59793 174520 -566567
-473637 53307 867547 610653
-902651 -152643 148089 406483
395286 95327 -841455 772677
437347 -102031 576713 573221
290895 -496646 -176747 869787
-927211 -804488 891711 299512
158529 55751 594905 -695628
-100861 -816195 190822 -364123
-321220 110344 852315 801300
385816 958529 -427167 443174
844557 49525 -566797 -834420
562732 -610489 -518062 297114
251743 -703172 348668 -138484
221274 549890 -987827 -631423
-580968 -461612 223484 988951
-463136 313614 -390582 235539
-907313 283332 -109175 790790
990360 406772 -88635 224404
-132852 845910 -421650 -277860
82153 -236142 -903586 802096
561379 783674 9425 -170751
-52228 954644 455306 -951631
407459 218131 -397250 15191
-47434 -788242 -455704 -101204
-308285 154916 -716406 18490
971292 -306147 -845647 -96682
-868823 48753 -244219 233499
-866350 720080 -193930 769605
614446 -669321 149090 607722
-999096 954492 110365 207738
724641 799975 652802 636443
-992005 433503 397723 454450
899377 435409 792894 509522
654390 -974703 125972 784379
792894 509522 -379826 92095
948433 -925963 327789 -583919
534547 138724 604978 279907
-714027 610408 325025 -791672
971880 24495 -813336 644119
365925 890524 720400 575752
-715020 -966256 -785415 877643
80868 870713 899664 -128041
-216235 -724987 790447 -120767
-278007 709723 505459 -236371
-353818 -173096 -736084 -541626
927999 206958 17851 922838
237252 -363180 -758350 475831
774411 993539 -692195 43155
358308 730069 64108 530497
935663 757975 494511 -385508
308125 352620 233906 18261
-482834 -49628 993262 84059
352455 842158 -997097 635186
-969913 318729 -264495 -435746
562732 -610489 447269 753778
561379 783674 -521288 -142232
614060 -628585 860001 382853
-32197 -178244 -869845 -175621
-533980 -900644 -962441 -371495
-75147 777751 846001 578728
151731 753544 874630 -390664
660023 -489424 -169576 -622679
675927 -599298 -748278 572044
907548 -376449 855110 -631935
47366 49362 913601 801312
-758350 475831 546390 959457
369217 641843 312719 989031
846898 922728 -271633 -630063
519928 -133053 -121910 -864830
728324 904114 962519 -561721
595312 -765228 881805 773720
891868 504386 245271 -748284
-344512 975066 -345622 -907818
-9523 178874 -997197 -985855
-668576 644060 423313 124360
609969 999293 -668840 -600634
284671 652341 -511153 -358674
765009 986549 375135 672440
-241113 -512569 -977123 50316
201934 410128 145368 -945186
-943218 409235 392470 220304
169477 719036 866363 317225
-35831 -211102 -493681 358625
84138 -778627 441288 -980003
-123112 -541807 423005 -610722
-428398 959227 73148 -669348
-246741 -369104 268195 135259
-622203 115143 140454 886438
-928153 -175008 993430 671990
-566797 -834420 -659993 14846
-889349 49438 86181 -28440
-259868 -518 -184917 29851
98305 -553535 208117 535156
-47434 -788242 358740 -623890
-434081 569978 312090 482968
-241113 -512569 -376240 801120
-156860 387984 439430 946028
-211770 -41582 -755341 635271
-109175 790790 161925 -761757
982022 700392 68613 29594
-821391 -888962 -898162 -180260
594905 -695628 404370 529325
-211770 -41582 250153 -764510
508079 988421 355133 606269
9469 -343401 -142729 -496674
936961 449261 740112 253650
254290 906577 475464 622360
-842053 -312698 927696 -135527
-259868 -518 214263 -364496
756884 -742894 -317876 601734
-313436 -308762 -677783 628061
-573211 -704539 699440 -42391
-673853 434321 781434 187127
772502 -552277 226427 872518
843996 628890 148424 683936
-197087 -772239 -689014 632152
-508881 260192 -19791 717525
-350395 40257 -106288 26726
-960644 -354021 85775 268693
269201 -857393 -96780 -447614
-692195 43155 -643925 -875177
145368 -945186 -839584 534301
163526 -732867 858692 -951547
-184917 29851 -280723 526659
-372696 -271385 -152708 833093
-481702 827385 254050 820723
84138 -778627 564546 814626
-132852 845910 -527489 735695
-431226 -747633 107813 691469
384691 464528 823585 -730660
-974955 284182 426844 -910089
-122149 345297 -222330 -56399
-388555 896493 -866117 -143213
247625 603446 793303 247164
-693768 -534133 -494583 -647783
640761 949471 -763925 959821
250691 -798556 -719146 -3252
-756560 -224374 241106 -688602
823723 -653076 733659 251135
-748473 962057 -196778 -949992
-675640 11926 728380 400739
950315 680515 216187 -812519
-903316 -266257 -837035 -797292
-799589 619325 -747910 794074
400625 555535 655421 761735
-481149 446256 -945674 863317
623630 115037 -273686 -329893
-869845 -175621 180411 -66168
-982596 -598167 10015 21075
-278007 709723 731235 828376
771660 898923 996658 624747
-863111 -761884 49565 682996
-736901 -135187 -803039 -426941
-560113 -198026 406257 605309
-310209 -709200 805453 -210591
716529 960808 803639 862433
881460 180428 946831 -118766
375135 672440 -871002 664515
449524 404705 72447 508
-37982 -832181 974463 818126
883941 427346 184140 -270921
-537470 -199322 -853744 506093
-988332 663794 878615 804614
-866350 720080 -595007 513366
-664969 587214 -980364 749979
-261779 412866 -458301 751094
216187 -812519 -463211 680073
855110 -631935 670218 -577522
-576159 806411 186369 499730
-451970 -338272 -616248 496410
-882215 749126 -121821 -906320
225117 382472 -33096 792791
-616162 -715496 -866704 64093
673199 -481364 989720 -905047
750766 -40411 747433 -319491
913601 801312 -457876 751945
-240368 78061 853119 -974087
736086 24184 -140190 -589947
-531429 705792 434137 -959304
774132 -814521 605403 872974
-202763 751820 -157024 36633
882293 948922 899985 -469883
900315 589921 -797033 615853
-210608 -316986 474104 -455857
736086 24184 419410 -843367
-354357 412893 -193558 -725372
216187 -812519 570129 -840431
975543 -740521 518855 -715963
-345622 -907818 858784 -113695
119196 365701 536842 -400368
-645787 -27581 565630 -792658
-136803 454148 576523 -16619
966003 -321714 -288944 -881771
135114 778553 50789 -534466
-901084 -458930 351668 -320866
-463122 697653 -190972 -639739
-321220 110344 -829620 974861
245271 -400785 -634642 -291404
564106 -740712 795404 -45354
194641 703417 514992 -78420
840651 -408858 853283 -506751
-32197 -178244 832758 360968
111830 -221944 -607720 -193464
418091 433528 -586036 -150301
805453 -210591 339890 312585
174659 -807772 791190 -892529
576713 573221 -98335 -656839
-240280 309106 116176 -699995
312091 -649398 815904 226318
-987719 -439027 -489789 -385440
33390 408877 130732 -80238
853119 -974087 -381782 546819
-722215 -230338 861775 876492
800003 416860 -405174 332232
-802671 102811 -52410 844341
-984259 256062 -507332 355575
51861 779944 971406 -593087
-676905 -196013 192911 557741
-258483 -514251 756003 -223785
-564135 315942 112649 -863772
720165 182732 -392759 819437
-344174 337167 191306 922012
449256 -802692 -647919 -689743
364528 -700887 -670965 587654
522278 392137 118617 -530943
-482979 -248990 149732 -314355
953961 506492 844018 584656
-288944 -881771 342984 -405892
373739 710738 -303910 -116468
327789 -583919 -472972 -362948
-302692 350886 -753612 -835026
-682563 100468 -948600 935343
-802671 102811 -190061 -425065
-493812 -619128 -896310 -417523
974526 657216 -877408 473383
296002 895189 -826401 55198
796794 400076 725284 -995626
473341 -522071 -825783 -183077
657940 -547941 -646204 -477993
-474433 -628246 -326292 -658581
904069 -540834 -540263 637724
-3441 -41981 -369257 -669295
-703217 533109 -841466 -357311
9425 -170751 -157602 19672
-507167 520264 -454383 587374
-184845 110219 -586035 991627
-50330 795702 -888098 763355
-480306 457860 894410 -297630
-174619 3573 -199110 -816603
-702503 -202816 67635 -945946
-866117 -143213 318447 315465
-481820 89753 -999202 700558
-589310 960099 -777 -438492
-110552 -986264 749176 -55498
-840823 536412 -690388 -228022
-912446 52036 -951951 142531
-673853 434321 -503920 -493407
-964603 -344942 336605 263803
-89197 647063 108745 -859209
-37982 -832181 687090 778901
910324 -376373 -975313 -780356
564546 814626 -917686 -206849
-874930 617773 -574805 877111
-728522 199849 -615810 358557
915151 167737 -567403 20919
932801 -39595 -236896 -531575
-364084 514311 -768626 -414314
861775 876492 -129586 -811581
-220773 -191491 81417 243057
697350 -882830 661141 -146713
-722215 -230338 -6476 -787240
127341 615698 127483 -951272
-615581 9670 -186917 -476382
68506 471760 493212 675962
-820369 10397 -363717 -69131
840651 -408858 534371 -927723
973720 -897653 94742 -481651
479437 -214875 410360 566532
462718 430413 -11523 816633
-708329 318516 284054 281783
-874685 -270128 -633750 789931
-997197 -985855 458214 -539844
450206 -251077 -209457 -108119
885569 867009 -398150 503485
797839 586808 797108 -152282
929294 -914446 -162481 -100641
651729 225572 -462830 -909027
-754848 -371599 -589977 -581963
375135 672440 -255174 53592
910324 -376373 -625041 -942080
-799589 619325 887759 -562281
-489533 -843424 680562 -364031
913601 801312 569098 347012
623630 115037 649700 -277261
-823583 -5678 -559902 616471
161232 -326024 -404316 -95123
-513286 781660 188340 893549
801216 -660349 650387 381603
797329 677337 315845 969106
-841466 -357311 -351903 177777
-654011 -790726 730337 -634845
-247082 748544 775693 159281
-653232 -848262 935805 -836475
860338 825468 -363718 779539
975543 -740521 -87855 492042
-968954 -987855 -673587 310377
-571863 -763 -589696 261507
-115865 -756163 -558659 -184475
358740 -623890 -344894 -677781
-349247 283976 -587952 -134221
395100 -460173 -796211 286296
227111 200319 -856087 417990
984693 -316182 -406189 306288
-412277 471289 -488259 243050
-108506 -849949 -405942 -677544
-394533 -900379 -288366 -427751
-953470 595750 -890385 -272618
402320 280075 -521206 10983
633453 -357450 -16016 527421
-589452 461909 638408 -406616
326068 8961 9407 -722328
890664 429932 -232166 63788
-655728 8639 -59009 431064
423313 124360 424019 358764
-482979 -248990 206182 -793631
-244034 -405651 -668222 495006
-778668 -258757 -218542 801046
265369 -87285 418177 31527
-564610 894964 -24753 -629543
993262 84059 -118175 -252566
340453 347488 -179205 -423568
601080 -856066 584342 957513
-489291 -422234 708037 279346
265369 -87285 827206 -842757
-757601 417584 489777 -921178
-257209 326953 -196390 760794
673916 -408026 -606161 951978
-282459 346140 497814 -527590
