1
2000
605334 -152102 109703 828540
605334 -152102 -618913 507480
605334 -152102 -715498 -73791
-618913 507480 955783 -994220
-715498 -73791 445334 -682068
109703 828540 -378991 721629
445334 -682068 698158 -478683
-378991 721629 -805136 931129
-715498 -73791 384833 915490
698158 -478683 925704 573731
698158 -478683 -431891 -621491
-805136 931129 -872532 112104
-618913 507480 -498850 -406267
-715498 -73791 157943 525715
-431891 -621491 -659201 218979
-498850 -406267 420806 299306
109703 828540 17523 -552763
-498850 -406267 662596 533784
-805136 931129 -478534 58395
-431891 -621491 -191165 663138
157943 525715 -301552 668174
-805136 931129 959543 -893812
17523 -552763 -166231 -217005
-805136 931129 161294 -667059
384833 915490 962386 182996
109703 828540 605602 -85031
959543 -893812 -388864 -803027
157943 525715 -643308 -966052
384833 915490 794142 -194133
-378991 721629 408400 -941918
-388864 -803027 581611 -43608
-478534 58395 525552 -359620
525552 -359620 -856302 248907
581611 -43608 -726971 114443
-478534 58395 -852350 202736
-301552 668174 -915279 561281
-852350 202736 519608 163048
-726971 114443 -318164 509761
-805136 931129 196226 287249
581611 -43608 -745401 -447392
-805136 931129 928869 -112946
-478534 58395 398801 275699
925704 573731 -274211 97408
-856302 248907 925276 -352981
445334 -682068 -6658 887866
-726971 114443 798677 -531038
-618913 507480 194439 927814
925276 -352981 -506858 -598631
662596 533784 -137658 118694
959543 -893812 661215 217449
-872532 112104 182671 -89743
925276 -352981 125695 790702
925276 -352981 -551796 72389
605602 -85031 -685740 -132334
794142 -194133 690948 -246455
-318164 509761 -31199 703083
-872532 112104 871968 -747391
384833 915490 845558 661497
525552 -359620 -196384 336953
581611 -43608 841758 -356036
-872532 112104 -250137 -131248
-856302 248907 -167630 -851619
-301552 668174 -425466 591254
-872532 112104 436020 -929341
-31199 703083 -894934 -28111
-551796 72389 686237 -955037
-318164 509761 65494 611634
-659201 218979 910177 547951
661215 217449 -372303 549769
959543 -893812 218447 883333
-478534 58395 84474 -34689
196226 287249 -63445 355013
-643308 -966052 -441323 103222
962386 182996 -846449 -321253
661215 217449 323210 161961
-6658 887866 -898975 549841
-846449 -321253 -671201 -291655
661215 217449 -34774 -871616
408400 -941918 69373 141924
962386 182996 116561 103702
-551796 72389 485127 -574293
-659201 218979 131516 -622431
218447 883333 -922055 105512
-643308 -966052 -676312 193457
925704 573731 -669477 -891039
798677 -531038 157260 338946
-318164 509761 261344 -34267
-898975 549841 801772 -481894
84474 -34689 -381960 -11135
-498850 -406267 -656951 -273150
-166231 -217005 459094 -68685
-656951 -273150 -474678 835824
-478534 58395 -407694 -242496
116561 103702 60104 -60445
182671 -89743 256988 615576
109703 828540 814213 946797
-474678 835824 637183 -338364
65494 611634 86525 -362295
-872532 112104 41468 -283040
-805136 931129 -393826 -162201
928869 -112946 -730814 302006
-922055 105512 403546 249882
194439 927814 -262701 -739508
-676312 193457 -403763 980365
959543 -893812 584702 218715
-922055 105512 578090 563242
798677 -531038 874802 -654183
65494 611634 -912889 -105031
578090 563242 -811192 -117674
65494 611634 93625 -132517
-31199 703083 -753868 -189945
420806 299306 360050 855328
-912889 -105031 68990 -744319
-506858 -598631 253584 -724296
-618913 507480 57328 -501490
-726971 114443 836993 -500908
-478534 58395 377412 551468
584702 218715 935186 -505732
578090 563242 -187733 936581
-912889 -105031 -911466 921428
-894934 -28111 102976 -287663
578090 563242 648044 -629675
959543 -893812 -58425 772086
360050 855328 -234846 609259
109703 828540 487038 732427
-137658 118694 -8221 -492998
-191165 663138 -837044 -591831
-643308 -966052 599791 407491
959543 -893812 643499 -4255
-441323 103222 -410204 -290846
-407694 -242496 -204931 746030
-250137 -131248 -331607 318749
-911466 921428 -251113 -125074
-63445 355013 -529205 -449650
-852350 202736 258813 -896203
-837044 -591831 -202993 51883
182671 -89743 832968 920475
-852350 202736 -701904 -125550
-250137 -131248 -681234 -990271
-388864 -803027 -185006 -995496
-726971 114443 252886 -409198
-478534 58395 470938 -437524
-202993 51883 -717937 988517
-753868 -189945 313692 -993211
959543 -893812 -349701 -819497
-425466 591254 490918 -413659
182671 -89743 -245373 141529
-715498 -73791 403371 302101
360050 855328 708223 -545812
-478534 58395 26353 -257826
-262701 -739508 739449 -691062
-643308 -966052 22163 -830533
194439 927814 350404 -36538
-393826 -162201 -182001 -809213
252886 -409198 -505602 -425070
686237 -955037 365681 -463547
68990 -744319 663528 -739541
-251113 -125074 -609219 -152979
-730814 302006 470454 -863235
-378991 721629 882878 -479740
256988 615576 128217 661528
102976 -287663 692119 -733851
-204931 746030 504991 805039
-911466 921428 -27742 322874
-478534 58395 977602 -894102
487038 732427 -858018 -281251
814213 946797 233615 556111
403371 302101 -311801 -954366
-609219 -152979 -10485 524223
-331607 318749 338474 993982
196226 287249 -949609 -271785
698158 -478683 687510 -765401
17523 -552763 749235 -547332
-685740 -132334 962304 170432
801772 -481894 -33393 -286495
360050 855328 49999 -888331
882878 -479740 -186892 -662837
420806 299306 -225807 289336
955783 -994220 247218 409171
69373 141924 -221483 -647024
581611 -43608 -390004 -271829
-251113 -125074 -738298 -564279
398801 275699 -571432 -505319
-911466 921428 -702172 789684
-745401 -447392 564985 98669
-738298 -564279 42577 -263970
102976 -287663 -532098 580876
-753868 -189945 903577 810726
-63445 355013 738440 541015
662596 533784 -872208 -338174
-191165 663138 669832 -275679
487038 732427 422491 792037
196226 287249 -474782 340282
-506858 -598631 854387 -13060
845558 661497 486652 597850
-31199 703083 -505388 977284
69373 141924 524849 -203674
910177 547951 -637495 -456947
-529205 -449650 241779 -393803
445334 -682068 515156 -225169
663528 -739541 509274 949549
637183 -338364 944512 70004
485127 -574293 -838741 306305
-915279 561281 -131223 -417299
578090 563242 776670 -51801
-532098 580876 19536 728555
-685740 -132334 -817802 -131919
-898975 549841 -86923 -268559
928869 -112946 403893 118419
-505388 977284 619767 412937
-837044 -591831 67332 505220
-390004 -271829 579055 568063
-58425 772086 437195 12704
-817802 -131919 256626 -522448
-202993 51883 -971769 41123
65494 611634 -211005 679986
-167630 -851619 191487 -643075
49999 -888331 -72619 -285327
-187733 936581 -624039 293251
233615 556111 -487025 -112580
-393826 -162201 -120870 996381
485127 -574293 -272585 477730
798677 -531038 532015 396755
487038 732427 -696112 69080
470454 -863235 412951 174240
-529205 -449650 693616 447868
42577 -263970 187627 -885091
17523 -552763 11853 421226
925276 -352981 172193 401010
-6658 887866 10577 -24389
-225807 289336 -48264 367048
579055 568063 -136164 175073
57328 -501490 -626562 133754
67332 505220 -420396 177550
-48264 367048 -647273 -16380
-685740 -132334 -258621 -650387
854387 -13060 -218319 522611
436020 -929341 352093 893768
-681234 -990271 886779 -198132
-685740 -132334 125429 488081
252886 -409198 124238 974623
814213 946797 -552911 -540970
-58425 772086 688157 -638060
131516 -622431 597986 -421936
-656951 -273150 -679850 -367141
874802 -654183 972785 41484
-378991 721629 -106863 -481951
-331607 318749 -118918 817192
-738298 -564279 -520681 -771699
928869 -112946 385269 330004
261344 -34267 64896 -706529
-971769 41123 305330 861382
-681234 -990271 319878 155141
-643308 -966052 406436 85950
253584 -724296 -934131 -741043
125429 488081 -907505 757681
-907505 757681 -228933 108765
845558 661497 -298830 829419
669832 -275679 -309531 313846
-858018 -281251 -793331 -969180
663528 -739541 -820294 283667
86525 -362295 -523333 -688468
42577 -263970 920717 -223260
-898975 549841 123283 284648
619767 412937 -276791 -503701
-681234 -990271 -456795 -182814
-262701 -739508 605925 -521141
-211005 679986 -996298 -748946
-31199 703083 -231029 729149
-474678 835824 160646 252302
420806 299306 -698012 -77345
256626 -522448 -593678 690373
-679850 -367141 -411246 344606
-552911 -540970 265957 -229827
128217 661528 -83838 -268005
-478534 58395 -806089 -856202
125695 790702 -87619 836363
60104 -60445 -104082 104461
-87619 836363 563199 208901
-185006 -995496 84972 -77788
-191165 663138 325460 -543348
436020 -929341 -886174 -370540
406436 85950 -149680 427312
-349701 -819497 -349612 944744
57328 -501490 300869 863701
962304 170432 801773 134088
928869 -112946 110388 976901
64896 -706529 -961936 770617
-886174 -370540 743498 -543545
515156 -225169 -218555 402609
-221483 -647024 488856 236981
-805136 931129 -951364 950806
925276 -352981 132218 -474210
-698012 -77345 -896590 -643147
-106863 -481951 804702 999660
437195 12704 967258 -510605
116561 103702 -682951 -9229
470454 -863235 -975400 -262322
128217 661528 431478 125788
261344 -34267 663705 -756764
504991 805039 208241 211339
-311801 -954366 109769 118233
408400 -941918 -703707 -283803
-301552 668174 594519 987513
967258 -510605 -589090 -725786
959543 -893812 -48182 -773055
-378991 721629 454316 -835362
398801 275699 928097 -112504
801772 -481894 236135 322204
490918 -413659 513520 -768839
-202993 51883 -360178 79867
233615 556111 -112492 -963971
686237 -955037 -167077 984100
532015 396755 972299 326269
-309531 313846 -297753 895389
605602 -85031 -568183 -60454
-951364 950806 -436973 9041
313692 -993211 -342340 -314411
962304 170432 905281 -94736
637183 -338364 913079 -470198
256626 -522448 -591435 -322110
-618913 507480 33688 220422
-609219 -152979 878566 -940339
323210 161961 162866 423865
110388 976901 -887134 685052
794142 -194133 452203 546191
-136164 175073 -174048 84234
-643308 -966052 -190511 -38261
-858018 -281251 -396727 108856
-436973 9041 -520723 160012
-149680 427312 902966 615956
161294 -667059 -975197 -686009
486652 597850 -591318 159946
-231029 729149 -64983 -553930
977602 -894102 -721560 696502
-838741 306305 533291 972425
-805136 931129 -841049 900225
738440 541015 -639384 -618947
194439 927814 721816 324734
972299 326269 599012 535954
-436973 9041 480279 291391
-656951 -273150 -549588 547667
-456795 -182814 946285 369076
-898975 549841 -148841 729347
-820294 283667 412090 673462
-898975 549841 -6901 -287671
-685740 -132334 130772 164636
962304 170432 737353 -304869
-721560 696502 996053 -305222
-27742 322874 -411781 -824573
102976 -287663 417552 -183417
252886 -409198 286774 -416713
801772 -481894 722485 737120
-872532 112104 -480260 -285287
743498 -543545 -997512 -768418
33688 220422 792082 819877
959543 -893812 -795188 -51594
-33393 -286495 670047 239209
-846449 -321253 -495946 -588146
925276 -352981 -762735 -663678
-793331 -969180 471625 -504989
485127 -574293 -986269 -784689
-48182 -773055 549616 467461
-6901 -287671 -996091 -423631
962386 182996 487618 936270
-272585 477730 -54685 795701
-186892 -662837 -756567 82586
-637495 -456947 -650561 306777
563199 208901 386881 378256
22163 -830533 -526467 -232073
662596 533784 -449108 954334
798677 -531038 930154 694818
-682951 -9229 -893925 -255673
252886 -409198 -441098 -446866
663528 -739541 -13267 -677565
-311801 -954366 -66251 -947216
490918 -413659 -628662 -242185
325460 -543348 -331344 -241325
403371 302101 506240 -181260
-571432 -505319 -949432 -640290
801773 134088 171834 178704
-495946 -588146 -667233 975280
-762735 -663678 -784614 -924411
564985 98669 -336259 769847
513520 -768839 561863 16405
420806 299306 176787 382216
-8221 -492998 -891233 328651
-31199 703083 340146 474635
792082 819877 496553 -164585
480279 291391 -422344 736435
-997512 -768418 700785 394051
524849 -203674 848802 475548
-318164 509761 209938 962296
-506858 -598631 -311701 -231552
-841049 900225 -155343 193694
431478 125788 672139 431822
-182001 -809213 569923 -466058
-523333 -688468 -895637 -319996
-104082 104461 164449 -253418
871968 -747391 -322701 -209889
-322701 -209889 -99897 -151255
670047 239209 -236993 -741030
-478534 58395 395714 -341235
688157 -638060 -455963 180583
-698012 -77345 -212182 998234
340146 474635 -744686 -212921
506240 -181260 -314145 -60643
-949609 -271785 270634 214114
-34774 -871616 433896 211930
164449 -253418 466344 549265
533291 972425 399256 155320
-721560 696502 561346 -901459
692119 -733851 49547 996755
972299 326269 -256802 -831749
-609219 -152979 298826 -744978
-738298 -564279 -239836 -537100
-650561 306777 -663879 -636051
643499 -4255 509461 901672
561863 16405 189558 -414287
-420396 177550 -597459 277547
663705 -756764 241973 -338027
-756567 82586 321583 328929
-120870 996381 545617 848765
977602 -894102 701756 311716
-245373 141529 981619 119993
721816 324734 -853890 -22995
-756567 82586 99596 521163
-891233 328651 382827 -303009
-390004 -271829 404269 -426480
-872208 -338174 517306 954967
128217 661528 -187974 17632
241973 -338027 -308912 461852
60104 -60445 59274 492589
-907505 757681 267451 722650
60104 -60445 312396 309659
637183 -338364 593147 195974
452203 546191 -664559 -580547
-618913 507480 681237 381206
599012 535954 -615495 -950982
-311701 -231552 -50000 -534144
549616 467461 974467 -391078
321583 328929 -459862 814240
399256 155320 656690 -216432
-258621 -650387 114020 -813850
739449 -691062 -828098 871375
832968 920475 892192 -558243
-872532 112104 770014 -717260
-396727 108856 713545 -345523
-456795 -182814 16007 -853579
102976 -287663 -359681 920934
-403763 980365 -400921 723342
525552 -359620 -404877 -814557
-817802 -131919 700025 211855
-455963 180583 -392804 -361595
506240 -181260 872327 641967
-431891 -621491 114861 -252954
208241 211339 -395790 -866405
-886174 -370540 899945 -424989
545617 848765 452763 669097
433896 211930 142476 904339
-136164 175073 -587260 42216
452203 546191 154337 -935571
593147 195974 335612 -369849
-137658 118694 -310749 316581
743498 -543545 689141 -973071
437195 12704 -787319 -683740
722485 737120 -892839 -338683
569923 -466058 -801020 -296754
-702172 789684 984493 -863696
49999 -888331 -641279 -752916
488856 236981 -583630 810558
-787319 -683740 -566410 -451867
886779 -198132 -585916 921358
-841049 900225 81335 -850910
-245373 141529 -884071 -971293
-506858 -598631 -8372 -281683
721816 324734 -362387 429438
496553 -164585 -186094 452353
-721560 696502 366 -922730
525552 -359620 512581 22963
593147 195974 -648167 -405099
-187974 17632 398176 982300
-196384 336953 -940087 -931293
-298830 829419 -736201 602499
804702 999660 -265115 223452
366 -922730 -267255 -741460
403893 118419 590026 -590929
218447 883333 -536280 -750020
-997512 -768418 10466 -476008
84474 -34689 -881880 300860
593147 195974 -356398 -193815
253584 -724296 617592 -742524
-478534 58395 562237 -653728
874802 -654183 -767691 -697971
-856302 248907 -45466 -494744
700785 394051 -650378 -263082
69373 141924 928650 516454
845558 661497 -716321 217359
845558 661497 934374 709207
533291 972425 -590825 741525
743498 -543545 -107580 -601753
738440 541015 -685893 617580
-951364 950806 -605409 -492782
561863 16405 438159 -192567
26353 -257826 355131 -15353
-422344 736435 -77418 946814
41468 -283040 -913481 279533
-258621 -650387 -841476 474188
-676312 193457 736572 -674982
-83838 -268005 -342943 -336492
836993 -500908 38846 701769
533291 972425 500156 540226
109769 118233 -472721 675857
-975197 -686009 441217 -984984
-267255 -741460 -978776 -741292
-536280 -750020 454370 174466
713545 -345523 252169 480336
721816 324734 662450 -119102
406436 85950 848297 405346
515156 -225169 -139934 -182954
267451 722650 -326982 -863212
-441098 -446866 -614888 -710389
59274 492589 -900413 -496365
42577 -263970 -500738 490472
-72619 -285327 219669 -586137
-820294 283667 986255 822964
525552 -359620 524744 -322036
-187974 17632 -304192 -110094
160646 252302 429708 557385
913079 -470198 170938 139840
532015 396755 544772 987795
-234846 609259 386531 -750335
398176 982300 -23781 902340
-395790 -866405 314449 -211512
437195 12704 453686 172482
698158 -478683 -112425 -260190
-872208 -338174 -164698 -715393
545617 848765 317955 727467
532015 396755 613159 -543485
123283 284648 -39958 -505793
256626 -522448 -225307 897898
219669 -586137 814309 796308
398801 275699 354113 -176578
-86923 -268559 524811 -792525
236135 322204 171797 576467
-858018 -281251 545729 -387159
417552 -183417 542751 106953
-228933 108765 -894409 -160435
128217 661528 43696 -492461
-551796 72389 526822 -604300
38846 701769 129484 -267664
-478534 58395 359551 -211095
84474 -34689 -413566 605311
386531 -750335 -147220 -438833
738440 541015 723752 -613284
509461 901672 18018 899038
-793331 -969180 489442 601345
794142 -194133 -215345 41012
403546 249882 145632 -805000
663705 -756764 -918972 766023
84474 -34689 404430 -471610
241973 -338027 396857 340388
182671 -89743 46362 473139
-395790 -866405 422017 -126684
194439 927814 -526428 -270821
-225807 289336 72880 -431660
-894409 -160435 -546832 34679
662596 533784 883296 320476
470938 -437524 -349980 -706587
959543 -893812 -406288 778640
-650561 306777 -169595 197874
-853890 -22995 734505 311413
-587260 42216 508985 957401
-951364 950806 -548737 990417
-411246 344606 335186 -442131
312396 309659 -183817 904373
564985 98669 -183971 -934853
545729 -387159 -837360 -651155
-911466 921428 -482894 803502
123283 284648 -521207 782876
-174048 84234 -391426 268420
129484 -267664 -872163 -128464
-149680 427312 -392437 660973
-696112 69080 -326298 -739660
-459862 814240 194407 -907733
-715498 -73791 40887 -912880
-349701 -819497 941202 -79763
-392804 -361595 -319674 -264612
656690 -216432 -895946 371348
643499 -4255 761516 -335815
-311701 -231552 -245584 -115399
661215 217449 301739 185645
899945 -424989 -665643 627493
509461 901672 949561 146110
-221483 -647024 812593 408144
-648167 -405099 725692 100846
-360178 79867 -647328 -764326
-647273 -16380 -86156 627807
219669 -586137 145933 5395
46362 473139 805525 804646
613159 -543485 756663 -8964
252886 -409198 -209211 860868
-745401 -447392 593399 378921
-63445 355013 -522336 120108
-301552 668174 -838769 722696
-221483 -647024 -4820 154711
17523 -552763 -875393 20255
-77418 946814 432488 -663305
-33393 -286495 -177885 -938275
-522336 120108 105705 978363
-487025 -112580 3704 747067
403546 249882 -887941 -961646
776670 -51801 803049 -11896
532015 396755 36151 -560675
-896590 -643147 109014 -902956
996053 -305222 763663 -143048
517306 954967 -122486 -715515
157260 338946 551778 15933
488856 236981 593603 216241
-155343 193694 34473 464681
261344 -34267 253286 -212322
-583630 810558 -340258 -623357
941202 -79763 27891 485821
-898975 549841 -361797 513787
253584 -724296 414443 855566
-301552 668174 -360837 388262
524849 -203674 -300427 -453781
-667233 975280 209610 -529642
-33393 -286495 -906018 -354109
-8221 -492998 393292 438579
-360837 388262 -177820 -985497
-6658 887866 -950892 841146
-852350 202736 -746894 106007
485127 -574293 -286805 -477687
453686 172482 189847 -163570
814213 946797 -361290 -442266
81335 -850910 -213698 -110704
662596 533784 -753356 -907873
526822 -604300 -424578 -301180
-349612 944744 -877306 -726826
972299 326269 -619766 761307
404430 -471610 749087 518427
-784614 -924411 -874929 154202
488856 236981 410181 742279
-641279 -752916 252846 -558651
-619766 761307 613477 -908783
756663 -8964 -802934 74123
613159 -543485 -906042 551865
26353 -257826 346135 -493
-667233 975280 906422 217577
605334 -152102 -148944 -463339
734505 311413 -471505 -593061
34473 464681 -426581 -77870
209610 -529642 -985466 372906
739449 -691062 -831542 554904
338474 993982 -755315 172718
-340258 -623357 955747 863822
-874929 154202 88323 -585265
-8372 -281683 -653588 -349498
-183817 904373 738054 -785204
176787 382216 165608 -220899
-262701 -739508 471191 261861
814309 796308 -461396 787375
-459862 814240 456838 692677
763663 -143048 825837 581735
-411246 344606 -490504 507599
-912889 -105031 -263505 683048
-131223 -417299 286105 -628048
-650561 306777 933162 155324
-331607 318749 576336 -131115
233615 556111 -439995 -491005
256626 -522448 656648 340164
265957 -229827 -802544 -23206
617592 -742524 831498 -680825
154337 -935571 -32940 -472283
-209211 860868 696441 -160632
441217 -984984 -527469 854070
878566 -940339 -564545 -420969
208241 211339 784501 387475
-679850 -367141 -220975 803750
-874929 154202 -371808 337872
563199 208901 601377 415617
99596 521163 -130899 193741
525552 -359620 390630 -524999
-841476 474188 467259 199133
-762735 -663678 348513 743155
321583 328929 427152 861253
-961936 770617 126227 -453691
404430 -471610 -580089 718708
64896 -706529 -994722 583381
-6901 -287671 89981 243460
471625 -504989 -521872 -106152
-256802 -831749 699409 918390
928097 -112504 356660 -246875
114861 -252954 691246 -25336
792082 819877 -963347 -430428
-817802 -131919 18350 816778
-166231 -217005 281360 -420843
-308912 461852 272954 -811932
131516 -622431 -62143 -539286
930154 694818 106953 129901
-39958 -505793 443411 -42307
102976 -287663 459893 29412
396857 340388 109784 835793
-784614 -924411 -290982 -281820
33688 220422 796568 896139
878566 -940339 -598186 306378
693616 447868 -918509 44840
233615 556111 756083 907433
545729 -387159 -257432 -270831
-155343 193694 603569 428138
486652 597850 -967627 -164342
-360837 388262 -723621 761944
601377 415617 576088 -847268
366 -922730 -351373 -99921
-403763 980365 -979803 868985
-817802 -131919 -534015 598287
-10485 524223 330376 79294
-187974 17632 -446742 157342
171834 178704 481663 -653083
-852350 202736 -280113 -52114
443411 -42307 347964 -168
599791 407491 842234 943231
10466 -476008 869840 177670
955747 863822 536973 -22936
-99897 -151255 611583 -181381
286105 -628048 830154 463498
466344 549265 593480 849771
-886174 -370540 103687 587048
-994722 583381 -313764 -772182
43696 -492461 516731 564670
452203 546191 829540 728720
-10485 524223 -178315 -519472
517306 954967 835102 -778272
564985 98669 52820 -434195
209938 962296 -639664 -472210
-372303 549769 -383843 -173136
944512 70004 859366 -566415
794142 -194133 236284 551491
-66251 -947216 -516929 -269613
209610 -529642 411826 -71674
162866 423865 -993942 -338591
738054 -785204 -720552 -643644
-685893 617580 843636 -983826
34473 464681 -158460 -543392
-309531 313846 440687 -790702
-852350 202736 -760457 -183548
72880 -431660 -947086 329006
-682951 -9229 609503 -679495
286774 -416713 330840 424842
247218 409171 729083 502660
132218 -474210 621242 -694336
692119 -733851 857067 804093
-311701 -231552 -694789 -695386
17523 -552763 654338 -997831
-446742 157342 -448998 -556318
-872163 -128464 -616438 -383413
903577 810726 700459 -887627
209610 -529642 744515 -438509
-228933 108765 -935501 773981
34473 464681 133805 -786344
920717 -223260 -116270 408978
-745401 -447392 525911 -910282
696441 -160632 -844343 -795502
-701904 -125550 428752 281240
-894409 -160435 5064 77938
955783 -994220 -646462 71738
-682951 -9229 874650 -678286
422017 -126684 -195278 -263300
-265115 223452 946123 765785
-934131 -741043 733852 -997828
-615495 -950982 476909 835789
-590825 741525 -607478 -895635
-872532 112104 967637 381284
-187733 936581 456923 -959092
189847 -163570 794196 -211477
925704 573731 326034 775575
350404 -36538 188280 -791365
34473 464681 -278298 -41230
476909 835789 -387329 639392
471191 261861 423101 359867
825837 581735 -255959 -687346
116561 103702 182688 -408148
-548737 990417 -984460 258532
-696112 69080 872406 -475680
-935501 773981 859859 -527482
485127 -574293 -998591 551826
456923 -959092 -768486 -874902
905281 -94736 882367 298325
920717 -223260 -56136 -255568
-523333 -688468 4798 -987147
-756567 82586 90664 846622
648044 -629675 301783 -88013
-615495 -950982 230122 -268955
996053 -305222 449375 803111
-311701 -231552 -312678 -351768
-190511 -38261 -783617 -716516
313692 -993211 -95573 -679773
513520 -768839 694657 -10635
672139 431822 -385689 -97992
-187974 17632 -339072 -384407
65494 611634 -120094 216333
36151 -560675 -193758 526647
831498 -680825 401430 -900803
508985 957401 617830 469207
-290982 -281820 562751 741207
613477 -908783 -62933 -145175
-679850 -367141 464883 -676303
756083 907433 -254372 518483
456923 -959092 -195887 -879540
393292 438579 199015 960618
-425466 591254 -877771 -23083
688157 -638060 5990 -274101
-410204 -290846 260622 -575040
-388864 -803027 131611 617476
436020 -929341 573098 -392740
-31199 703083 553727 575729
256626 -522448 -550413 662308
579055 568063 -329017 581761
49547 996755 706744 -805395
-846449 -321253 833501 87313
65494 611634 815710 816381
256988 615576 223631 -74367
72880 -431660 -986666 -647689
986255 822964 996885 -166826
-104082 104461 -853458 808158
490918 -413659 715176 391870
-858018 -281251 191402 -966609
-6901 -287671 -826217 43936
-717937 988517 -516170 -795125
-787319 -683740 -732969 361724
692119 -733851 -6667 -877396
-23781 902340 207060 -470494
-615495 -950982 -488050 -10237
-228933 108765 -755346 103631
-732969 361724 522466 -642438
335186 -442131 664643 -921180
-212182 998234 218339 517978
-410204 -290846 839839 -28870
723752 -613284 896606 -895691
-257432 -270831 -557651 -575716
-912889 -105031 -518893 713750
830154 463498 700907 -285108
662450 -119102 -119854 956204
597986 -421936 291119 -294491
256988 615576 284717 501434
-663879 -636051 351200 234803
351200 234803 428272 -847728
-395790 -866405 55445 -141310
561346 -901459 -102254 736491
133805 -786344 -564868 -975630
842234 943231 953772 38806
526822 -604300 690419 854618
-975197 -686009 -464244 -310659
46362 473139 903055 287743
524744 -322036 -34006 -814922
-136164 175073 -572559 751643
-215345 41012 889826 355217
-482894 803502 -402787 -543337
701756 311716 -713302 77944
286105 -628048 583455 -405217
420806 299306 -439711 539429
452763 669097 -32426 -453480
-745401 -447392 -307638 -346785
-426581 -77870 374070 -659074
648044 -629675 290575 171181
420806 299306 94669 789233
-656951 -273150 -566339 20135
-488050 -10237 -686065 -507357
-459862 814240 -594372 453549
486652 597850 -903341 -719424
-112492 -963971 887291 -160164
-978776 -741292 -895382 -3522
-516170 -795125 194029 -232142
882878 -479740 -597310 -577929
-732969 361724 -789577 909083
749235 -547332 318799 732213
-585916 921358 -713285 -459448
829540 728720 -911149 43934
749235 -547332 797571 -658325
-265115 223452 -54591 -650073
-331607 318749 -523667 774397
-738298 -564279 -659652 780202
792082 819877 184398 -45559
-131223 -417299 804382 841687
-464244 -310659 614318 813645
350404 -36538 954386 928225
-220975 803750 8150 241141
-884071 -971293 -10363 71007
-950892 841146 286871 415916
-300427 -453781 858301 348283
848297 405346 -172638 -73161
346135 -493 -387998 730325
-385689 -97992 -497307 -964739
436020 -929341 820522 -994458
-730814 302006 702552 948194
-147220 -438833 -332834 191666
-441098 -446866 460136 -549309
18018 899038 974302 528348
692119 -733851 966044 -766265
701756 311716 415671 -354914
230122 -268955 -494674 584927
-215345 41012 -918010 -951103
385269 330004 -363096 -259370
-806089 -856202 -398632 -578613
-986269 -784689 276493 922068
-523667 774397 -669795 975527
218339 517978 35183 382472
86525 -362295 331085 -74244
165608 -220899 698783 294171
-130899 193741 -438664 -934794
-272585 477730 -625511 453985
398801 275699 -832626 328841
352093 893768 924403 285305
962386 182996 -674091 134138
825837 581735 972004 324952
428752 281240 -671305 -109001
928650 516454 -415069 -417528
366 -922730 72241 -789926
892192 -558243 -752210 468425
889826 355217 579527 355106
-665643 627493 -860902 69082
-172638 -73161 802530 -215520
286774 -416713 976550 523236
-385689 -97992 985376 264513
386881 378256 94775 259200
-404877 -814557 -450001 289586
713545 -345523 245812 -939869
189558 -414287 81094 -723626
105705 978363 -496944 989492
-696112 69080 772539 497854
-167630 -851619 990345 52191
949561 146110 374681 -930776
90664 846622 431908 568838
-614888 -710389 858481 -224531
65494 611634 -634411 -293255
-975400 -262322 814962 302278
154337 -935571 -970897 45143
734505 311413 922634 351374
561346 -901459 -316859 -41813
843636 -983826 -742641 218313
422017 -126684 -273760 -35133
-258621 -650387 287661 -918126
986255 822964 591794 870169
-685893 617580 514127 655429
896606 -895691 343222 -627647
561863 16405 -60556 698192
489442 601345 -477356 143842
-767691 -697971 917233 -189147
-656951 -273150 375159 -308573
189847 -163570 2 -132045
-413566 605311 545951 748529
43696 -492461 224637 862143
-388864 -803027 -14923 108293
-801020 -296754 -884406 -851785
-278298 -41230 -655417 -682453
-874929 154202 -748959 427671
182671 -89743 876121 921499
962304 170432 -119075 -345826
-178315 -519472 722596 226466
-480260 -285287 -200413 -681668
-820294 283667 43785 -620085
270634 214114 -862833 970248
300869 863701 233471 -812766
688157 -638060 -960428 517313
326034 775575 -483988 262260
977602 -894102 -546036 16544
-875393 20255 -361946 -434479
690419 854618 -108666 807561
411826 -71674 -307373 652244
64896 -706529 -25080 -196572
693616 447868 -510459 106908
-549588 547667 -960377 691568
189558 -414287 180111 493497
68990 -744319 273567 671925
436020 -929341 -633741 891908
109769 118233 678715 -71924
-329017 581761 -291332 -6406
-209211 860868 949066 -444776
343222 -627647 673477 -122181
43785 -620085 130117 -234488
109014 -902956 106334 -760269
845558 661497 467901 -796547
-523333 -688468 -575370 613659
467259 199133 790753 -821559
-99897 -151255 -878108 18300
-978776 -741292 -813526 -785914
116561 103702 302810 70618
-696112 69080 -270314 -177969
335612 -369849 -336862 -708111
428752 281240 201178 444314
-755315 172718 -440612 750068
599791 407491 260779 631807
241973 -338027 506822 142716
286774 -416713 820443 997006
-329017 581761 -603854 303789
359551 -211095 889148 921501
-234846 609259 -716005 451283
-191165 663138 -858455 -797873
172193 401010 653381 752007
653381 752007 -955775 -972604
338474 993982 -861490 -462732
428752 281240 949128 -125746
68990 -744319 -647450 -277345
763663 -143048 -746719 -202502
-894934 -28111 -232713 4470
934374 709207 -184458 -625853
-619766 761307 -164720 599271
859366 -566415 79199 104271
267451 722650 723471 373583
-319674 -264612 -436672 652806
-23781 902340 -566043 392738
611583 -181381 -703409 142572
-996298 -748946 -808367 989134
454316 -835362 49284 941970
86525 -362295 18311 -681298
-6658 887866 -780748 -634842
-950892 841146 180684 -706982
109784 835793 -689466 86725
-516170 -795125 790939 -710427
-120870 996381 -166667 645383
801773 134088 -113730 566151
-591435 -322110 410714 443721
-6658 887866 -90404 -526411
-806089 -856202 661557 -797890
42577 -263970 638796 -145313
858301 348283 788836 -185184
-169595 197874 203740 -853213
-820294 283667 31225 475184
-290982 -281820 510578 182384
-422344 736435 -72191 -188109
114020 -813850 505729 -297091
805525 804646 376980 -258586
253584 -724296 -771423 938807
-872532 112104 654259 -222776
798677 -531038 565362 -875424
509461 901672 609387 167318
116561 103702 -177971 -986282
314449 -211512 853079 626025
165608 -220899 -171794 428969
-395790 -866405 446803 -484869
-789577 909083 200713 862428
-975400 -262322 966959 -60935
681237 381206 182749 -587879
590026 -590929 740669 -287152
-90404 -526411 651561 -267899
-633741 891908 612587 335503
396857 340388 -289701 660739
-356398 -193815 983475 753422
374681 -930776 -313269 621014
-137658 118694 231516 -352839
519608 163048 -979702 48079
350404 -36538 426535 96689
651561 -267899 -468011 639322
-950892 841146 621287 -385607
-903341 -719424 -359276 -437694
-265115 223452 -487845 -71486
946123 765785 -487240 -259136
603569 428138 640244 -17922
189558 -414287 744381 245367
-906042 551865 3177 -442103
-826217 43936 -90446 -931657
-960377 691568 -991183 545405
46362 473139 -975804 623471
651561 -267899 273681 850263
-979702 48079 363364 764113
258813 -896203 153721 -791670
-619766 761307 929354 -634097
-738298 -564279 -589115 762931
-72619 -285327 659332 449068
687510 -765401 -873120 -925716
-450001 289586 -706089 263177
-490504 507599 676333 -876633
114020 -813850 235050 -543986
-329017 581761 -671596 666547
403546 249882 221752 -475761
194029 -232142 -399739 654298
-802544 -23206 -735271 -732870
412951 174240 89992 794741
-383843 -173136 710536 -318436
913079 -470198 921426 279221
966959 -60935 597613 941819
-546036 16544 -987221 963514
-526467 -232073 -309054 580504
-182001 -809213 659989 -209401
-86923 -268559 -228347 -279364
124238 974623 -389083 -75647
681237 381206 36223 476010
-820294 283667 917808 318960
-755346 103631 -126419 568347
-14923 108293 -102305 -661131
-564868 -975630 847063 -647609
691246 -25336 878727 -137025
-272585 477730 705754 490243
-647273 -16380 -67003 -921698
-694789 -695386 203503 338999
-276791 -503701 381296 -884633
-113730 566151 807678 -75713
401430 -900803 -331287 -639595
381296 -884633 697926 294425
-820294 283667 -615104 -324242
-107580 -601753 -579276 514892
94775 259200 599039 -312918
-402787 -543337 -744596 287042
848297 405346 -793237 -79928
-54591 -650073 195156 -952092
976550 523236 -803516 -688797
-564545 -420969 238293 -537423
944512 70004 880886 -506706
470454 -863235 434816 197366
790753 -821559 -827340 -791016
-468011 639322 -735339 -975727
17523 -552763 390546 -361627
-270314 -177969 -724579 835744
-361946 -434479 -703086 -877309
467901 -796547 -582242 -141211
593603 216241 817961 791292
19536 728555 525087 -813415
676333 -876633 -689385 -21792
-148944 -463339 -225540 357808
438159 -192567 -648402 -782280
224637 862143 -249445 -581298
723752 -613284 304235 -628917
842234 943231 279694 -43951
986255 822964 -787786 -673954
233615 556111 -426516 -636820
825837 581735 -724256 555010
-838741 306305 577761 613454
366 -922730 -959352 -222631
-832626 328841 -968461 500642
-653588 -349498 -903178 238664
934374 709207 -511656 7129
-390004 -271829 -470419 868676
990345 52191 580759 581743
487038 732427 -488994 276304
496553 -164585 -144167 597856
-236993 -741030 -157430 -721946
-326298 -739660 -775441 889484
-520723 160012 -557871 -928062
935186 -505732 960872 -437710
662596 533784 -638972 -783214
-872532 112104 716345 -335964
90664 846622 -450026 -691568
-593678 690373 -377459 248588
399256 155320 -949538 -399348
-450026 -691568 867178 138315
903055 287743 -912550 -792960
663528 -739541 -684171 734443
698158 -478683 49998 618974
599039 -312918 662149 773698
579055 568063 -906191 281358
221752 -475761 71730 278122
-694789 -695386 -613117 -343066
-119075 -345826 454461 -704041
-549588 547667 -912157 13510
-62143 -539286 213446 457343
436020 -929341 120978 -446541
374681 -930776 -449283 -834875
-918010 -951103 -863304 228922
-856302 248907 649857 -737974
-13267 -677565 593364 -383784
545729 -387159 -775505 238028
-523333 -688468 907476 223745
841758 -356036 513299 -927355
109784 835793 469959 465249
129484 -267664 672529 -17815
-312678 -351768 973577 -619320
-510459 106908 875380 72481
-643308 -966052 -798686 -528673
820522 -994458 998306 646246
-582242 -141211 626923 193836
-877771 -23083 902298 293982
-439995 -491005 677671 569107
-715498 -73791 -704412 -26026
-744686 -212921 36771 -734040
-336862 -708111 -230356 -66929
580759 581743 -36806 920070
516731 564670 796815 -286996
300869 863701 -805723 -4638
317955 727467 -163426 650431
829540 728720 -723526 -522076
221752 -475761 -550829 -533448
688157 -638060 -918491 -826276
692119 -733851 -439460 -444106
209610 -529642 -169194 169060
171834 178704 599509 -469689
224637 862143 928790 209114
-144167 597856 -692106 571900
49998 618974 -814063 82449
27891 485821 916765 -306274
-820294 283667 591570 276441
-383843 -173136 -483771 -669688
525911 -910282 756982 -524257
-949432 -640290 -837076 246726
343222 -627647 -730922 -629943
906422 217577 -454932 836661
496553 -164585 106641 -399712
-438664 -934794 585148 -290799
790753 -821559 -625576 -415999
-86156 627807 -378398 991126
-342943 -336492 -217469 610676
-276791 -503701 107352 363667
-316859 -41813 -461199 954770
733852 -997828 -891632 327883
-310749 316581 -768795 278559
593147 195974 -159569 -654815
-177971 -986282 181360 905283
-471505 -593061 180258 -455710
-64983 -553930 933532 341051
506822 142716 -302407 36293
599012 535954 827622 428646
-681234 -990271 -141156 54019
350404 -36538 -190041 329292
-605409 -492782 -58561 773368
414443 855566 210929 898633
-730922 -629943 342375 548211
-309054 580504 805496 539636
422491 792037 -862440 669584
841758 -356036 248321 382667
921426 279221 934563 763944
347964 -168 47331 688111
-169595 197874 -818804 -179960
-991183 545405 -988987 963202
-894409 -160435 675907 -975801
814962 302278 841471 -10029
36223 476010 813803 -238405
-853458 808158 224845 -603997
-793331 -969180 632384 40460
157943 525715 764443 23893
-483771 -669688 -753566 -728861
591794 870169 -496977 27030
-256802 -831749 684739 -991728
165608 -220899 -409252 120882
-979702 48079 -259746 -723414
-775441 889484 -252215 333399
617592 -742524 -851668 -27220
505729 -297091 -172217 -993831
233471 -812766 565883 955598
-113730 566151 615425 909216
218339 517978 -883271 558850
935186 -505732 -462318 241306
983475 753422 822824 180525
-459862 814240 989877 284796
-793237 -79928 -418092 -566995
348513 743155 -349881 560831
516731 564670 -270653 -973276
-837044 -591831 156004 989164
84474 -34689 -34123 638535
966959 -60935 285392 -421469
-619766 761307 -99436 -130766
-409252 120882 -736089 -406086
-738298 -564279 88890 -980427
-278298 -41230 314631 -176847
164449 -253418 98870 -929379
-659652 780202 90334 592493
784501 387475 116430 -862332
597986 -421936 499100 405326
265957 -229827 885236 746453
291119 -294491 -689186 232746
-951364 950806 -855273 -61123
489442 601345 -327896 -622302
-487025 -112580 732315 -713428
-550413 662308 -323920 -49810
-449108 954334 -128956 -585546
690948 -246455 121635 549764
-546832 34679 179853 215027
913079 -470198 868323 614551
-230356 -66929 -598088 434954
-689385 -21792 40879 827233
467901 -796547 320320 940515
524849 -203674 800668 449454
576088 -847268 -387378 724112
-388864 -803027 719912 810251
-526467 -232073 799260 -514607
-371808 337872 411305 568819
-362387 429438 -61047 -371304
-793331 -969180 507591 737209
-209211 860868 576357 -5770
689141 -973071 -966230 -799779
-529205 -449650 -533254 861474
-650378 -263082 987424 40498
-619766 761307 -740740 898777
325460 -543348 414746 486702
688157 -638060 -663770 880336
886779 -198132 -150848 129921
-396727 108856 205992 587569
-996298 -748946 -103792 474671
445334 -682068 934441 513959
-877771 -23083 -584530 -123759
973577 -619320 -706741 109044
797571 -658325 443848 674252
-395790 -866405 -424650 -63649
-669795 975527 -453232 -232295
715176 391870 361789 310791
-167077 984100 -847019 854137
203503 338999 116416 449000
-634411 -293255 400435 -894729
661215 217449 -898986 -49417
-225807 289336 265454 -632324
481663 -653083 -122886 720676
892192 -558243 -975116 608812
181360 905283 -515647 -210579
213446 457343 -570697 806879
576357 -5770 951282 -647264
49999 -888331 409381 56481
513299 -927355 -543201 -591973
-259746 -723414 -801551 -481044
977602 -894102 183452 411964
524744 -322036 -954373 -323092
565883 955598 289083 812581
-625511 453985 638240 -487949
464883 -676303 -801641 371508
700907 -285108 -827405 594707
-472721 675857 -700254 -991280
-167077 984100 320429 145702
-506858 -598631 -781016 586892
-267255 -741460 -159484 -891793
298826 -744978 -903286 -36109
-742641 218313 -693011 -691767
-900413 -496365 799345 555972
974467 -391078 -949531 395872
55445 -141310 -897637 -86095
872406 -475680 -527728 -17239
605925 -521141 -684600 -289563
33688 220422 -282567 -198168
-639384 -618947 649554 -677563
533291 972425 -935390 -437458
-4820 154711 723823 820758
-167630 -851619 315062 -289593
-730814 302006 630417 353571
725692 100846 681408 -18375
869840 177670 837672 930954
3177 -442103 -982386 647844
954386 928225 -650119 -149475
428752 281240 523156 -740015
708223 -545812 532222 118643
19536 728555 -309711 127363
-787786 -673954 -48473 -185575
609387 167318 -969570 -377651
551778 15933 -889720 486874
700459 -887627 -937786 -389058
267451 722650 292580 -934974
199015 960618 379385 -87424
972785 41484 -323990 880413
-220975 803750 -930206 884301
-571432 -505319 -173178 -842552
-474782 340282 -454859 -715993
-609219 -152979 -878434 -604063
998306 646246 561872 771304
814309 796308 803310 -995962
-505388 977284 742323 541543
194407 -907733 743629 -370780
-185006 -995496 -716137 -171943
-349701 -819497 927371 189356
-36806 920070 650797 813544
27891 485821 -17880 -371453
49998 618974 609599 -43926
5064 77938 432447 -642892
191402 -966609 -11416 -658898
181360 905283 846964 -69382
-400921 723342 -284642 961418
-131223 -417299 -218160 -260970
-483771 -669688 31863 -652601
109784 835793 -343099 -540097
761516 -335815 -881639 -962210
949066 -444776 820145 -748767
124238 974623 604165 -671517
981619 119993 -472626 -832821
47331 688111 -731463 -641377
-742641 218313 -70138 -100722
-805723 -4638 -627273 -707099
-997512 -768418 761136 -500479
-787319 -683740 378298 81711
109784 835793 967610 -185723
815710 816381 407176 -566949
-700254 -991280 -547852 -616145
-172638 -73161 -155745 -339999
510578 182384 -113437 784777
34473 464681 -749732 957160
756663 -8964 -874897 -3019
131611 617476 744984 -64637
-735339 -975727 -22443 120073
-597459 277547 -915825 212662
131516 -622431 -593278 449756
191487 -643075 51143 -919303
286871 415916 -842517 680107
-736089 -406086 -807777 -665907
-892839 -338683 952440 -738212
716345 -335964 323876 -866560
-185006 -995496 480414 -956939
-740740 898777 461936 724684
238293 -537423 265374 64393
-937786 -389058 -231287 687249
260779 631807 423040 259700
3704 747067 368687 -519936
-496944 989492 -775644 -320093
273681 850263 -524445 -785554
-960428 517313 -486612 840489
256626 -522448 504822 577065
-970897 45143 -187803 556968
-521207 782876 -847574 358633
-960377 691568 646677 845604
-998591 551826 21258 213649
241779 -393803 -362874 149661
-343099 -540097 951926 803937
-613117 -343066 782053 -302420
662596 533784 639515 -556057
-895382 -3522 351869 -75150
972299 326269 789786 400122
796815 -286996 743758 -880332
805496 539636 557407 -473749
489442 601345 -713716 -595751
-619766 761307 -399577 -823670
427152 861253 -671489 -322003
-122886 720676 41082 811689
153721 -791670 673823 982094
17523 -552763 -520734 481205
-480260 -285287 539168 368440
-254372 518483 -274412 354370
986255 822964 -730825 976975
-702172 789684 659226 -633192
883296 320476 865211 367716
-524445 -785554 -964408 928365
578090 563242 -660525 -306907
426535 96689 -910181 -119080
-638972 -783214 418841 -204152
966044 -766265 992544 -910422
722596 226466 -101175 636211
871968 -747391 -182606 453980
487038 732427 50170 -415635
934374 709207 -638818 -731896
88890 -980427 -811029 -251691
-193758 526647 -871106 471313
-72191 -188109 -350614 -706397
925276 -352981 864744 -815223
-438664 -934794 -934290 -24427
722596 226466 -291331 373195
-646462 71738 -1713 -636087
90664 846622 949604 -363340
467259 199133 -703061 531906
-915825 212662 -359122 -581494
-66251 -947216 334918 220313
869840 177670 498208 -448854
-906042 551865 638037 734924
542751 106953 327254 618759
-524445 -785554 208141 -711681
-58425 772086 361687 -989779
-411246 344606 -32765 -638082
603569 428138 638900 436698
-406288 778640 271982 -639897
614318 813645 -259282 671847
544772 987795 631082 446339
805525 804646 113469 865669
-265115 223452 882096 533856
290575 171181 356891 -255361
-399577 -823670 -480012 -913300
-439711 539429 -533995 -569646
-461199 954770 -235244 454795
905281 -94736 403996 567472
-814063 82449 -509615 -409473
-249445 -581298 -587492 169284
313692 -993211 267230 -902452
-624039 293251 398413 252095
509274 949549 -134154 824992
646677 845604 -293620 592710
360050 855328 630364 963743
31225 475184 512837 990270
-896590 -643147 -517337 -696317
47331 688111 -395991 -210665
-907505 757681 153156 -279631
789786 400122 -886365 -852366
94775 259200 801025 335207
449375 803111 529429 -513771
-120870 996381 2309 -465997
321583 328929 -852039 -265962
-103792 474671 -121451 -844924
-527469 854070 -14067 142493
279694 -43951 466913 -632596
-361290 -442266 954164 100872
896606 -895691 498668 583299
347964 -168 -325349 -928612
-805723 -4638 -576109 525257
-639664 -472210 973474 -691136
-310749 316581 -555795 543198
116430 -862332 836233 221940
-950892 841146 -575213 204106
544772 987795 877193 919706
515156 -225169 487298 -722751
-27742 322874 252378 350049
-164720 599271 -275901 936498
-396727 108856 -810719 418913
-841049 900225 -722733 -6210
-323920 -49810 967600 -252055
564985 98669 -580530 539917
922634 351374 723251 646878
-910181 -119080 571776 163094
962386 182996 129642 -843741
-755346 103631 651508 -184566
194029 -232142 -217777 505595
476909 835789 99445 478100
423040 259700 542261 188470
41082 811689 962329 -567070
557407 -473749 -531295 363414
985376 264513 -574565 -380265
183452 411964 658583 233196
-775505 238028 132421 164523
699409 918390 340306 -123017
352093 893768 -954246 -5422
-753868 -189945 16254 -664356
967610 -185723 -155730 433073
261344 -34267 -192642 -665068
-564868 -975630 187376 501672
-813526 -785914 338444 41227
271982 -639897 532993 -608052
649554 -677563 796784 933219
564985 98669 -188578 -623066
366 -922730 -179273 -227032
599509 -469689 -904040 509779
-270314 -177969 571922 601796
591794 870169 -224876 476204
658583 233196 313049 -170563
513520 -768839 -98396 -844175
-395991 -210665 -51894 -228272
5990 -274101 -38696 -715965
-113437 784777 448574 -917568
854387 -13060 -527191 710833
732315 -713428 504317 -124578
-767691 -697971 -20157 -411147
448574 -917568 -13727 520429
52820 -434195 850399 -378729
156004 989164 -42396 -982340
-730922 -629943 -926553 -362307
209938 962296 -319202 270413
40879 827233 -707553 904397
837672 930954 165016 515586
205992 587569 -897139 -92372
500156 540226 683745 -567464
-767691 -697971 511005 -222045
-648402 -782280 531530 135507
-13727 520429 -557720 914488
-975116 608812 958184 -385017
305330 861382 350322 126875
-572559 751643 -301630 925296
145933 5395 882021 604111
962386 182996 -197387 -673184
89992 794741 936652 -938510
476909 835789 -521375 -267382
584702 218715 -375090 830914
579055 568063 500117 446273
289083 812581 -829167 694443
701756 311716 891293 -787536
318799 732213 -558967 -945959
162866 423865 105567 -371930
597986 -421936 -273334 -38885
-122886 720676 -634547 328306
-903178 238664 280123 401500
106641 -399712 -229132 -328116
49999 -888331 940001 668120
-220975 803750 -225893 -646695
-805136 931129 342014 -249163
460136 -549309 -42064 319093
593603 216241 160486 -294286
-196384 336953 564380 329235
236135 322204 612995 -666575
-643308 -966052 -819510 -500173
583455 -405217 674631 121969
708223 -545812 782620 872679
470454 -863235 246810 511243
669832 -275679 692550 -926050
18311 -681298 643005 -470850
-505602 -425070 -794650 264173
954164 100872 320914 -672055
933162 155324 -58685 89979
415671 -354914 -722396 -16531
549616 467461 644710 723187
794142 -194133 855214 701286
-862440 669584 -428869 894912
-72619 -285327 178096 585736
-847019 854137 420876 186711
593364 -383784 -31158 760149
-61047 -371304 877248 -812899
955783 -994220 -845816 549279
-950892 841146 -983921 -318155
799345 555972 782661 -387749
-474782 340282 840030 -42069
258813 -896203 -148070 -808600
673823 982094 -688162 -758478
22163 -830533 203210 639143
213446 457343 -608187 -41930
-291332 -6406 11893 551479
487038 732427 992541 431714
-674091 134138 681563 -91102
356660 -246875 842520 98808
696441 -160632 672295 524503
-22443 120073 213988 734211
-67003 -921698 -965403 794047
-178315 -519472 122428 -418025
-278298 -41230 -66244 -851814
363364 764113 -353383 -474880
351200 234803 -874792 892151
471625 -504989 -112390 -940915
609387 167318 -323489 530028
859859 -527482 723298 -813146
3177 -442103 518025 -692319
836233 221940 -589450 750266
-90404 -526411 -534146 65937
-393826 -162201 890241 -527139
-319202 270413 455019 -911748
128217 661528 -706642 556595
355131 -15353 944455 -663627
-187733 936581 -911697 -470276
-706741 109044 657534 63111
312396 309659 75243 -572406
110388 976901 425104 621501
511005 -222045 966374 448321
784501 387475 86192 293253
955747 863822 744423 -257562
-875393 20255 -268560 -495685
-681234 -990271 -47408 -670881
-589115 762931 -765396 700035
-521375 -267382 398545 -29387
-10485 524223 16138 656612
719912 810251 -335230 872903
31863 -652601 -524520 -330440
-10363 71007 -245311 -964448
-255959 -687346 11601 100477
49547 996755 -814950 -665427
267230 -902452 -52650 417874
-63445 355013 -828461 -147460
230122 -268955 292734 279858
892192 -558243 -664956 -274587
-587260 42216 571640 606279
-984460 258532 -175304 353108
51143 -919303 641639 824120
443848 674252 243051 667148
-32940 -472283 -436373 -222461
967258 -510605 480703 -519988
882878 -479740 884922 -55516
86192 293253 525154 -494189
-713285 -459448 -560294 91674
-571432 -505319 -408397 -295363
-169595 197874 491620 -432411
-526428 -270821 -451375 -224469
-314145 -60643 903735 -822311
-185006 -995496 -820814 -755964
-529205 -449650 165479 232908
545729 -387159 -789846 341302
-446742 157342 428274 -7496
-828461 -147460 910338 62162
-27742 322874 -541446 -526780
142476 904339 -149132 -398937
692550 -926050 180670 378997
591794 870169 -770851 334573
962304 170432 853428 -208149
907476 223745 -331078 479260
321583 328929 -496774 -834202
-837360 -651155 259949 168368
49284 941970 454845 -843925
-454859 -715993 -817326 109911
-566339 20135 978923 23018
853428 -208149 304043 647806
621242 -694336 146528 -19940
613477 -908783 814453 203927
-521872 -106152 -502949 985418
903577 810726 -330907 -698274
782620 872679 996902 919675
962304 170432 -185902 282759
833501 87313 598579 488140
-211005 679986 -325719 -962496
763663 -143048 -568995 837859
-985466 372906 332565 -310094
-34774 -871616 -827780 -477583
-120870 996381 335663 -125765
517306 954967 -905378 -356946
-245311 -964448 -446193 245311
684739 -991728 610585 -633837
-177971 -986282 161026 862394
-906042 551865 489505 -853099
3177 -442103 576333 -712002
-814063 82449 -583907 764697
-546832 34679 546232 -939074
-829167 694443 -345531 -265445
-591318 159946 432027 -261491
-349980 -706587 -309349 -517031
-148841 729347 539641 -899005
11853 421226 -652477 -649178
973577 -619320 -158267 398004
-557651 -575716 -715323 -120191
116430 -862332 -263412 -649031
-54685 795701 -914470 538200
-297753 895389 608186 -429895
723298 -813146 -866203 -10745
-406288 778640 -119585 896086
-664559 -580547 -734129 435696
335663 -125765 -578503 -428095
-872163 -128464 148709 -503497
-789577 909083 852986 135156
983475 753422 -114361 -663849
11853 421226 -37539 640060
16254 -664356 42015 958311
-872163 -128464 792344 -42467
-190511 -38261 -12594 -181011
-58561 773368 -298106 375456
81335 -850910 -747781 -606764
-483988 262260 586798 35627
770014 -717260 -334360 -135533
-267255 -741460 315007 997525
853079 626025 474229 386683
859366 -566415 -792949 -5449
-399739 654298 696744 -862086
411305 568819 -443183 -960662
210929 898633 -577144 366468
313692 -993211 -74725 -360749
507591 737209 541252 -992597
-702172 789684 -783167 581969
241973 -338027 50287 -105061
506822 142716 503257 -484227
944512 70004 849433 222663
509461 901672 -394529 -518805
743629 -370780 -323299 602563
742323 541543 -33804 908933
-323299 602563 -523856 122989
496553 -164585 -913653 810698
123283 284648 878539 -35267
485127 -574293 920384 -25705
-245373 141529 -497925 -166111
284717 501434 -616959 436765
-787319 -683740 936665 -600247
855214 701286 -755916 -443624
489505 -853099 -93506 552159
763663 -143048 -181026 -921986
842234 943231 68956 -280821
491620 -432411 358498 567045
848297 405346 752174 -54058
438159 -192567 975484 333325
-183817 904373 -385471 -735348
-454859 -715993 277207 986059
578090 563242 -949386 670779
-593678 690373 381458 -712904
831498 -680825 321765 1813
878539 -35267 987178 -454327
-454859 -715993 881941 -933172
301739 185645 -336121 990686
-685893 617580 865191 -175680
314449 -211512 737070 -192953
820443 997006 -293966 513631
-655417 -682453 320030 679416
-752210 468425 -85207 313023
-8372 -281683 63886 78137
-703061 531906 -478452 200405
-784614 -924411 31784 240388
-166231 -217005 878992 257946
878539 -35267 -482960 -848007
132218 -474210 -940858 -859596
-360178 79867 295366 479275
-20157 -411147 878827 -443971
90664 846622 932273 -951342
996053 -305222 -849872 -549715
576088 -847268 -444996 445488
962386 182996 687247 595425
-681234 -990271 -669486 -243736
-148841 729347 617266 748100
-713285 -459448 -668562 875046
-274412 354370 469351 835502
672295 524503 -725909 -699222
-828098 871375 768791 -317429
-814950 -665427 -237295 922956
109703 828540 -481034 -558475
-181026 -921986 91521 -915974
526822 -604300 -60816 167228
-907505 757681 264199 -197949
26353 -257826 -415618 704902
-725909 -699222 -789210 760372
-940858 -859596 435017 23662
407176 -566949 -58523 605718
-291332 -6406 639841 -874945
456838 692677 -431396 684619
788836 -185184 682104 222886
990345 52191 -5645 332235
-408397 -295363 976361 173928
511005 -222045 64967 -717529
992541 431714 -898721 429091
526822 -604300 13396 -763867
564985 98669 718495 -814808
132421 164523 785953 -46634
-516170 -795125 839828 76362
-343099 -540097 -295145 -787535
-45466 -494744 577203 935763
835102 -778272 350462 -496228
-38696 -715965 96312 603715
-112390 -940915 -74770 428690
302810 70618 614472 235703
831498 -680825 747309 32544
-961936 770617 -814702 690630
-582242 -141211 -651114 -920376
785953 -46634 -925123 876812
-509615 -409473 812230 -780184
-532098 580876 387603 575852
-192642 -665068 -666582 835772
649857 -737974 -659726 787389
584702 218715 110171 721850
-383843 -173136 958962 383620
256988 615576 146889 -64417
500156 540226 -472272 -301685
764443 23893 418065 -328074
-426581 -77870 -425880 914813
334918 220313 505761 83516
-399739 654298 697887 -692485
-415069 -417528 -735671 -652611
-898721 429091 -42932 -117302
-756567 82586 962022 695856
-991183 545405 -434892 -169629
132218 -474210 208753 -257857
146528 -19940 379915 -909855
399256 155320 105034 -152380
209938 962296 -721267 403293
702552 948194 -883403 640158
-762735 -663678 17256 -654521
700025 211855 -416422 -284145
841471 -10029 -84253 -644208
-164698 -715393 334071 168068
-808367 989134 238193 887124
744984 -64637 -302786 656304
504822 577065 272153 234570
414443 855566 733275 907839
608186 -429895 -507684 889246
-694789 -695386 -78302 -350781
-497925 -166111 -882037 -617582
545617 848765 -90598 234131
469351 835502 -318224 -176050
802530 -215520 102235 551530
-684600 -289563 -625505 -124498
848297 405346 306624 931030
-155343 193694 726944 871761
-490504 507599 -939187 -602527
403893 118419 312469 -438900
-803516 -688797 -443335 922160
-531295 363414 -71574 20692
295366 479275 270146 964845
674631 121969 -560522 343676
506240 -181260 -442719 65159
869840 177670 -493624 -216162
218447 883333 911653 384959
81335 -850910 -70012 -313232
116416 449000 -741481 352558
-62933 -145175 -862575 -63402
90334 592493 -991329 -620610
987424 40498 -947166 -293434
639841 -874945 987624 -749984
812593 408144 837905 -851366
-130899 193741 -583216 849262
593603 216241 -824613 131103
-356398 -193815 382382 648053
-443183 -960662 445806 674802
925276 -352981 779145 -725042
590026 -590929 -713641 302251
889826 355217 969526 -476205
-439711 539429 116669 -883019
-721560 696502 694528 -916609
698158 -478683 -519349 233549
-892839 -338683 52295 51231
-735671 -652611 -493340 -648585
-872208 -338174 -53039 3765
-17880 -371453 643088 370282
733275 907839 -861176 535008
-323299 602563 -954042 -676678
770014 -717260 156005 -410896
-459862 814240 -436766 -926236
233471 -812766 198319 248271
109784 835793 681171 295003
-721267 403293 -958769 652515
406436 85950 72223 834135
-639384 -618947 -482024 -877349
-892839 -338683 -331920 -97674
-330907 -698274 48718 896678
-947086 329006 -802641 658637
-363096 -259370 476282 889116
-522336 120108 528134 -829195
641639 824120 603053 284305
-571432 -505319 612147 -220069
-378991 721629 -148741 -40903
911653 384959 -580572 346144
902966 615956 823433 245562
-441323 103222 -628376 829952
-700254 -991280 -9545 -533187
455019 -911748 587960 55822
376980 -258586 646875 -534682
985376 264513 8316 270721
854387 -13060 879540 -145003
-837044 -591831 453269 420880
-842517 680107 -584732 526358
16254 -664356 374113 949517
946123 765785 -251420 946659
323210 161961 608186 -665067
-684600 -289563 991869 -486808
428752 281240 -517100 609440
375159 -308573 339638 865349
764443 23893 -372584 -772690
171834 178704 201959 -427934
-789846 341302 -252065 328180
89981 243460 -911251 -6659
-693011 -691767 -672456 -250691
-552911 -540970 235691 35294
233615 556111 280694 -634533
-775441 889484 -216858 -178163
181360 905283 327710 372596
-871106 471313 -471197 -802516
639841 -874945 -347913 -529014
683745 -567464 -864932 610650
-60816 167228 423299 939849
-826217 43936 -832686 -538065
-939187 -602527 670144 238862
841758 -356036 -379684 58700
-371808 337872 765416 489452
-968461 500642 -692571 932704
191487 -643075 386527 949363
-722396 -16531 -890819 -448497
-949531 395872 944941 420606
34473 464681 386202 455689
-597459 277547 -93271 -762515
68990 -744319 -637595 701735
744423 -257562 459158 -193158
-988987 963202 -231222 -182444
-884071 -971293 698680 -573846
-372584 -772690 -410609 -52623
654259 -222776 -311183 -913628
42577 -263970 225265 -268006
-301630 925296 -751272 717936
94775 259200 -368111 231549
872327 641967 950897 -834656
805496 539636 354598 -232640
718495 -814808 -774797 -326705
-873120 -925716 76313 -318109
132218 -474210 482007 154576
-978776 -741292 -966383 660082
850399 -378729 -313639 29830
796815 -286996 572330 461022
889826 355217 -973460 723125
946123 765785 557952 -473098
661557 -797890 -660335 59235
253584 -724296 -347722 594278
-478534 58395 350497 -225979
145933 5395 159108 540602
51143 -919303 -616336 984283
-913653 810698 -890127 -301978
94775 259200 787386 89460
109703 828540 -688103 -843870
-520723 160012 500531 -908574
-449108 954334 -267220 -954900
8150 241141 -435259 -173943
710536 -318436 -405768 -993435
-304192 -110094 713817 -912679
-520681 -771699 -584211 -18933
-783617 -716516 989433 671786
121635 549764 150973 -921395
990345 52191 916401 732388
-347722 594278 976977 96268
920717 -223260 -216958 -910875
418841 -204152 -852298 164731
561863 16405 838780 -981893
-521375 -267382 749939 -274842
188280 -791365 108307 -832775
-462318 241306 -928209 119544
723251 646878 -271386 -670231
812593 408144 31907 492204
526822 -604300 529412 -380357
-440612 750068 349482 -424721
418065 -328074 -43734 506867
43696 -492461 -502062 363510
182688 -408148 301004 446959
-524445 -785554 -962685 1043
-960377 691568 -19588 924637
-188578 -623066 -449179 755169
-454932 836661 -950316 -538192
332565 -310094 -42494 922048
18350 816778 -124038 -953519
-99897 -151255 236216 227930
-726971 114443 227292 130718
825837 581735 -677307 -155380
-385689 -97992 850414 -51627
-477356 143842 344850 891432
89981 243460 36496 -119628
-335230 872903 -261043 -37085
577761 613454 252127 606693
198319 248271 285225 744853
-114361 -663849 718438 122382
-550413 662308 -576768 836837
432027 -261491 -299786 -475304
-425466 591254 259873 962059
799260 -514607 659952 -158449
409381 56481 103190 -213146
801025 335207 314637 512536
-120094 216333 -27137 108947
973577 -619320 -733546 -285672
-751272 717936 298364 614533
-418092 -566995 153296 -360088
-986269 -784689 700328 639351
734505 311413 -733066 20144
744984 -64637 116557 184226
-898975 549841 53795 669218
