1
2000
93650 -202932 534120 -805154
534120 -805154 503941 611956
503941 611956 322265 -184648
322265 -184648 -39518 -678067
93650 -202932 -26785 606584
-26785 606584 -245155 663750
534120 -805154 507247 -177855
-39518 -678067 -142159 961981
-142159 961981 580808 -581581
-39518 -678067 795250 -652222
-142159 961981 754876 54566
507247 -177855 55673 717630
580808 -581581 27015 -776687
-26785 606584 943095 -324312
27015 -776687 620427 -366002
507247 -177855 250193 -228824
322265 -184648 -484029 311167
250193 -228824 665793 330407
27015 -776687 -993350 325446
507247 -177855 714281 -107952
580808 -581581 -366811 842229
93650 -202932 -782272 -665404
-366811 842229 -993350 325446
943095 -324312 -371148 -981838
503941 611956 -496822 -238954
-366811 842229 -533248 -52907
665793 330407 -874727 -217153
-245155 663750 -780441 -656005
754876 54566 -373794 -526242
-782272 -665404 142947 160137
754876 54566 766711 997759
665793 330407 -247582 -567250
-142159 961981 -155951 266910
-780441 -656005 325383 -205007
-155951 266910 244752 -526239
-155951 266910 351212 -602958
534120 -805154 -173406 964108
754876 54566 5385 -531918
-26785 606584 -637095 -197220
-26785 606584 714355 787601
503941 611956 290114 -555319
766711 997759 171294 -964132
290114 -555319 264086 226886
27015 -776687 325383 -205007
754876 54566 949926 13141
-245155 663750 417418 -470495
-874727 -217153 954201 490969
250193 -228824 171294 -964132
-496822 -238954 647875 194662
290114 -555319 -547655 -907742
-780441 -656005 910633 51676
620427 -366002 -793816 -165882
-371148 -981838 -617183 -505618
244752 -526239 405163 -169009
-373794 -526242 -110321 447912
142947 160137 214836 -806254
-617183 -505618 -617888 -890663
665793 330407 378568 899883
5385 -531918 -993833 -65585
250193 -228824 773879 -429982
-993833 -65585 -462675 -820103
322265 -184648 509015 53798
325383 -205007 755325 964477
-110321 447912 -208615 44886
509015 53798 636836 -361611
55673 717630 -326131 -4984
636836 -361611 469340 802956
-142159 961981 -27239 -600314
-155951 266910 112734 -701386
-782272 -665404 441943 -394612
214836 -806254 578074 956028
-366811 842229 -1042 -822402
-993350 325446 -793816 -165882
-782272 -665404 -731282 263510
-874727 -217153 310261 874361
-874727 -217153 -371148 -981838
-1042 -822402 90430 -382366
-780441 -656005 580808 -581581
-371148 -981838 751419 505867
-462675 -820103 -744727 993997
264086 226886 -552360 -137970
-27239 -600314 -69795 195471
250193 -228824 -547989 -813260
-1042 -822402 -27239 -600314
-326131 -4984 -576803 768342
405163 -169009 515939 169893
-27239 -600314 -255526 -997321
-533248 -52907 900062 754932
943095 -324312 51311 -382084
507247 -177855 606733 908694
-110321 447912 606733 908694
-247582 -567250 295979 419240
-255526 -997321 -509373 -49622
-326131 -4984 60889 920398
665793 330407 226339 570609
322265 -184648 -479850 -118520
751419 505867 -294337 146151
-173406 964108 -304192 834076
-744727 993997 122744 -261231
515939 169893 290114 -555319
469340 802956 55673 717630
51311 -382084 478514 212518
-617888 -890663 -474402 289032
-142159 961981 -278210 -749578
620427 -366002 -993350 325446
-731282 263510 384732 723978
949926 13141 8943 -378932
8943 -378932 -499221 -175077
534120 -805154 655372 630849
754876 54566 925842 223678
620427 -366002 362189 551377
647875 194662 310261 874361
507247 -177855 98115 -399877
295979 419240 -533248 -52907
534120 -805154 754876 54566
60889 920398 -334805 -456336
-782272 -665404 -851604 294074
8943 -378932 319896 19727
949926 13141 606733 908694
384732 723978 272474 -222850
8943 -378932 -87179 457279
-27239 -600314 417418 -470495
-1042 -822402 -392216 223686
-780441 -656005 548805 374913
515939 169893 53768 -528492
-110321 447912 264418 337911
384732 723978 689880 970755
647875 194662 244020 539045
925842 223678 503288 39691
-874727 -217153 -283715 432752
53768 -528492 -872836 -248643
620427 -366002 212248 645952
-26785 606584 -162387 -864958
378568 899883 362189 551377
-304192 834076 -352627 -943773
509015 53798 203229 255988
954201 490969 840743 -607479
310261 874361 -373808 470961
290114 -555319 -576803 768342
244020 539045 212105 -878390
264086 226886 404947 287579
-371148 -981838 -378631 527880
27015 -776687 -232059 472306
-1042 -822402 773879 -429982
689880 970755 414446 -538992
509015 53798 689930 -372061
606733 908694 966246 -323878
-993350 325446 145202 461471
-208615 44886 -155951 266910
-874727 -217153 659788 -140859
773879 -429982 515939 169893
-173406 964108 -406821 -665238
264086 226886 -149706 677815
212105 -878390 -247657 -154114
362189 551377 -793816 -165882
-373794 -526242 820439 471642
122744 -261231 -770011 -626280
171294 -964132 -213005 165122
689930 -372061 872444 101911
27015 -776687 -686602 -368783
55673 717630 347170 117677
-373808 470961 906105 294235
-352627 -943773 -6705 866478
-334805 -456336 -9350 133062
-208615 44886 335554 817988
93650 -202932 -96885 928753
-278210 -749578 -462675 -820103
943095 -324312 43224 -431583
-96885 928753 -110321 447912
-278210 -749578 226339 570609
-851604 294074 369649 -650833
214836 -806254 -610299 178371
-371148 -981838 911334 497421
-617183 -505618 -752288 -196132
-547655 -907742 -624426 -628178
-245155 663750 -509373 -49622
351212 -602958 349545 -489671
925842 223678 -232059 472306
-509373 -49622 -790974 -400890
478514 212518 229205 -622445
-232059 472306 -172548 -38677
-547989 -813260 -972440 381620
900062 754932 -509373 -49622
949926 13141 560185 -814466
384732 723978 -708872 -232586
-782272 -665404 710984 254579
-392216 223686 614433 538820
-334805 -456336 -929860 850810
620427 -366002 268431 -865343
319896 19727 231122 -578336
244020 539045 -43326 584100
636836 -361611 244752 -526239
264086 226886 -744727 993997
-392216 223686 289765 20988
-780441 -656005 -984683 -373878
507247 -177855 -109298 -382398
-744727 993997 578074 956028
-793816 -165882 322265 -184648
478514 212518 397936 -739280
872444 101911 126574 457897
-406821 -665238 -476538 -34369
27015 -776687 -6705 866478
503941 611956 578074 956028
-790974 -400890 -706112 275530
214836 -806254 -405308 810557
773879 -429982 -51296 -261080
-39518 -678067 -239184 -294739
-109298 -382398 324395 -732434
840743 -607479 -624189 214846
755325 964477 732680 629094
-533248 -52907 455025 758293
714355 787601 780709 -502069
226339 570609 289765 20988
171294 -964132 -75595 221924
-232059 472306 297330 382102
780709 -502069 714281 -107952
-708872 -232586 -218087 -294855
-87179 457279 268431 -865343
620427 -366002 51311 -382084
378568 899883 736647 -148733
-326131 -4984 22223 -549744
-752288 -196132 866585 -857251
780709 -502069 -696152 -163105
773879 -429982 862184 -643439
5385 -531918 -864034 -18714
319896 19727 -178855 -943380
578074 956028 -664000 404327
98115 -399877 -378631 527880
780709 -502069 -780441 -656005
43224 -431583 -252555 794191
203229 255988 178082 -819372
-109298 -382398 733072 -318880
-366811 842229 317579 329998
250193 -228824 402716 113781
872444 101911 648264 -127206
507247 -177855 325383 -205007
-75595 221924 594270 895777
441943 -394612 297330 382102
397936 -739280 -703514 612465
906105 294235 -679642 297733
-984683 -373878 -576803 768342
-326131 -4984 -122553 203742
5385 -531918 -366791 246266
126574 457897 403630 -788693
-155951 266910 -652172 -925661
773879 -429982 925689 917796
-686602 -368783 -117227 -531478
-874727 -217153 303651 -300303
866585 -857251 -405308 810557
-703514 612465 403630 -788693
-533248 -52907 -880438 192216
-294337 146151 -624189 214846
-392216 223686 -551883 181125
290114 -555319 539961 960513
214836 -806254 572446 455417
548805 374913 -491666 301591
-552360 -137970 568413 -603966
-26785 606584 689930 -372061
-155951 266910 152146 -96097
840743 -607479 -682224 974968
-708872 -232586 -178855 -943380
-155951 266910 691926 88367
289765 20988 397936 -739280
469340 802956 -87179 457279
264418 337911 710984 254579
-706112 275530 310537 -535305
-371148 -981838 871124 269709
-664000 404327 992200 484164
871124 269709 -27590 -588398
-617183 -505618 910633 51676
310537 -535305 -746178 -884215
-232059 472306 376197 -351489
171294 -964132 290114 -555319
-484029 311167 594270 895777
-731282 263510 188857 -777972
-664000 404327 -676687 879162
-117227 -531478 -594433 -57248
-39518 -678067 -428164 698577
534120 -805154 -617888 -890663
710984 254579 104306 596083
60889 920398 941174 737770
-122553 203742 210125 -355582
347170 117677 297330 382102
900062 754932 405163 -169009
-178855 -943380 -844431 279769
-162387 -864958 353228 76177
8943 -378932 557169 -47378
212105 -878390 -551883 181125
-770011 -626280 665793 330407
-428164 698577 310537 -535305
-110321 447912 859596 162919
272474 -222850 -245155 663750
773879 -429982 488598 45832
-617183 -505618 376586 6329
-109298 -382398 -706112 275530
403630 -788693 -279168 -111018
22223 -549744 578438 -977857
736647 -148733 -594433 -57248
-984683 -373878 49384 725815
-75595 221924 -108950 -688058
-27239 -600314 53768 -528492
317579 329998 -149706 677815
655372 630849 -944617 -920358
325383 -205007 -116256 -244887
578074 956028 648264 -127206
142947 160137 313387 223503
-116256 -244887 53768 -528492
871124 269709 210125 -355582
736647 -148733 539961 960513
310261 874361 958354 -732580
104306 596083 -272335 -880900
-283715 432752 -731282 263510
488598 45832 22471 -777332
-26785 606584 -196537 884848
289765 20988 -499221 -175077
-790974 -400890 104306 596083
-108950 -688058 -746178 -884215
954201 490969 755325 964477
648264 -127206 568413 -603966
-708872 -232586 -405308 810557
-213005 165122 -248010 -554614
-652172 -925661 860531 853505
-196537 884848 855796 729735
112734 -701386 -278210 -749578
795250 -652222 985197 629927
773879 -429982 821420 -300237
319896 19727 -822918 -627913
568413 -603966 -676687 879162
-509373 -49622 122744 -261231
51311 -382084 -444179 181529
-117227 -531478 820439 471642
503288 39691 -539135 -751767
840743 -607479 -731282 263510
-279168 -111018 322265 -184648
-864034 -18714 -531764 338916
297330 382102 -146791 690539
560185 -814466 488598 45832
-682224 974968 -778395 526480
665793 330407 -218097 43926
289765 20988 -39518 -678067
-972440 381620 351212 -602958
142947 160137 557169 -47378
417418 -470495 -652172 -925661
-406821 -665238 -547655 -907742
210125 -355582 185726 -901970
862184 -643439 -576803 768342
-326131 -4984 -286068 621710
376586 6329 503288 39691
855796 729735 -463400 908507
-218097 43926 712563 -721426
290114 -555319 -709613 -162823
-304192 834076 31560 252099
-547989 -813260 367208 378221
405163 -169009 773879 -429982
90430 -382366 369649 -650833
-479850 -118520 185726 -901970
620427 -366002 754876 54566
714281 -107952 606284 556708
-428164 698577 272474 -222850
-752288 -196132 936736 -280824
-496822 -238954 -6705 866478
369649 -650833 925842 223678
272474 -222850 -366791 246266
-51296 -261080 -61675 378790
-373808 470961 -207605 -496463
985197 629927 -626211 -835158
503941 611956 491797 673669
98115 -399877 449162 -838530
-686602 -368783 -27239 -600314
-248010 -554614 212248 645952
335554 817988 689930 -372061
-378631 527880 766711 997759
-696152 -163105 -27239 -600314
773879 -429982 295306 -531019
943095 -324312 509015 53798
966246 -323878 -540421 -430363
755325 964477 -354002 782640
-617888 -890663 122744 -261231
231122 -578336 600783 -848575
-87179 457279 790536 -89744
-993833 -65585 -984683 -373878
-706112 275530 588365 254360
-864034 -18714 941174 737770
488598 45832 376197 -351489
-371148 -981838 714281 -107952
871124 269709 322265 -184648
871124 269709 729515 230056
53768 -528492 600783 -848575
-984683 -373878 317579 329998
790536 -89744 112734 -701386
60889 920398 -383613 458377
-75595 221924 114782 203745
-984683 -373878 185726 -901970
647875 194662 -373794 -526242
-551883 181125 -378631 527880
-822918 -627913 171294 -964132
647875 194662 -218068 -83384
-326131 -4984 98115 -399877
665793 330407 396540 305524
268431 -865343 -30649 939131
-552360 -137970 900062 754932
405163 -169009 539961 960513
-484029 311167 8943 -378932
665793 330407 -444179 181529
417418 -470495 393328 -78399
-69795 195471 750561 -216466
376197 -351489 -759693 375237
-624189 214846 -840571 -837495
-533248 -52907 -489083 737008
-172548 -38677 -943653 -43879
325383 -205007 -239184 -294739
534120 -805154 -638303 826172
-354002 782640 488609 -579861
985197 629927 606066 -836156
-444179 181529 -110321 447912
-27239 -600314 -664000 404327
-252555 794191 81016 -305175
53768 -528492 647875 194662
-984683 -373878 326966 -617093
900062 754932 -679642 297733
-679642 297733 892772 -639001
-540421 -430363 -496822 -238954
-552360 -137970 -378631 527880
324395 -732434 -851604 294074
81016 -305175 244020 539045
790536 -89744 -780441 -656005
941174 737770 766423 803120
-247582 -567250 -187768 -204254
491797 673669 936736 -280824
-187768 -204254 -61675 378790
-1042 -822402 402716 113781
-547655 -907742 163509 618460
-993833 -65585 343529 -872315
-27239 -600314 -992428 -446236
588365 254360 -286068 621710
900062 754932 -536489 952517
-474402 289032 -426697 590907
507247 -177855 751419 505867
-162387 -864958 560185 -814466
-844431 279769 930245 -259360
-746178 -884215 396018 -274501
-39518 -678067 596715 778119
-638303 826172 413985 419601
515939 169893 974547 478277
212248 645952 610256 -185813
-278210 -749578 -255526 -997321
303651 -300303 112849 340448
-790974 -400890 661201 727430
795250 -652222 -695803 856569
351212 -602958 203229 255988
925689 917796 911334 497421
49384 725815 549010 -733757
821420 -300237 -755091 -958737
98115 -399877 572446 455417
-245155 663750 231122 -578336
-146791 690539 140429 -264037
-696152 -163105 -539135 -751767
-686602 -368783 663413 214379
397936 -739280 -26785 606584
572446 455417 -225234 -727458
290114 -555319 -782272 -665404
-626211 -835158 -746178 -884215
-664000 404327 -547028 358649
655372 630849 -1042 -822402
-872836 -248643 488609 -579861
-116256 -244887 -211439 71374
22223 -549744 548805 374913
925689 917796 231122 -578336
790536 -89744 488913 -683581
417418 -470495 -385479 -518563
-39518 -678067 -444179 181529
966246 -323878 -427661 -171327
-664000 404327 -972440 381620
766711 997759 469340 802956
-652172 -925661 110340 158294
539961 960513 -579646 292363
-624426 -628178 402716 113781
-75595 221924 949090 -169668
-509373 -49622 112734 -701386
-533248 -52907 55673 717630
-142159 961981 606812 544722
-984683 -373878 -551883 181125
310261 874361 -196537 884848
606066 -836156 -932468 549704
949926 13141 862184 -643439
31560 252099 -7394 -332782
-248010 -554614 803838 501243
-173406 964108 212105 -878390
-146791 690539 344966 -175826
-696152 -163105 -624426 -628178
142947 160137 -789541 -921953
478514 212518 -256580 733575
871124 269709 982926 441229
397936 -739280 53768 -528492
142947 160137 -366811 842229
714281 -107952 478514 212518
403630 -788693 754876 54566
-286068 621710 -269 617482
-385479 -518563 290114 -555319
349545 -489671 55275 -477804
-366791 246266 -706112 275530
349545 -489671 378568 899883
606284 556708 -69795 195471
-617888 -890663 403630 -788693
-993833 -65585 -509373 -49622
112734 -701386 -51296 -261080
455025 758293 992200 484164
941174 737770 992200 484164
402716 113781 -686538 210360
-610299 178371 736647 -148733
515939 169893 -218087 -294855
729515 230056 31189 -887657
-509373 -49622 222684 718373
-484029 311167 -519491 -912211
488609 -579861 668716 -896283
393328 -78399 469340 802956
943095 -324312 655372 630849
-225234 -727458 210125 -355582
572446 455417 565463 96600
943095 -324312 -530105 -265649
594270 895777 22471 -777332
-746178 -884215 184132 771771
-178855 -943380 -278210 -749578
-770011 -626280 -489083 737008
-196537 884848 648264 -127206
539961 960513 -844431 279769
43224 -431583 925529 -758856
-255526 -997321 712563 -721426
-617183 -505618 313387 223503
319896 19727 -158279 32800
-304192 834076 560185 -814466
-474402 289032 789564 -470729
-239184 -294739 -696152 -163105
-944617 -920358 -760533 788909
393328 -78399 -196537 884848
112849 340448 -752288 -196132
-695803 856569 347170 117677
-383613 458377 -992428 -446236
319896 19727 881938 -334137
310261 874361 -943653 -43879
145202 461471 -339228 839400
-993833 -65585 290114 -555319
-30649 939131 178082 -819372
-652172 -925661 -618237 -351319
-252555 794191 396018 -274501
-519491 -912211 478514 212518
369649 -650833 -994432 893158
-992428 -446236 -69795 195471
-173406 964108 404947 287579
668716 -896283 695503 17081
515939 169893 367208 378221
-245155 663750 708498 784674
27015 -776687 -359972 -54165
413985 419601 -116256 -244887
-770011 -626280 488609 -579861
-679642 297733 486573 289033
-39518 -678067 191439 561053
689930 -372061 -732253 54634
140429 -264037 820439 471642
636836 -361611 397936 -739280
491797 673669 -247582 -567250
250193 -228824 894174 937531
-790974 -400890 -880438 192216
-218068 -83384 557169 -47378
-149706 677815 472363 -317178
-352627 -943773 -508130 688016
-110321 447912 -695803 856569
-972440 381620 402716 113781
491797 673669 -355332 498775
488913 -683581 -682154 -894275
347170 117677 -943653 -43879
-579646 292363 290114 -555319
90430 -382366 732680 629094
-732253 54634 945992 242895
925529 -758856 819620 -818313
-984683 -373878 210125 -355582
503941 611956 661201 727430
351212 -602958 80276 991476
655372 630849 -994432 893158
596715 778119 -519491 -912211
310537 -535305 447285 859889
-269 617482 900062 754932
-247657 -154114 900062 754932
-594433 -57248 347170 117677
344966 -175826 -354002 782640
404947 287579 289765 20988
578438 -977857 766711 997759
-708872 -232586 -718757 -802657
-218068 -83384 -679642 297733
478514 212518 290114 -555319
-682154 -894275 766801 670338
-1042 -822402 495571 753421
855796 729735 815910 909428
188857 -777972 326966 -617093
-709613 -162823 496023 -823361
594270 895777 -26785 606584
488609 -579861 881938 -334137
-117227 -531478 -278210 -749578
-508130 688016 992488 -851073
689880 970755 -782272 -665404
-744727 993997 795250 -652222
661201 727430 900062 754932
655372 630849 819620 -818313
396540 305524 -208615 44886
663413 214379 226339 570609
-392216 223686 -119069 -392222
289765 20988 325383 -205007
-790974 -400890 762462 850279
-880438 192216 600783 -848575
539961 960513 -385479 -518563
-929860 850810 663413 214379
-594433 -57248 324395 -732434
610256 -185813 -738444 -577912
402716 113781 714281 -107952
417418 -470495 580808 -581581
-840571 -837495 81016 -305175
930245 -259360 -696245 101346
866585 -857251 472363 -317178
606066 -836156 -547989 -813260
-110321 447912 894174 937531
-617888 -890663 -39518 -678067
-851604 294074 -993022 -202094
-373808 470961 185726 -901970
214836 -806254 -864034 -18714
472363 -317178 -51296 -261080
-539135 -751767 465281 -989835
-696245 101346 -334805 -456336
264086 226886 386369 926442
343529 -872315 496023 -823361
-1042 -822402 -225234 -727458
-880438 192216 -371148 -981838
-540421 -430363 -937742 503212
954201 490969 -576803 768342
326966 -617093 402716 113781
736647 -148733 289765 20988
-718757 -802657 -993022 -202094
860531 853505 143072 940100
-26785 606584 273446 -496824
606066 -836156 -856673 -872027
-30649 939131 -474402 289032
606812 544722 145202 461471
185726 -901970 -357867 603483
-378631 527880 229205 -622445
378568 899883 -161348 316928
-530105 -265649 369649 -650833
-30649 939131 -366791 246266
-339228 839400 -624426 -628178
-255526 -997321 343529 -872315
-822918 -627913 -142159 961981
-491666 301591 860531 853505
-286068 621710 -458687 -517421
714281 -107952 -543481 802115
343529 -872315 712563 -721426
-676687 879162 -880438 192216
659788 -140859 650577 63646
712563 -721426 -617888 -890663
766423 803120 -339228 839400
-9350 133062 549010 -733757
-579646 292363 714281 -107952
-509373 -49622 503288 39691
-856673 -872027 127824 909365
347170 117677 -458687 -517421
404947 287579 -108950 -688058
326966 -617093 21279 153053
110340 158294 -638303 826172
-117227 -531478 -618237 -351319
152146 -96097 127824 909365
-161348 316928 -994432 893158
-696152 -163105 80276 991476
515939 169893 -286068 621710
303651 -300303 596715 778119
-26785 606584 185726 -901970
606812 544722 297330 382102
871124 269709 -978261 546045
-196537 884848 -726601 -347119
-479850 -118520 243017 -60226
872444 101911 492982 -295983
243017 -60226 879341 -688979
-851604 294074 144605 -721841
708498 784674 548805 374913
405163 -169009 -163416 -191444
-269 617482 378568 899883
661201 727430 -139682 -150059
145202 461471 906105 294235
-61675 378790 565463 96600
310261 874361 -624160 -791394
982926 441229 -30649 939131
-75595 221924 -213005 165122
-139682 -150059 98115 -399877
-637095 -197220 472363 -317178
580808 -581581 503941 611956
-172548 -38677 -831018 27016
53768 -528492 -463400 908507
-793816 -165882 351212 -602958
-789541 -921953 945992 242895
871124 269709 -285988 943542
-9350 133062 614433 538820
620427 -366002 568484 307000
-218087 -294855 762462 850279
-731282 263510 -173406 964108
659788 -140859 -399273 -609985
689880 970755 588365 254360
142947 160137 534120 -805154
974547 478277 322265 -184648
507247 -177855 95899 -309998
393328 -78399 -373808 470961
-539135 -751767 -225234 -727458
736647 -148733 992200 484164
-543481 802115 312486 354530
-509373 -49622 -992428 -446236
486573 289033 -158279 32800
900062 754932 766711 997759
708498 784674 557169 -47378
-618237 -351319 -503072 544881
620427 -366002 143072 940100
-499221 -175077 -1042 -822402
906105 294235 -119069 -392222
872444 101911 911334 497421
-69795 195471 -978261 546045
894174 937531 396540 305524
414446 -538992 -856673 -872027
-285988 943542 655372 630849
349545 -489671 -439348 -291857
441943 -394612 59151 -293394
51311 -382084 -102711 -87250
-462675 -820103 -139682 -150059
-427661 -171327 -444179 181529
-149706 677815 -462675 -820103
-499221 -175077 496023 -823361
-696152 -163105 -338265 -43116
-547989 -813260 710984 254579
-929860 850810 -978261 546045
-738444 -577912 273446 -496824
-993833 -65585 212248 645952
244752 -526239 -576803 768342
367208 378221 90430 -382366
-686538 210360 -218068 -83384
-844431 279769 -7394 -332782
312486 354530 226339 570609
-738444 -577912 -122553 203742
-856673 -872027 226339 570609
-352627 -943773 -476538 -34369
-158279 32800 -7394 -332782
22471 -777332 -213005 165122
-232059 472306 370887 771712
351212 -602958 -610299 178371
144605 -721841 396018 -274501
-530105 -265649 393328 -78399
212105 -878390 -519491 -912211
-366811 842229 600783 -848575
-187768 -204254 906105 294235
-149706 677815 -624160 -791394
-547989 -813260 -822602 308531
469340 802956 655372 630849
-682224 974968 -637095 -197220
112849 340448 417418 -470495
-755091 -958737 116028 -768734
-536489 952517 112849 340448
-540421 -430363 925529 -758856
396540 305524 -476538 -34369
-163416 -191444 112734 -701386
-187768 -204254 447285 859889
384732 723978 -703514 612465
-463400 908507 780709 -502069
488609 -579861 385571 398536
264086 226886 568413 -603966
289765 20988 -371148 -981838
80276 991476 614433 538820
-110321 447912 866585 -857251
335554 817988 815910 909428
171294 -964132 319896 19727
754876 54566 -484029 311167
-696245 101346 906105 294235
414446 -538992 297330 382102
507247 -177855 -33410 -687667
925689 917796 273446 -496824
-225234 -727458 488609 -579861
43224 -431583 488598 45832
295979 419240 439632 -763731
-994432 893158 -46944 -248297
-531764 338916 -853710 307210
-279168 -111018 -822918 -627913
413985 419601 362189 551377
214836 -806254 -225234 -727458
486573 289033 -768008 -563501
-373794 -526242 609974 13082
-7394 -332782 859596 162919
736647 -148733 295979 419240
-406821 -665238 -929860 850810
982926 441229 -61675 378790
-543481 802115 610256 -185813
295306 -531019 -531764 338916
-822918 -627913 879341 -688979
503941 611956 313387 223503
-110321 447912 548805 374913
-536489 952517 403630 -788693
-366791 246266 -247657 -154114
732680 629094 310537 -535305
-338265 -43116 -27239 -600314
636836 -361611 303651 -300303
-840571 -837495 16092 -669039
-162387 -864958 -851604 294074
465281 -989835 -283715 432752
492982 -295983 -232059 472306
60889 920398 314918 -284665
-218097 43926 -357867 603483
447285 859889 795250 -652222
-709613 -162823 -255526 -997321
-703514 612465 606066 -836156
-294337 146151 397936 -739280
-334805 -456336 171294 -964132
-116256 -244887 -392216 223686
414446 -538992 -744727 993997
-428164 698577 -87179 457279
393328 -78399 -119492 461505
-496822 -238954 957170 953132
27015 -776687 311414 -529848
31560 252099 -956492 -294786
188857 -777972 -995759 -223992
966246 -323878 -208615 44886
751419 505867 120818 218488
163509 618460 -904752 -650514
-576803 768342 16092 -669039
-187768 -204254 295306 -531019
59151 -293394 -61675 378790
930245 -259360 -263279 -215909
-547655 -907742 380172 296121
-880438 192216 500539 -689235
-496822 -238954 515408 493336
925842 223678 -822918 -627913
-831018 27016 -108950 -688058
668716 -896283 790536 -89744
-519491 -912211 925842 223678
-594433 -57248 872444 101911
-479850 -118520 -669412 712767
-626211 -835158 -392216 223686
-624189 214846 -566484 354983
126574 457897 509015 53798
-789541 -921953 273446 -496824
729515 230056 925529 -758856
-218087 -294855 -161348 316928
-116256 -244887 -43326 584100
-211439 71374 -618237 -351319
59151 -293394 89348 -166707
310261 874361 486573 289033
930245 -259360 -208615 44886
736647 -148733 403630 -788693
-755091 -958737 590663 -515962
-26785 606584 -366791 246266
384732 723978 925529 -758856
751419 505867 311414 -529848
655372 630849 -427661 -171327
-695803 856569 -738444 -577912
-709613 -162823 -759693 375237
-366811 842229 -115181 -70159
982926 441229 925689 917796
226339 570609 780709 -502069
16092 -669039 -218097 43926
992488 -851073 188857 -777972
-373794 -526242 185726 -901970
152146 -96097 376197 -351489
-218087 -294855 665793 330407
609974 13082 868786 -540510
-439348 -291857 386369 926442
708498 784674 495571 753421
-283715 432752 -30649 939131
-695803 856569 -992428 -446236
496023 -823361 -252555 794191
647875 194662 -399273 -609985
-232059 472306 -610299 178371
659788 -140859 -371929 -645364
-992428 -446236 -146791 690539
-96885 928753 781918 890386
900062 754932 -527396 955660
708498 784674 957170 953132
-108950 -688058 -444179 181529
335554 817988 549010 -733757
80276 991476 145202 461471
-163416 -191444 297330 382102
503941 611956 773879 -429982
-239184 -294739 714355 787601
376586 6329 326966 -617093
-439348 -291857 -245155 663750
-972440 381620 353228 76177
-789541 -921953 578438 -977857
55673 717630 568413 -603966
549010 -733757 -474402 289032
-283715 432752 -993833 -65585
369649 -650833 -279168 -111018
-479850 -118520 -594433 -57248
-252555 794191 691926 88367
648264 -127206 708498 784674
-108950 -688058 89348 -166707
-652172 -925661 894174 937531
600783 -848575 -491666 301591
-527396 955660 -218087 -294855
-354002 782640 -679922 -666364
557169 -47378 695503 17081
-109298 -382398 491797 673669
815910 909428 755325 964477
264418 337911 985197 629927
789564 -470729 -624426 -628178
396018 -274501 894174 937531
-872836 -248643 515408 493336
-822602 308531 264086 226886
272474 -222850 795250 -652222
-378631 527880 557169 -47378
-405308 810557 -39518 -678067
-122553 203742 568484 307000
892772 -639001 -39518 -678067
755325 964477 790536 -89744
790536 -89744 -23841 269177
-26785 606584 112734 -701386
-7394 -332782 191439 561053
590663 -515962 -880438 192216
-508130 688016 -339228 839400
112849 340448 312486 354530
486573 289033 -334805 -456336
-768008 -563501 -102711 -87250
-96885 928753 762462 850279
503941 611956 488913 -683581
-252555 794191 -439348 -291857
-102711 -87250 -679922 -666364
714281 -107952 469340 802956
820439 471642 655933 -663699
966246 -323878 482493 -815040
250193 -228824 -683433 -12963
966246 -323878 921375 -176773
127824 909365 8943 -378932
-682224 974968 712563 -721426
754876 54566 486573 289033
402716 113781 -703081 514726
-664000 404327 -571595 -833692
-7394 -332782 -556702 572191
-759693 375237 370887 771712
803838 501243 -778395 526480
-196537 884848 326966 -617093
-27239 -600314 596715 778119
-527396 955660 268431 -865343
568484 307000 43224 -431583
268431 -865343 480105 -565507
310537 -535305 -844431 279769
376586 6329 754876 54566
636836 -361611 140429 -264037
-108950 -688058 -245155 663750
-709613 -162823 949926 13141
27015 -776687 -543481 802115
-232059 472306 5385 -531918
93650 -202932 222620 -656758
945992 242895 21279 153053
90430 -382366 185726 -901970
691926 88367 488609 -579861
-752288 -196132 -269 617482
51311 -382084 -476538 -34369
-359972 -54165 -392216 223686
311414 -529848 43224 -431583
-571595 -833692 317579 329998
145202 461471 314767 15524
-978261 546045 695503 17081
-383613 458377 -6705 866478
-618237 -351319 992488 -851073
-530105 -265649 900062 754932
-96885 928753 -994432 893158
290114 -555319 992488 -851073
-760533 788909 101317 588435
-33410 -687667 588365 254360
492982 -295983 859596 162919
-778395 526480 -334805 -456336
-519491 -912211 -232059 472306
413985 419601 945992 242895
226339 570609 507247 -177855
-87179 457279 810892 -121811
-23841 269177 620427 -366002
-39518 -678067 -96885 928753
-463400 908507 -87179 457279
881938 -334137 -519345 -800312
-566484 354983 -7394 -332782
441943 -394612 -624160 -791394
90430 -382366 229205 -622445
-339228 839400 163509 618460
-366811 842229 482493 -815040
-937742 503212 231122 -578336
-247582 -567250 182152 -85481
-508130 688016 140429 -264037
145202 461471 966246 -323878
-255526 -997321 560185 -814466
-519345 -800312 380172 296121
-539135 -751767 -708872 -232586
580808 -581581 -366791 246266
402716 113781 -840571 -837495
572446 455417 472363 -317178
-944617 -920358 503288 39691
-984683 -373878 -378631 527880
606066 -836156 -207605 -496463
482493 -815040 381017 -126964
-992428 -446236 143072 940100
-872836 -248643 -334805 -456336
-738444 -577912 -146791 690539
-428164 698577 692602 203638
966246 -323878 -104256 -647525
-617888 -890663 -664000 404327
-618237 -351319 472647 -947863
441943 -394612 721380 971343
949090 -169668 -146791 690539
-211439 71374 -149706 677815
-75595 221924 -227966 -468868
-738444 -577912 212248 645952
755325 964477 -385479 -518563
49384 725815 402716 113781
244752 -526239 -956492 -294786
708498 784674 290114 -555319
101317 588435 244752 -526239
-96885 928753 362189 551377
488913 -683581 -563272 -719837
449162 -838530 503288 39691
145202 461471 -853710 307210
-563272 -719837 910633 51676
-944617 -920358 609534 -68696
780709 -502069 -738444 -577912
-139682 -150059 750561 -216466
89348 -166707 -283715 432752
182152 -85481 163509 618460
-872836 -248643 568413 -603966
925529 -758856 275885 60685
945992 242895 648264 -127206
214836 -806254 949926 13141
127824 909365 322265 -184648
268431 -865343 80276 991476
606066 -836156 -317157 524895
594270 895777 789564 -470729
-853710 307210 655372 630849
-27590 -588398 -96885 928753
478514 212518 957170 953132
-383613 458377 -793816 -165882
447285 859889 -994432 893158
-27590 -588398 264086 226886
212105 -878390 755325 964477
-69795 195471 766423 803120
-978261 546045 925842 223678
609974 13082 -7394 -332782
503288 39691 -102711 -87250
439632 -763731 859596 162919
-993833 -65585 957170 953132
482493 -815040 -373808 470961
351212 -602958 -531764 338916
184132 771771 -547655 -907742
-682154 -894275 51311 -382084
594270 895777 -108950 -688058
868786 -540510 -637095 -197220
-744727 993997 55275 -477804
273446 -496824 -732253 54634
606812 544722 144605 -721841
609974 13082 -539135 -751767
-768008 -563501 620427 -366002
-218068 -83384 -158279 32800
755325 964477 -179657 -75096
866585 -857251 112734 -701386
480105 -565507 794723 -895972
-617183 -505618 -410616 877927
191439 561053 620370 244709
-227966 -468868 -172548 -38677
-853710 307210 668716 -896283
49384 725815 191439 561053
668716 -896283 60889 920398
-682154 -894275 313387 223503
-937742 503212 98115 -399877
712563 -721426 126574 457897
-944617 -920358 243017 -60226
714281 -107952 122744 -261231
509015 53798 420756 679680
855796 729735 106628 -527472
606284 556708 163509 618460
549010 -733757 736647 -148733
-618237 -351319 -427661 -171327
480105 -565507 163509 618460
821420 -300237 214836 -806254
-285988 943542 -373794 -526242
-709613 -162823 -679922 -666364
226339 570609 212105 -878390
325383 -205007 614433 538820
578074 956028 894174 937531
-115181 -70159 -315277 458039
380172 296121 -732253 54634
609974 13082 650577 63646
-247657 -154114 -768008 -563501
-232059 472306 -119492 461505
941174 737770 900062 754932
-637095 -197220 515408 493336
310537 -535305 244752 -526239
-755091 -958737 -378631 527880
729515 230056 810892 -121811
143072 940100 -315277 458039
335554 817988 393328 -78399
568413 -603966 439632 -763731
668716 -896283 -119069 -392222
732680 629094 -122553 203742
957170 953132 661201 727430
-984683 -373878 210398 -851048
314767 15524 -793816 -165882
609534 -68696 714281 -107952
-679922 -666364 -626211 -835158
-499221 -175077 -682154 -894275
-427661 -171327 -7394 -332782
-115181 -70159 992200 484164
-874727 -217153 -474402 289032
958354 -732580 949926 13141
-594433 -57248 -539135 -751767
226339 570609 -944617 -920358
-405308 810557 -428164 698577
-359972 -54165 -334805 -456336
-119069 -392222 549010 -733757
954201 490969 -605708 248060
794723 -895972 -317157 524895
-213005 165122 472647 -947863
-543481 802115 -851604 294074
840743 -607479 314918 -284665
606733 908694 821420 -300237
273446 -496824 -178855 -943380
343529 -872315 24926 -929004
-179657 -75096 311414 -529848
647875 194662 -108950 -688058
89348 -166707 210398 -851048
114782 203745 -39518 -678067
-96885 928753 -537586 769864
163509 618460 -624160 -791394
-463400 908507 31189 -887657
-247582 -567250 -218097 43926
-793816 -165882 -679922 -666364
313387 223503 -547655 -907742
819620 -818313 -462675 -820103
-317157 524895 992488 -851073
534120 -805154 647875 194662
396018 -274501 695503 17081
-357867 603483 650577 63646
-496822 -238954 754876 54566
578074 956028 736647 -148733
-371929 -645364 171294 -964132
-864034 -18714 -366791 246266
439632 -763731 -719308 399745
89348 -166707 182152 -85481
101317 588435 5385 -531918
143072 940100 -491666 301591
-428164 698577 958354 -732580
714281 -107952 515939 169893
272474 -222850 -371148 -981838
-26785 606584 -932468 549704
780709 -502069 244020 539045
24926 -929004 -944617 -920358
-527396 955660 -872836 -248643
120818 218488 -414492 707990
815910 909428 370887 771712
370887 771712 -104098 379575
-539135 -751767 -27239 -600314
-782272 -665404 -617888 -890663
310537 -535305 56580 -881379
721380 971343 565463 96600
-399273 -609985 578438 -977857
-503072 544881 -696245 101346
-272335 -880900 -768008 -563501
24926 -929004 -383613 458377
59151 -293394 606066 -836156
21279 153053 770823 -228080
943095 -324312 -706112 275530
289765 20988 879341 -688979
-491666 301591 751419 505867
-427661 -171327 -790974 -400890
-864034 -18714 -248010 -554614
-706112 275530 -278210 -749578
212105 -878390 -458687 -517421
-682224 974968 229205 -622445
-872836 -248643 -149706 677815
860531 853505 -686538 210360
-23841 269177 413985 419601
-227966 -468868 55673 717630
-373808 470961 -880438 192216
203229 255988 -738444 -577912
441943 -394612 509015 53798
-531764 338916 588365 254360
480105 -565507 376586 6329
-624189 214846 -640402 251517
-706112 275530 594270 895777
55275 -477804 95899 -309998
106628 -527472 -755091 -958737
-856673 -872027 335554 817988
668716 -896283 957170 953132
420756 679680 -61675 378790
-617183 -505618 403630 -788693
-576803 768342 -269 617482
495571 753421 249599 583209
-744727 993997 -378631 527880
449162 -838530 -978261 546045
104306 596083 387602 932576
906105 294235 480105 -565507
-856673 -872027 527284 523743
380172 296121 -543481 802115
-163416 -191444 222620 -656758
578074 956028 -617183 -505618
144605 -721841 -399273 -609985
-139682 -150059 -406821 -665238
-576803 768342 -105540 131069
855796 729735 -149326 -526813
943095 -324312 692602 203638
-285988 943542 -531764 338916
-874727 -217153 385571 398536
289765 20988 872444 101911
-247582 -567250 465281 -989835
620427 -366002 -539135 -751767
449162 -838530 488598 45832
-247657 -154114 650577 63646
404947 287579 -245155 663750
-46944 -248297 655933 -663699
297330 382102 620370 244709
250193 -228824 396540 305524
-383613 458377 -458687 -517421
-139682 -150059 -139950 -738250
5385 -531918 -540421 -430363
-770011 -626280 -709613 -162823
-444179 181529 636836 -361611
-984683 -373878 -218087 -294855
925842 223678 495571 753421
303651 -300303 396540 305524
264086 226886 244020 539045
-161348 316928 607504 -193039
126574 457897 -925799 523705
53768 -528492 539961 960513
-533248 -52907 -179657 -75096
326966 -617093 465281 -989835
314767 15524 810892 -121811
-605708 248060 -929860 850810
93650 -202932 385571 398536
349545 -489671 -547655 -907742
943095 -324312 503941 611956
754876 54566 949090 -169668
596715 778119 439632 -763731
-355332 498775 930245 -259360
-594433 -57248 380172 296121
-458687 -517421 -357867 603483
-686538 210360 -703081 514726
488913 -683581 210125 -355582
-410616 877927 -547028 358649
-874727 -217153 273446 -496824
-366791 246266 -726601 -347119
-27590 -588398 -444179 181529
163509 618460 515939 169893
789564 -470729 -543481 802115
-359972 -54165 31189 -887657
-624160 -791394 855796 729735
539961 960513 620427 -366002
534120 -805154 53491 -679741
-718757 -802657 -119069 -392222
-96885 928753 185726 -901970
-864034 -18714 -844431 279769
-943653 -43879 -479850 -118520
790536 -89744 381017 -126964
781918 890386 -173406 964108
455025 758293 -993833 -65585
859596 162919 620370 244709
449162 -838530 55275 -477804
-752288 -196132 89348 -166707
393328 -78399 750561 -216466
789564 -470729 -352627 -943773
-718757 -802657 -925799 523705
496023 -823361 855796 729735
736647 -148733 297330 382102
-354002 782640 191439 561053
911334 497421 549010 -733757
-874727 -217153 766423 803120
-937742 503212 -43326 584100
794723 -895972 -793816 -165882
-840571 -837495 -822918 -627913
911334 497421 -213005 165122
-703081 514726 -708872 -232586
-874727 -217153 249599 583209
906105 294235 -146791 690539
921375 -176773 -565002 450659
-519345 -800312 -208615 44886
925529 -758856 -401192 -783447
344966 -175826 -695803 856569
596715 778119 -713879 -692116
-399273 -609985 210398 -851048
376197 -351489 -439348 -291857
335554 817988 439632 -763731
439632 -763731 486573 289033
911334 497421 163509 618460
-248010 -554614 871124 269709
-75595 221924 -196537 884848
420756 679680 -732253 54634
142947 160137 509015 53798
992200 484164 609974 13082
393328 -78399 -599838 668398
-218097 43926 821420 -300237
-640402 251517 -696245 101346
-458687 -517421 949926 13141
324395 -732434 -155951 266910
-366791 246266 609534 -68696
-286068 621710 -334805 -456336
762462 850279 761777 156295
-508130 688016 -610299 178371
668716 -896283 563122 -688665
-563272 -719837 -686538 210360
80276 991476 868786 -540510
-993350 325446 -978261 546045
815910 909428 -248010 -554614
714355 787601 -227966 -468868
-462675 -820103 773879 -429982
568484 307000 480105 -565507
482493 -815040 815910 909428
647875 194662 -256580 733575
-208615 44886 290114 -555319
-676687 879162 -537586 769864
-605708 248060 819620 -818313
243017 -60226 -637125 -972760
-158279 32800 966246 -323878
-679922 -666364 56580 -881379
243017 -60226 182152 -85481
203229 255988 -334805 -456336
488609 -579861 -676687 879162
-366791 246266 59151 -293394
163509 618460 -543481 802115
-117227 -531478 -845597 -745341
689930 -372061 614585 82017
-458687 -517421 881938 -334137
-789541 -921953 766711 997759
110340 158294 380172 296121
-496822 -238954 231122 -578336
-218068 -83384 606066 -836156
-6705 866478 -872836 -248643
-410616 877927 714281 -107952
-207605 -496463 -822602 308531
-179657 -75096 104930 991210
609534 -68696 -992428 -446236
55275 -477804 127824 909365
-87179 457279 31560 252099
-211439 71374 -519345 -800312
413985 419601 104445 549978
231122 -578336 404947 287579
439632 -763731 417418 -470495
-179657 -75096 736647 -148733
-383613 458377 -640402 251517
-508130 688016 244020 539045
-978261 546045 -180775 555648
250193 -228824 -503072 544881
900062 754932 -414492 707990
313387 223503 -479850 -118520
-519491 -912211 264418 337911
222684 718373 310537 -535305
-163416 -191444 -540421 -430363
53491 -679741 810308 320515
-709613 -162823 386369 926442
568484 307000 -984683 -373878
310537 -535305 90430 -382366
380172 296121 343529 -872315
-46944 -248297 -576803 768342
-563272 -719837 -96885 928753
-686602 -368783 -844431 279769
-285988 943542 560185 -814466
588365 254360 992488 -851073
-610299 178371 -790974 -400890
-552360 -137970 -669412 712767
-142159 961981 -213005 165122
413985 419601 310537 -535305
930245 -259360 -499221 -175077
-874727 -217153 380172 296121
-605708 248060 -932468 549704
-638303 826172 -385479 -518563
568413 -603966 -579646 292363
-617888 -890663 766423 803120
-563272 -719837 -463400 908507
-531764 338916 455025 758293
689880 970755 31189 -887657
-142159 961981 -102711 -87250
736647 -148733 465281 -989835
-115181 -70159 -36128 -373422
-208615 44886 509285 543749
312486 354530 -359972 -54165
-789541 -921953 -278210 -749578
-27239 -600314 -119492 461505
-993833 -65585 -579646 292363
81016 -305175 -75595 221924
367208 378221 324395 -732434
-366791 246266 51311 -382084
116028 -768734 -731722 -47485
871124 269709 127824 909365
-695803 856569 116028 -768734
879341 -688979 -972440 381620
-207605 -496463 264086 226886
-746178 -884215 563122 -688665
780709 -502069 -491666 301591
-426697 590907 310261 874361
313387 223503 -789541 -921953
503288 39691 -410616 877927
-479850 -118520 -401192 -783447
353228 76177 404947 287579
95899 -309998 -108950 -688058
855796 729735 27015 -776687
53768 -528492 -428164 698577
606284 556708 381017 -126964
244752 -526239 104930 991210
402716 113781 50304 300184
982926 441229 89348 -166707
-119492 461505 455025 758293
609974 13082 -269 617482
-540421 -430363 789564 -470729
-476538 -34369 817688 102915
810308 320515 222620 -656758
-676687 879162 289765 20988
-383613 458377 606733 908694
527284 523743 -110321 447912
289765 20988 692602 203638
145202 461471 650577 63646
750561 -216466 -978261 546045
370887 771712 982926 441229
636836 -361611 -731282 263510
-565002 450659 208470 -706626
447285 859889 750561 -216466
387602 932576 -864034 -18714
-426697 590907 -640402 251517
122744 -261231 -96885 928753
-652172 -925661 949926 13141
208470 -706626 941174 737770
-115181 -70159 312486 354530
-746178 -884215 275885 60685
297330 382102 -856673 -872027
5385 -531918 770823 -228080
-139682 -150059 -46944 -248297
-682154 -894275 -533248 -52907
881938 -334137 369649 -650833
819620 -818313 548805 374913
-726601 -347119 24926 -929004
313387 223503 -279168 -111018
-652172 -925661 -139950 -738250
-196537 884848 -731722 -47485
22223 -549744 -392216 223686
-172548 -38677 714355 787601
819620 -818313 -248010 -554614
655372 630849 122744 -261231
-536489 952517 81016 -305175
317579 329998 405163 -169009
751419 505867 349545 -489671
-904752 -650514 -831018 27016
314918 -284665 -637095 -197220
210398 -851048 -621062 -964507
817688 102915 -637125 -972760
210125 -355582 -880438 192216
-104098 379575 -686538 210360
-768008 -563501 -401192 -783447
-695803 856569 -782272 -665404
607504 -193039 314767 15524
736647 -148733 -840571 -837495
-731722 -47485 647875 194662
-993350 325446 594270 895777
488609 -579861 871124 269709
941174 737770 95899 -309998
-162387 -864958 736647 -148733
-925799 523705 210125 -355582
-780441 -656005 974547 478277
-304192 834076 653106 943912
-624426 -628178 -406821 -665238
492982 -295983 606284 556708
-269 617482 945992 242895
810892 -121811 894174 937531
665793 330407 817688 102915
-610299 178371 -624189 214846
367208 378221 -826963 5665
-537586 769864 335554 817988
49384 725815 127824 909365
-247657 -154114 184132 771771
-925799 523705 659788 -140859
314767 15524 51311 -382084
766711 997759 403630 -788693
-218097 43926 494749 201848
663413 214379 863114 329151
691926 88367 290114 -555319
-703081 514726 266450 811035
380172 296121 98115 -399877
-840571 -837495 -856673 -872027
-255526 -997321 116028 -768734
362189 551377 275885 60685
949926 13141 -399273 -609985
-444179 181529 126574 457897
-605708 248060 -552360 -137970
-726601 -347119 -993022 -202094
208470 -706626 -637095 -197220
-213005 165122 -211439 71374
420756 679680 21279 153053
-624189 214846 -929860 850810
921375 -176773 -617183 -505618
24926 -929004 -1042 -822402
244752 -526239 104306 596083
-640402 251517 -117227 -531478
-213005 165122 -995759 -223992
-637095 -197220 116028 -768734
-790974 -400890 -530105 -265649
-760533 788909 417418 -470495
985197 629927 -780441 -656005
653106 943912 -218087 -294855
126574 457897 -105540 131069
208470 -706626 -652172 -925661
343529 -872315 -9350 133062
949090 -169668 -626211 -835158
578438 -977857 992488 -851073
732680 629094 -487026 459820
142947 160137 689880 970755
387602 932576 894174 937531
-354002 782640 482493 -815040
-864034 -18714 -392216 223686
539961 960513 -373808 470961
55673 717630 -539135 -751767
655933 -663699 370887 771712
820439 471642 -27590 -588398
-789541 -921953 736647 -148733
104930 991210 -6705 866478
-172548 -38677 -359972 -54165
-637095 -197220 -75595 221924
588365 254360 -624426 -628178
353228 76177 -713879 -692116
985197 629927 930245 -259360
185726 -901970 495571 753421
-373808 470961 -993833 -65585
182152 -85481 872444 101911
-527396 955660 -247657 -154114
-731722 -47485 -932468 549704
380172 296121 420900 -498675
140429 -264037 -499221 -175077
163509 618460 -110321 447912
21279 153053 335554 817988
-248010 -554614 548805 374913
-731722 -47485 312486 354530
-822918 -627913 -161348 316928
-770011 -626280 500539 -689235
55275 -477804 482493 -815040
-640402 251517 954201 490969
900062 754932 -8544 845537
178082 -819372 80276 991476
-119069 -392222 -703081 514726
-610299 178371 417418 -470495
-142159 961981 184132 771771
226339 570609 949926 13141
-26785 606584 -626211 -835158
-279168 -111018 -576803 768342
81016 -305175 -414492 707990
729515 230056 911334 497421
503941 611956 803838 501243
-247657 -154114 -993350 325446
-718757 -802657 640896 478311
264418 337911 653106 943912
507247 -177855 985197 629927
-427661 -171327 -285988 943542
-929860 850810 900062 754932
376197 -351489 -245155 663750
-162387 -864958 231122 -578336
-696152 -163105 650577 63646
-315277 458039 184132 771771
-499221 -175077 -272335 -880900
-378631 527880 -719308 399745
-439348 -291857 387602 932576
-956492 -294786 -27239 -600314
116028 -768734 393328 -78399
-491666 301591 -39518 -678067
-746178 -884215 925842 223678
469340 802956 527284 523743
780709 -502069 289765 20988
-458687 -517421 -179657 -75096
376197 -351489 509285 543749
607504 -193039 610256 -185813
297330 382102 509285 543749
-218068 -83384 -491666 301591
815910 909428 -239184 -294739
322265 -184648 188857 -777972
-993833 -65585 104930 991210
43224 -431583 -531764 338916
-594433 -57248 326966 -617093
-984683 -373878 695503 17081
229205 -622445 171294 -964132
-484029 311167 -46944 -248297
449162 -838530 -109298 -382398
-406821 -665238 212248 645952
872444 101911 -39518 -678067
-414492 707990 -139682 -150059
210398 -851048 -746178 -884215
954201 490969 -239184 -294739
-624189 214846 447285 859889
-272335 -880900 104445 549978
-499221 -175077 606812 544722
-149326 -526813 733072 -318880
-479850 -118520 384732 723978
689880 970755 322265 -184648
5385 -531918 396540 305524
184132 771771 311414 -529848
-484029 311167 314767 15524
-874727 -217153 -239184 -294739
-994432 893158 661201 727430
414446 -538992 751419 505867
-790974 -400890 -418702 545017
-637095 -197220 647875 194662
387602 932576 5385 -531918
714281 -107952 548805 374913
222684 718373 472647 -947863
665793 330407 -158279 32800
369649 -650833 384732 723978
-426697 590907 -547028 358649
311414 -529848 -738578 -726264
272474 -222850 714281 -107952
966246 -323878 104930 991210
314767 15524 -278210 -749578
349545 -489671 -116256 -244887
-339228 839400 -686602 -368783
-768008 -563501 -269 617482
-484029 311167 -36128 -373422
892772 -639001 50304 300184
208470 -706626 303651 -300303
636836 -361611 105803 -626292
733072 -318880 879341 -688979
539961 960513 -527396 955660
439632 -763731 751419 505867
-1042 -822402 943095 -324312
-731722 -47485 404947 287579
-844431 279769 325383 -205007
-755091 -958737 -444179 181529
614585 82017 549010 -733757
-709613 -162823 449162 -838530
104306 596083 954201 490969
249599 583209 -624189 214846
-75595 221924 708498 784674
-993022 -202094 -252555 794191
231122 -578336 -626211 -835158
-551883 181125 95899 -309998
314767 15524 503288 39691
766423 803120 -462675 -820103
-709613 -162823 -162387 -864958
810308 320515 949926 13141
-853710 307210 695503 17081
472647 -947863 -371148 -981838
606812 544722 663413 214379
-932468 549704 -439348 -291857
-1042 -822402 803838 501243
-207605 -496463 -703081 514726
210398 -851048 910633 51676
-439348 -291857 106628 -527472
-43326 584100 -617888 -890663
-383613 458377 -218087 -294855
396540 305524 386369 926442
527284 523743 -844431 279769
275885 60685 -218097 43926
-116256 -244887 439632 -763731
606733 908694 178082 -819372
393328 -78399 314918 -284665
-579646 292363 565463 96600
381017 -126964 404947 287579
-371148 -981838 122744 -261231
-96885 928753 -617183 -505618
668716 -896283 -778395 526480
-142159 961981 -371148 -981838
-286068 621710 455025 758293
-27590 -588398 -696245 101346
226339 570609 -556702 572191
396018 -274501 -352627 -943773
-770011 -626280 472363 -317178
606066 -836156 -75595 221924
-428164 698577 509285 543749
-556702 572191 465281 -989835
729515 230056 116028 -768734
8943 -378932 488609 -579861
-9350 133062 568413 -603966
606284 556708 943095 -324312
866585 -857251 515408 493336
-552360 -137970 -759693 375237
578074 956028 -679642 297733
-713879 -692116 -269 617482
55673 717630 -537586 769864
-366791 246266 -315277 458039
120818 218488 494749 201848
766801 670338 174812 -149414
310261 874361 -33410 -687667
264086 226886 781918 890386
-405308 810557 -227966 -468868
-371929 -645364 925529 -758856
-509373 -49622 957170 953132
212105 -878390 -703081 514726
-149706 677815 441943 -394612
-943653 -43879 -768008 -563501
-519491 -912211 381017 -126964
-286068 621710 710984 254579
-104256 -647525 507247 -177855
264086 226886 509285 543749
714355 787601 212105 -878390
326966 -617093 -708872 -232586
773879 -429982 609534 -68696
650577 63646 289765 20988
606284 556708 -703081 514726
650577 63646 -139682 -150059
-993022 -202094 222684 718373
420756 679680 606733 908694
580808 -581581 -695803 856569
-108950 -688058 105803 -626292
941174 737770 892772 -639001
-929860 850810 -104098 379575
509015 53798 781918 890386
-845597 -745341 106628 -527472
-624160 -791394 -139682 -150059
-439348 -291857 509015 53798
376586 6329 152146 -96097
53491 -679741 140429 -264037
362189 551377 820439 471642
-637095 -197220 503288 39691
381017 -126964 -248010 -554614
273446 -496824 958354 -732580
182152 -85481 -379176 830160
-8544 845537 607504 -193039
-458687 -517421 -782272 -665404
465281 -989835 568484 307000
229205 -622445 472647 -947863
-676687 879162 766711 997759
386369 926442 420756 679680
-543481 802115 691926 88367
-530105 -265649 -225234 -727458
495571 753421 863114 329151
-719308 399745 81016 -305175
496023 -823361 -211439 71374
465281 -989835 -864034 -18714
441943 -394612 558458 -364162
659788 -140859 222684 718373
-392216 223686 188857 -777972
-972440 381620 405163 -169009
609534 -68696 503288 39691
222620 -656758 614585 82017
385571 398536 144605 -721841
143072 940100 191439 561053
380172 296121 -46944 -248297
773879 -429982 -557808 -616316
958354 -732580 -161348 316928
-108950 -688058 -213005 165122
-844431 279769 -401192 -783447
-778395 526480 370887 771712
-252555 794191 -760533 788909
472363 -317178 -840571 -837495
-978261 546045 -255526 -997321
911334 497421 -304192 834076
-682154 -894275 925689 917796
178082 -819372 578438 -977857
-686602 -368783 -119492 461505
733072 -318880 385571 398536
31560 252099 24926 -929004
-696152 -163105 578074 956028
-414492 707990 -499221 -175077
-637125 -972760 982926 441229
492982 -295983 -162387 -864958
-944617 -920358 614433 538820
607504 -193039 -426697 590907
403630 -788693 949926 13141
-972440 381620 954201 490969
-61675 378790 -783008 -717558
297330 382102 396540 305524
-637125 -972760 98115 -399877
-294337 146151 -782272 -665404
405163 -169009 53768 -528492
212248 645952 -414492 707990
210125 -355582 402716 113781
-51296 -261080 367208 378221
-263279 -215909 496023 -823361
112734 -701386 -256580 733575
496023 -823361 21279 153053
-789541 -921953 -536489 952517
127824 909365 549010 -733757
-571595 -833692 229205 -622445
-109298 -382398 586387 -300087
-9350 133062 114782 203745
-366811 842229 766423 803120
488913 -683581 314918 -284665
212248 645952 -286068 621710
273446 -496824 5385 -531918
-993833 -65585 491797 673669
314767 15524 -179657 -75096
417418 -470495 -30649 939131
766711 997759 297330 382102
326966 -617093 478514 212518
-695803 856569 -278210 -749578
-255526 -997321 472363 -317178
-247582 -567250 -146791 690539
606066 -836156 -476538 -34369
636836 -361611 -315277 458039
-252555 794191 -539135 -751767
370887 771712 689930 -372061
381017 -126964 860531 853505
640896 478311 655933 -663699
-366811 842229 104445 549978
580808 -581581 736647 -148733
-489083 737008 286233 900002
565463 96600 295306 -531019
393328 -78399 -744727 993997
98115 -399877 49384 725815
243017 -60226 -664000 404327
663413 214379 250193 -228824
-503072 544881 -410616 877927
-414492 707990 795250 -652222
663413 214379 -536489 952517
659788 -140859 663413 214379
447285 859889 607504 -193039
-563272 -719837 208470 -706626
472647 -947863 491797 673669
472647 -947863 -458687 -517421
16092 -669039 -679642 297733
-533248 -52907 879341 -688979
22471 -777332 455025 758293
-770011 -626280 789564 -470729
-474402 289032 231122 -578336
-139682 -150059 249599 583209
620427 -366002 580808 -581581
636836 -361611 -218097 43926
803838 501243 112849 340448
-30649 939131 -227675 550630
-571595 -833692 773879 -429982
-1042 -822402 -304192 834076
-617888 -890663 482493 -815040
-822918 -627913 -547989 -813260
-366811 842229 -458687 -517421
244020 539045 -552360 -137970
-162387 -864958 810308 320515
272474 -222850 586387 -300087
16092 -669039 -218068 -83384
-640402 251517 580808 -581581
548805 374913 295306 -531019
122744 -261231 -317157 524895
290114 -555319 -285988 943542
780709 -502069 495571 753421
803838 501243 191439 561053
-149326 -526813 -401192 -783447
-491666 301591 -686538 210360
-27239 -600314 370887 771712
780709 -502069 -352627 -943773
-783008 -717558 -995759 -223992
297330 382102 -39518 -678067
736647 -148733 335554 817988
-624189 214846 -768008 -563501
-519345 -800312 -904752 -650514
-315277 458039 568484 307000
-9350 133062 732680 629094
439632 -763731 343529 -872315
-162387 -864958 563122 -688665
-664000 404327 310537 -535305
789564 -470729 90430 -382366
868786 -540510 -487026 459820
-256580 733575 -119069 -392222
480105 -565507 -840571 -837495
53768 -528492 -713879 -692116
-248010 -554614 314918 -284665
163509 618460 -444179 181529
661201 727430 766711 997759
-547655 -907742 558458 -364162
185726 -901970 -414492 707990
290114 -555319 286233 900002
486573 289033 -373794 -526242
420756 679680 106628 -527472
266450 811035 212248 645952
104930 991210 -489083 737008
879341 -688979 302802 690846
478514 212518 -104256 -647525
122744 -261231 89348 -166707
-664000 404327 511756 -631488
-247657 -154114 515408 493336
144605 -721841 -844431 279769
-840571 -837495 -703514 612465
174812 -149414 -617183 -505618
-840571 -837495 -401192 -783447
607504 -193039 736647 -148733
-709613 -162823 -556702 572191
855796 729735 311414 -529848
-6705 866478 789564 -470729
-383613 458377 817688 102915
369649 -650833 -373808 470961
-379176 830160 264086 226886
-993022 -202094 310537 -535305
-731282 263510 661201 727430
335554 817988 -373794 -526242
310537 -535305 -294337 146151
-119492 461505 588365 254360
-355332 498775 689880 970755
303651 -300303 534120 -805154
351212 -602958 -232059 472306
386369 926442 90430 -382366
-23841 269177 16092 -669039
881938 -334137 53491 -679741
663413 214379 -401192 -783447
527284 523743 -163416 -191444
-278210 -749578 310537 -535305
-932468 549704 212248 645952
-105540 131069 -304192 834076
773879 -429982 -682224 974968
-770011 -626280 606284 556708
378568 899883 439632 -763731
578438 -977857 396540 305524
182152 -85481 820439 471642
596715 778119 -527396 955660
-146791 690539 -26785 606584
-378631 527880 549010 -733757
-783008 -717558 -317157 524895
49384 725815 -718757 -802657
420756 679680 370887 771712
312486 354530 -946100 -147769
-793816 -165882 707064 -117641
104306 596083 -252555 794191
-255526 -997321 -789541 -921953
-496822 -238954 -61675 378790
-732253 54634 -110321 447912
59151 -293394 -576803 768342
93650 -202932 509285 543749
-227675 550630 -108950 -688058
302802 690846 557169 -47378
268431 -865343 770823 -228080
-294337 146151 789564 -470729
-793816 -165882 815910 909428
322265 -184648 152146 -96097
925529 -758856 -399273 -609985
-96885 928753 -682224 974968
982926 441229 31560 252099
868786 -540510 -208615 44886
568484 307000 563122 -688665
-621062 -964507 565463 96600
-247582 -567250 314918 -284665
-149326 -526813 -173406 964108
387602 932576 60889 920398
910633 51676 -109298 -382398
59151 -293394 -410616 877927
-163416 -191444 892772 -639001
302802 690846 -768008 -563501
-778395 526480 78516 -552160
324395 -732434 -285988 943542
-579646 292363 881938 -334137
191439 561053 810308 320515
-218097 43926 -213005 165122
548805 374913 472647 -947863
-491666 301591 326966 -617093
317579 329998 -122553 203742
-713879 -692116 -571595 -833692
-732253 54634 -793816 -165882
-831018 27016 -491666 301591
921375 -176773 -669412 712767
-610299 178371 -626211 -835158
-780441 -656005 295306 -531019
-227966 -468868 911334 497421
482493 -815040 22223 -549744
286233 900002 974547 478277
-178855 -943380 53768 -528492
488598 45832 266450 811035
-283715 432752 420900 -498675
-618237 -351319 210125 -355582
56580 -881379 -856673 -872027
-179657 -75096 322265 -184648
56580 -881379 -552360 -137970
8943 -378932 -187768 -204254
-703514 612465 762462 850279
93650 -202932 -373794 -526242
-640402 251517 -840571 -837495
-552360 -137970 387602 932576
21279 153053 222684 718373
750561 -216466 -354002 782640
-172548 -38677 606812 544722
-26785 606584 -770011 -626280
116028 -768734 347170 117677
943095 -324312 303651 -300303
405163 -169009 -943653 -43879
-227675 550630 51311 -382084
-96885 928753 353228 76177
736647 -148733 -679922 -666364
268431 -865343 313387 223503
795250 -652222 89348 -166707
954201 490969 -51296 -261080
482493 -815040 548805 374913
-218097 43926 -565002 450659
-338265 -43116 503941 611956
-726601 -347119 93650 -202932
-279168 -111018 -315277 458039
268431 -865343 -925799 523705
98115 -399877 -536489 952517
860531 853505 -51296 -261080
-8544 845537 -817254 -477480
-856673 -872027 -61675 378790
313387 223503 -178855 -943380
665793 330407 708498 784674
509015 53798 -418702 545017
862184 -643439 790536 -89744
712563 -721426 -285988 943542
-75595 221924 380172 296121
126574 457897 397936 -739280
122744 -261231 -104256 -647525
503941 611956 -139682 -150059
840743 -607479 222620 -656758
-385479 -518563 -943653 -43879
59151 -293394 -932468 549704
707064 -117641 943095 -324312
494749 201848 -115181 -70159
-33410 -687667 393328 -78399
-565002 450659 -46944 -248297
689930 -372061 212105 -878390
-278210 -749578 -682154 -894275
-218068 -83384 -840571 -837495
609974 13082 620427 -366002
-782272 -665404 -571595 -833692
145202 461471 -718757 -802657
397936 -739280 -826963 5665
