1
2000
507466 569606 -84098 434652
-84098 434652 -632171 767623
-84098 434652 714879 330480
-84098 434652 -918936 -885904
714879 330480 -187682 -851090
714879 330480 175563 -751755
175563 -751755 159415 -684685
175563 -751755 -896718 665619
-187682 -851090 -512638 -957230
-84098 434652 -942262 -744163
714879 330480 590625 -400827
-632171 767623 175249 377844
-512638 -957230 -471961 532025
-187682 -851090 690181 980847
-471961 532025 749603 533654
-187682 -851090 888251 201260
-84098 434652 175563 -751755
-632171 767623 -404934 -983062
888251 201260 -862876 924711
-896718 665619 835702 237344
-942262 -744163 943137 -375793
714879 330480 904787 126126
904787 126126 -686554 96882
-862876 924711 820261 -298475
690181 980847 -973565 -495139
904787 126126 167137 -770773
175249 377844 -684164 -193814
175249 377844 -438458 710002
-471961 532025 657373 -693620
-471961 532025 794393 -772243
-686554 96882 399857 743551
-84098 434652 -72474 -988638
-471961 532025 -341599 -452989
-632171 767623 888251 201260
-341599 -452989 391807 -664825
904787 126126 127200 432770
-686554 96882 -908288 467138
127200 432770 88838 653086
-72474 -988638 579002 156477
-404934 -983062 -664330 455828
507466 569606 -89706 -69676
794393 -772243 893531 -625865
-862876 924711 -51197 527084
888251 201260 -684164 -193814
-632171 767623 -958980 -218147
-341599 -452989 -359105 -222514
714879 330480 669533 219483
391807 -664825 610162 -778057
-632171 767623 322066 -127852
-684164 -193814 391807 -664825
88838 653086 -710059 875101
88838 653086 -241691 -560061
88838 653086 39347 -930521
590625 -400827 -247344 -687188
-187682 -851090 -477054 132306
-632171 767623 315532 -16981
-89706 -69676 167137 -770773
893531 -625865 -204021 -432716
610162 -778057 765532 547016
-896718 665619 943137 -375793
794393 -772243 -602642 381741
-664330 455828 933206 -96147
-664330 455828 567542 205159
943137 -375793 -681971 261269
610162 -778057 -341599 -452989
-602642 381741 887194 -658856
167137 -770773 682083 -711003
507466 569606 -703528 911585
682083 -711003 -177586 -912988
-177586 -912988 765532 547016
-703528 911585 176349 -39173
-896718 665619 -974296 -102717
391807 -664825 -190210 -533447
-404934 -983062 479434 40770
-341599 -452989 -823855 712932
-958980 -218147 945192 -718704
682083 -711003 -268336 -621323
945192 -718704 605476 438134
-204021 -432716 610162 -778057
-512638 -957230 -750407 587415
315532 -16981 439323 651665
-684164 -193814 403206 -732743
669533 219483 -344263 -887741
714879 330480 553030 -668452
-477054 132306 487956 856852
88838 653086 -203303 39715
657373 -693620 605476 438134
-203303 39715 -632739 -129981
-684164 -193814 -766063 -845941
-359105 -222514 -977850 -838700
-84098 434652 -878003 -816419
167137 -770773 457083 956365
-896718 665619 -63647 907207
657373 -693620 -815337 -733033
-341599 -452989 -631675 785575
669533 219483 -517332 -535030
888251 201260 484290 -443398
893531 -625865 145408 -984262
-664330 455828 -396875 805567
-918936 -885904 316142 222039
-471961 532025 -664330 455828
657373 -693620 -204021 -432716
-204021 -432716 -777722 -719867
-918936 -885904 887028 75144
-344263 -887741 579002 156477
820261 -298475 439323 651665
88838 653086 -766063 -845941
-815337 -733033 887028 75144
-686554 96882 298402 -76232
-664330 455828 -981737 -616810
-684164 -193814 -171486 -704945
399857 743551 -843183 179595
553030 -668452 391807 -664825
-517332 -535030 449981 -532745
835702 237344 -203303 39715
-908288 467138 30638 678917
610162 -778057 363428 169428
-843183 179595 -773898 -229107
-187682 -851090 -963711 797335
30638 678917 465944 -674775
657373 -693620 749603 533654
159415 -684685 -14620 693682
176349 -39173 548074 300026
-512638 -957230 -404934 -983062
-878003 -816419 88838 653086
-918936 -885904 496942 839525
-14620 693682 -471961 532025
363428 169428 989835 611865
765532 547016 -294176 770652
943137 -375793 -819617 -952771
-686554 96882 379511 207107
507466 569606 -383178 167377
-710059 875101 -766982 519586
553030 -668452 -624461 -689718
605476 438134 -796529 654543
682083 -711003 -853280 279543
-341599 -452989 -560337 -373278
-973565 -495139 -697691 -483338
567542 205159 283274 -904914
316142 222039 -39524 154086
553030 -668452 167137 -770773
-684164 -193814 82887 868040
322066 -127852 588644 -735793
-664330 455828 122928 -137284
904787 126126 -398816 -695529
945192 -718704 -445019 -90105
-896718 665619 -773652 420356
39347 -930521 851116 871820
-958980 -218147 -917595 -324195
-977850 -838700 256984 -362869
-268336 -621323 523062 -682673
-697691 -483338 690181 980847
-686554 96882 488172 -276166
391807 -664825 -64245 687600
484290 -443398 272242 -215988
-51197 527084 169627 -194875
-72474 -988638 266599 -677957
-796529 654543 -968637 314830
-64245 687600 282378 -788274
-777722 -719867 -221713 268828
487956 856852 -265985 -942155
-862876 924711 -777722 -719867
945192 -718704 -171486 -704945
523062 -682673 205979 595017
391807 -664825 -187682 -851090
933206 -96147 -703528 911585
-773898 -229107 -517332 -535030
-896718 665619 -414111 -690247
579002 156477 -924058 292394
657373 -693620 179294 -498937
-918936 -885904 654003 116147
379511 207107 864502 996559
-471961 532025 302301 -97284
-39524 154086 371062 -628734
-977850 -838700 -113129 -240548
765532 547016 771483 254725
-445019 -90105 548302 984048
567542 205159 400281 -897788
605476 438134 440532 967281
-14620 693682 488172 -276166
391807 -664825 -237092 563195
-113129 -240548 298402 -76232
-341599 -452989 399314 231555
-896718 665619 487956 856852
-404934 -983062 660010 -283088
-51197 527084 -896718 665619
400281 -897788 654003 116147
-710059 875101 -168806 49816
660010 -283088 -94122 -97896
590625 -400827 280055 622962
579002 156477 196190 142728
904787 126126 771483 254725
-84098 434652 805152 489262
-681971 261269 -478824 -963882
-383178 167377 -291428 -34369
682083 -711003 -789471 922284
283274 -904914 -168239 -328277
-632171 767623 -204021 -432716
904787 126126 -761122 -980970
145408 -984262 148608 905267
-664330 455828 363428 169428
82887 868040 966100 678992
-853280 279543 192071 625010
484290 -443398 788011 -925117
122928 -137284 -63647 907207
-398816 -695529 -64245 687600
-168806 49816 -843183 179595
548074 300026 -936418 729802
-63647 907207 551847 746759
167137 -770773 412820 -808560
-203303 39715 -980132 -720911
553030 -668452 -742711 -281927
-89706 -69676 -686554 96882
567542 205159 81005 532682
904787 126126 -383178 167377
989835 611865 993464 28638
379511 207107 -863695 -937719
551847 746759 731375 671005
553030 -668452 498050 396170
498050 396170 -324205 -509237
169627 -194875 -970353 -643248
399857 743551 557150 -435111
-602642 381741 -481277 -464374
-438458 710002 302301 -97284
-72474 -988638 541486 -405619
-113129 -240548 643824 -137215
391807 -664825 463764 921210
82887 868040 245348 -167472
399314 231555 602285 275352
196190 142728 -415019 855037
-853280 279543 -184809 -383800
643824 -137215 -980516 -328451
479434 40770 403206 -732743
-980516 -328451 -710059 875101
-918936 -885904 -951673 -832603
-177586 -912988 -942652 -993799
175563 -751755 449981 -532745
-766063 -845941 961885 -403127
192071 625010 440532 967281
660010 -283088 263070 -212772
439323 651665 266599 -677957
610162 -778057 301134 -619958
-438458 710002 827938 558022
-777722 -719867 -383178 167377
315532 -16981 605476 438134
-624461 -689718 937213 -64506
399857 743551 -773898 -229107
749603 533654 -951988 -979582
263070 -212772 -329743 34420
391807 -664825 744374 -834196
887194 -658856 102639 -274267
399314 231555 -152702 157281
-398816 -695529 -997390 -826008
714879 330480 -152702 157281
714879 330480 888251 201260
835702 237344 -524073 -828666
887028 75144 132432 438108
122928 -137284 -895226 941555
887028 75144 804894 261151
-478824 -963882 744374 -834196
-237092 563195 319399 656871
-997390 -826008 -736415 39193
794393 -772243 868162 657872
283274 -904914 799262 935197
-168239 -328277 -517332 -535030
731375 671005 -707615 723154
102639 -274267 175563 -751755
-664330 455828 698960 983309
-895226 941555 105690 -131353
-815337 -733033 234358 -647484
-481277 -464374 -812977 -341056
-241691 -560061 -86096 55681
-773898 -229107 794393 -772243
159415 -684685 809187 962407
391807 -664825 122928 -137284
864502 996559 -168806 49816
282378 -788274 169627 -194875
-602642 381741 -808321 632782
-478824 -963882 439323 651665
579002 156477 496942 839525
-773898 -229107 -823855 712932
-291428 -34369 -787812 -708571
-168239 -328277 864502 996559
-686554 96882 543800 -651
498050 396170 -461745 579196
-415019 855037 624045 -654553
-968637 314830 363427 -235743
322066 -127852 263070 -212772
400281 -897788 59075 142322
439323 651665 -347470 51274
731375 671005 698960 983309
610162 -778057 -325379 -742392
610162 -778057 -974296 -102717
794393 -772243 440532 967281
-344263 -887741 -467447 -258853
196190 142728 -595801 529059
-942652 -993799 -45982 -284354
-265985 -942155 628657 -957246
196190 142728 -468673 253437
-631675 785575 -750407 587415
-404934 -983062 -179121 828139
799262 935197 -404934 -983062
-980132 -720911 -187682 -851090
714879 330480 496942 839525
610162 -778057 -210327 -903319
-896718 665619 -246107 -999597
788011 -925117 116695 -262403
804894 261151 -196817 717362
-789471 922284 127200 432770
-265985 -942155 -797999 -675871
-294176 770652 95071 607500
-595801 529059 866914 249112
272242 -215988 -951673 -832603
-936418 729802 -602642 381741
943137 -375793 -573642 402794
-789471 922284 -329743 34420
39347 -930521 -775337 -408068
-823855 712932 -980132 -720911
-64245 687600 -246107 -999597
-64245 687600 -341599 -452989
-896718 665619 261358 -350194
943137 -375793 -179121 828139
643824 -137215 -968095 778971
731375 671005 553030 -668452
-573642 402794 -305493 880814
192071 625010 -372508 -774002
-908288 467138 234358 -647484
-113129 -240548 -627956 -691815
-113129 -240548 509701 -981024
-512638 -957230 159415 -684685
-632739 -129981 -636993 -601777
102639 -274267 34772 578449
-177586 -912988 -294176 770652
567542 205159 772891 -354967
261358 -350194 77488 980222
-977850 -838700 -347470 51274
-204021 -432716 -616891 827179
771483 254725 545045 8573
799262 935197 914036 876937
159415 -684685 945192 -718704
966100 678992 868162 657872
904787 126126 -944701 -660386
487956 856852 286708 -990584
-324205 -509237 474283 614117
-823855 712932 256984 -362869
-573642 402794 -99766 163157
-265985 -942155 -761122 -980970
-184809 -383800 -863695 -937719
95071 607500 -981737 -616810
167137 -770773 864331 402583
-766982 519586 -735008 675641
-99766 163157 -990074 -947151
605476 438134 842159 -704219
-736415 39193 275768 320483
771483 254725 -113129 -240548
-808321 632782 770265 993800
122928 -137284 205979 595017
-777722 -719867 463265 -822592
-710059 875101 -307277 -471342
-761122 -980970 914429 379524
457083 956365 -177573 -364627
261358 -350194 -862876 924711
319399 656871 -260058 -243437
282378 -788274 -155078 -209224
-697691 -483338 961885 -403127
-512638 -957230 553357 32246
-808321 632782 660010 -283088
749603 533654 -665091 39439
363427 -235743 371062 -628734
-14620 693682 -42061 454518
379511 207107 477017 -355574
714879 330480 -341599 -452989
-383178 167377 -952191 747634
298402 -76232 -573642 402794
-823855 712932 887194 -658856
-203303 39715 487956 856852
391807 -664825 479434 40770
-823855 712932 308666 118160
553030 -668452 -753795 355401
81005 532682 866407 367415
-970353 -643248 866914 249112
-736415 39193 -702820 375119
371062 -628734 -942652 -993799
866914 249112 -477054 132306
-968095 778971 -99766 163157
-664330 455828 -52518 -558251
169627 -194875 -899305 524569
-179121 828139 -226666 -136529
102639 -274267 516362 322517
403206 -732743 -258271 485233
-899305 524569 379511 207107
-237092 563195 -94122 -97896
261358 -350194 -192812 226371
-616891 827179 827938 558022
-952191 747634 379511 207107
-963711 797335 -707615 723154
961885 -403127 -86096 55681
820261 -298475 898716 877678
624045 -654553 -190210 -533447
400281 -897788 545045 8573
714879 330480 463265 -822592
88838 653086 803748 -920795
-980132 -720911 56536 -492432
654003 116147 -980516 -328451
602285 275352 159415 -684685
-686554 96882 -155078 -209224
770265 993800 283274 -904914
-968095 778971 -707952 -174614
851116 871820 868162 657872
-787812 -708571 660010 -283088
643824 -137215 -602642 381741
234358 -647484 -963711 797335
914036 876937 548074 300026
809187 962407 59075 142322
-963711 797335 588792 -137981
298402 -76232 -652273 -160536
888251 201260 -468514 -930012
749603 533654 864502 996559
-970353 -643248 -945708 663847
175249 377844 -307277 -471342
-945708 663847 967277 -954843
804894 261151 697176 674416
588644 -735793 -109301 -500334
-241691 -560061 553030 -668452
-305493 880814 -51197 527084
449981 -532745 302301 -97284
-517332 -535030 600691 -917642
-192812 226371 446848 671884
-896718 665619 -7622 541657
-260058 -243437 543800 -651
-52518 -558251 431122 -342826
-260058 -243437 350101 -538399
-595801 529059 -190210 -533447
771483 254725 -899305 524569
484290 -443398 881911 -790008
-952191 747634 835702 237344
864502 996559 59075 142322
39347 -930521 -977850 -838700
866914 249112 -974296 -102717
-372508 -774002 102639 -274267
809187 962407 -180643 -900266
-775337 -408068 300485 997087
-329743 34420 -524073 -828666
-45982 -284354 301134 -619958
-951673 -832603 -291428 -34369
509701 -981024 68217 -829199
148608 905267 927765 841033
-383178 167377 -478824 -963882
868162 657872 -797999 -675871
-773898 -229107 -878003 -816419
557150 -435111 484082 945288
-372508 -774002 -761122 -980970
-196817 717362 -885203 -395112
-697691 -483338 -981737 -616810
-789471 922284 774103 105050
-467447 -258853 313225 916982
827938 558022 944483 370350
887028 75144 682083 -711003
-45982 -284354 -113129 -240548
-94122 -97896 501030 101225
167137 -770773 -742711 -281927
-99766 163157 -736415 39193
588644 -735793 -168239 -328277
654003 116147 -328452 521199
-616891 827179 313225 916982
523062 -682673 714750 844704
864331 402583 402573 918592
-636993 -601777 -291428 -34369
-84098 434652 313583 861081
-980132 -720911 -63647 907207
59075 142322 -404934 -983062
316142 222039 607814 -890670
477017 -355574 -981737 -616810
820261 -298475 -952191 747634
132432 438108 970660 -158457
-246107 -999597 864502 996559
881911 -790008 159415 -684685
-797999 -675871 484610 -123504
-624461 -689718 82887 868040
484610 -123504 -624461 -689718
192071 625010 -120739 370912
-52518 -558251 574279 742376
-152702 157281 -881013 457159
868162 657872 462025 398232
-895226 941555 -341599 -452989
-203303 39715 945192 -718704
864502 996559 -225760 -356120
175249 377844 937213 -64506
-684164 -193814 54191 -843063
772891 -354967 -780018 -225717
-168239 -328277 -470049 240373
-45982 -284354 624045 -654553
-461745 579196 -492329 -380047
315532 -16981 -478824 -963882
488172 -276166 605476 438134
-958980 -218147 820261 -298475
893531 -625865 266599 -677957
148608 905267 179294 -498937
56536 -492432 127200 432770
-977850 -838700 -269724 -115199
-492329 -380047 516362 322517
-942652 -993799 -125040 -705668
474283 614117 233119 -408563
501030 101225 521837 -261805
-294176 770652 -981737 -616810
-468514 -930012 -792857 -633088
523062 -682673 -908288 467138
-792857 -633088 -304099 -991314
-595801 529059 253677 -639391
-64245 687600 887194 -658856
697176 674416 -928819 -123291
970660 -158457 -958980 -218147
714750 844704 816701 102507
-631675 785575 571717 -232205
-237092 563195 -789258 -830105
-398816 -695529 403206 -732743
256984 -362869 -524073 -828666
-471961 532025 383576 1590
-512638 -957230 649565 -824624
-72474 -988638 945192 -718704
-789258 -830105 316142 222039
966100 678992 655476 249533
-86096 55681 929923 390473
-951988 -979582 463764 921210
316142 222039 41162 607357
-797999 -675871 -517332 -535030
-344263 -887741 -7622 541657
516362 322517 -182627 397180
488172 -276166 -8323 -991456
731375 671005 809187 962407
-981737 -616810 -866868 805435
-204021 -432716 388787 802948
488172 -276166 29821 542166
682083 -711003 300485 997087
553030 -668452 610162 -778057
888251 201260 402408 -67922
-14620 693682 371062 -628734
463265 -822592 654003 116147
280055 622962 275768 320483
-862876 924711 41162 607357
-225760 -356120 557150 -435111
-221713 268828 -912008 -896396
571717 -232205 -359105 -222514
660010 -283088 -398816 -695529
-481277 -464374 41162 607357
643824 -137215 -823855 712932
799262 935197 643824 -137215
543800 -651 714879 330480
809187 962407 -742032 436519
-980516 -328451 -467447 -258853
-963711 797335 81005 532682
804894 261151 -52518 -558251
-632739 -129981 -750407 587415
-990074 -947151 870707 586160
914036 876937 -595801 529059
-862876 924711 171406 -841173
412820 -808560 -470049 240373
-204021 -432716 205979 595017
588644 -735793 462025 398232
-467447 -258853 263070 -212772
-707952 -174614 -329743 34420
-125040 -705668 128743 -464107
449981 -532745 -549590 -886470
56536 -492432 948053 765254
-990074 -947151 -381769 324272
-325379 -742392 -968637 314830
-686554 96882 498050 396170
-968095 778971 -7622 541657
-560337 -373278 760343 -982890
-470049 240373 280055 622962
-684164 -193814 187423 -372008
948053 765254 -699484 -662265
-627956 -691815 393875 199498
898716 877678 -974296 -102717
256984 -362869 484082 945288
-908288 467138 -7231 121708
-471961 532025 -529150 -459033
-895226 941555 -659930 683012
-171486 -704945 402573 918592
105690 -131353 234358 -647484
169627 -194875 308666 118160
431122 -342826 -329743 34420
-951673 -832603 -430675 -730218
102639 -274267 816701 102507
95071 607500 -944701 -660386
567542 205159 611056 -557180
-951988 -979582 488172 -276166
655476 249533 -85242 284178
-396875 805567 774103 105050
132432 438108 523062 -682673
-7622 541657 175563 -751755
-226666 -136529 -470049 240373
714750 844704 -692692 -963935
-204021 -432716 -855482 370796
-478824 -963882 243230 -689246
-686554 96882 -143752 617621
660010 -283088 54191 -843063
-924058 292394 -187682 -851090
-958980 -218147 794393 -772243
-221713 268828 59075 142322
893531 -625865 -179121 828139
440532 967281 -382348 -685703
771483 254725 -304099 -991314
-478824 -963882 -328452 521199
171406 -841173 -481019 517898
-237092 563195 943137 -375793
301134 -619958 -143752 617621
-787812 -708571 -866868 805435
477017 -355574 -325379 -742392
-237092 563195 -15028 -632316
463265 -822592 -120739 370912
-936418 729802 -3657 585358
-180643 -900266 437534 -68840
571717 -232205 -203787 -176328
-973565 -495139 920278 -563100
283274 -904914 -681971 261269
-573642 402794 -143752 617621
30638 678917 495724 563904
-862876 924711 800412 400741
624045 -654553 820261 -298475
804894 261151 159415 -684685
399314 231555 -241691 -560061
-86096 55681 770265 993800
579002 156477 762874 -530368
-168806 49816 321471 -381862
816701 102507 371062 -628734
887194 -658856 946661 591277
-237092 563195 -177573 -364627
39347 -930521 -520527 -989172
579002 156477 -203787 -176328
102639 -274267 440532 967281
816701 102507 -180643 -900266
866407 367415 -113045 722779
-627956 -691815 914036 876937
-942652 -993799 744374 -834196
944483 370350 -990074 -947151
611056 -557180 322066 -127852
350101 -538399 -602642 381741
-89706 -69676 -461745 579196
548074 300026 184911 310431
400281 -897788 -901800 -648703
243230 -689246 -175450 616456
-492329 -380047 -241691 -560061
-789471 922284 914036 876937
-182627 397180 -471961 532025
-952191 747634 551847 746759
-180643 -900266 465944 -674775
809187 962407 319399 656871
-414111 -690247 678056 -997130
-382348 -685703 -225760 -356120
548074 300026 -492329 -380047
-190210 -533447 -901800 -648703
-736415 39193 -979857 -565277
-477054 132306 350101 -538399
477017 -355574 -51197 527084
501030 101225 866407 367415
-789471 922284 -590258 -828037
-942652 -993799 248369 -17040
-812977 -341056 734959 -265316
-51197 527084 -885203 -395112
-945708 663847 553030 -668452
-699484 -662265 -94122 -97896
507466 569606 989835 611865
308666 118160 -632171 767623
-595801 529059 602285 275352
-477054 132306 -797999 -675871
643824 -137215 -925261 -45292
809187 962407 283274 -904914
-928819 -123291 914429 379524
127200 432770 -800064 624171
-94122 -97896 363428 169428
-951988 -979582 275768 320483
-917595 -324195 409944 -654101
-977850 -838700 -855482 370796
-974296 -102717 -433702 -873021
-204021 -432716 -423506 -807520
602285 275352 -854090 977411
-979857 -565277 731375 671005
744374 -834196 -866868 805435
-190210 -533447 -885203 -395112
-686554 96882 495724 563904
59075 142322 488172 -276166
-659930 683012 205979 595017
-862876 924711 -423506 -807520
904787 126126 553030 -668452
-823855 712932 234358 -647484
283274 -904914 233119 -408563
-305493 880814 579002 156477
-573642 402794 59120 84732
463265 -822592 30638 678917
-787812 -708571 253677 -639391
927765 841033 681884 746723
-187682 -851090 248955 -364541
-529150 -459033 248369 -17040
-773652 420356 -72474 -988638
282378 -788274 -375270 -488336
-8323 -991456 -736415 39193
440532 967281 -14620 693682
605476 438134 412820 -808560
-792857 -633088 474283 614117
835702 237344 56536 -492432
-372508 -774002 402095 151256
479434 40770 266599 -677957
205979 595017 -815337 -733033
315532 -16981 -703163 -648603
-246107 -999597 749071 452256
678056 -997130 762874 -530368
-468514 -930012 548074 300026
243230 -689246 321471 -381862
437534 -68840 681884 746723
-307277 -471342 -974296 -102717
-968095 778971 521837 -261805
842159 -704219 82887 868040
788011 -925117 948053 765254
-918936 -885904 516362 322517
-51197 527084 654772 570871
-901800 -648703 893531 -625865
-203303 39715 765532 547016
34772 578449 -260058 -243437
-15028 -632316 56536 -492432
523062 -682673 -517332 -535030
827938 558022 400281 -897788
-184809 -383800 -86096 55681
176349 -39173 -131401 292725
588792 -137981 474283 614117
-699484 -662265 -433702 -873021
610162 -778057 122928 -137284
-196817 717362 794393 -772243
308666 118160 59120 84732
590625 -400827 660010 -283088
-797999 -675871 999865 -852172
548302 984048 -797999 -675871
989835 611865 835702 237344
-305493 880814 116695 -262403
171406 -841173 184349 405935
-742711 -281927 -492329 -380047
-912008 -896396 233119 -408563
920278 -563100 -367117 376354
30638 678917 799262 935197
-329743 34420 -914709 -77383
383576 1590 446848 671884
-866868 805435 -114725 886764
-203303 39715 993464 28638
282378 -788274 870707 586160
175563 -751755 148608 905267
567542 205159 -113045 722779
-225760 -356120 334880 345197
551847 746759 -250654 -591906
-980132 -720911 -980516 -328451
-52518 -558251 -703163 -648603
571717 -232205 -477054 132306
-3657 585358 820261 -298475
888251 201260 548640 997199
102639 -274267 -382348 -685703
-736415 39193 -247344 -687188
399314 231555 509701 -981024
400281 -897788 -789258 -830105
-203303 39715 762874 -530368
-529150 -459033 253677 -639391
-481277 -464374 -866868 805435
669533 219483 -878681 -291305
762874 -530368 -686554 96882
-742032 436519 682762 113495
788011 -925117 809187 962407
-735008 675641 350101 -538399
-632739 -129981 -143752 617621
-854090 977411 -8323 -991456
866407 367415 -33265 -439767
313225 916982 -797999 -675871
-268336 -621323 315365 -583305
34772 578449 -493877 -985094
-190210 -533447 602076 -186128
-438458 710002 -921680 927959
196190 142728 -665091 39439
409944 -654101 948053 765254
521837 -261805 -269724 -115199
122928 -137284 -923165 -973335
-942652 -993799 -796529 654543
105690 -131353 887194 -658856
-707615 723154 970660 -158457
105690 -131353 -359105 -222514
-766982 519586 -699484 -662265
682083 -711003 -517332 -535030
440532 967281 -168239 -328277
-664330 455828 -382348 -685703
302301 -97284 484290 -443398
-974296 -102717 -631675 785575
132432 438108 -853280 279543
-560337 -373278 -631675 785575
-968637 314830 -304099 -991314
128743 -464107 266599 -677957
-131401 292725 -611547 -818485
59120 84732 50143 354046
-792857 -633088 886079 -753734
697176 674416 -944701 -660386
794393 -772243 -221713 268828
-520527 -989172 -819617 -952771
-780018 -225717 -588184 -167387
363428 169428 -524073 -828666
-899305 524569 35427 471230
-120739 370912 -344263 -887741
868162 657872 -742711 -281927
-766063 -845941 -15028 -632316
393875 199498 334880 345197
888251 201260 -125040 -705668
-210327 -903319 -583955 -581071
35427 471230 -171486 -704945
35427 471230 966100 678992
904787 126126 553357 32246
122928 -137284 -583955 -581071
654003 116147 574279 742376
-707615 723154 945192 -718704
927765 841033 105690 -131353
509701 -981024 567462 -510776
-631675 785575 -590258 -828037
-866868 805435 588644 -735793
-742032 436519 313583 861081
-190210 -533447 -742711 -281927
-268336 -621323 -122054 934497
881911 -790008 820261 -298475
-896718 665619 -868249 -335375
-122054 934497 215292 589907
749603 533654 521837 -261805
175249 377844 624045 -654553
498050 396170 -997390 -826008
-226666 -136529 633083 -636548
-944701 -660386 -180643 -900266
-843183 179595 -928819 -123291
54191 -843063 -968637 314830
145408 -984262 -605727 700637
-120739 370912 548640 997199
495724 563904 866407 367415
196190 142728 920278 -563100
-247344 -687188 -977850 -838700
363427 -235743 851116 871820
-789471 922284 59075 142322
-885203 -395112 313583 861081
50143 354046 463265 -822592
50143 354046 -63647 907207
-777722 -719867 112722 -914260
-113129 -240548 -924058 292394
446848 671884 -182627 397180
966100 678992 488172 -276166
-467447 -258853 -94122 -97896
371062 -628734 -908288 467138
-168806 49816 -595801 529059
887028 75144 887194 -658856
-175450 616456 749071 452256
-52518 -558251 -396875 805567
449981 -532745 809187 962407
-792857 -633088 280055 622962
809187 962407 -517332 -535030
-113045 722779 -520527 -989172
-936418 729802 -235571 284980
-33265 -439767 -524073 -828666
-780018 -225717 -707615 723154
399857 743551 -367117 376354
-414111 -690247 -321231 -937288
571717 -232205 548302 984048
399857 743551 -337588 79909
-520527 -989172 835702 237344
-192812 226371 205979 595017
-196817 717362 989835 611865
50143 354046 760343 -982890
-86096 55681 159415 -684685
-980516 -328451 -789471 922284
59075 142322 -863695 -937719
-192812 226371 182327 -857656
-328452 521199 804894 261151
-854090 977411 -664330 455828
-260058 -243437 308666 118160
946661 591277 -866868 805435
-773898 -229107 -544942 -769178
363427 -235743 393875 199498
-908288 467138 967277 -954843
-627956 -691815 927765 841033
-977850 -838700 -753795 355401
-773898 -229107 -120739 370912
-936418 729802 440532 967281
-383178 167377 870707 586160
-936418 729802 690181 980847
-477054 132306 -881013 457159
245348 -167472 -742711 -281927
127200 432770 -549590 -886470
-980132 -720911 -631675 785575
29821 542166 95071 607500
-692692 -963935 970660 -158457
545045 8573 -987250 356652
-470049 240373 -631675 785575
-113129 -240548 -688633 956333
446848 671884 179294 -498937
321471 -381862 -684164 -193814
-396875 805567 -773652 420356
864331 402583 286708 -990584
215292 589907 -697691 -483338
920278 -563100 -265985 -942155
175563 -751755 -64245 687600
-3657 585358 -294176 770652
95071 607500 -742711 -281927
-467447 -258853 -878681 -291305
243230 -689246 495724 563904
-664330 455828 -990074 -947151
588644 -735793 -878003 -816419
760343 -982890 970660 -158457
567542 205159 498050 396170
864331 402583 548488 -880746
-226666 -136529 -636658 354638
-430675 -730218 -586512 309764
-590258 -828037 -99766 163157
731375 671005 399314 231555
175249 377844 -864090 443585
334880 345197 28756 640270
-85242 284178 516362 322517
81005 532682 -1308 696170
391807 -664825 5553 404543
607814 -890670 -269724 -115199
116695 -262403 -468673 253437
762874 -530368 -917595 -324195
-445019 -90105 590625 -400827
731375 671005 579002 156477
-921680 927959 -177586 -912988
-3657 585358 744374 -834196
-707952 -174614 794393 -772243
487956 856852 28756 640270
851116 871820 -517332 -535030
966100 678992 -866868 805435
-787812 -708571 714750 844704
868162 657872 -979857 -565277
-168806 49816 -868249 -335375
192071 625010 -375270 -488336
-45982 -284354 -868249 -335375
105690 -131353 -812977 -341056
-471961 532025 -974487 -24319
-868249 -335375 -864090 443585
-190210 -533447 -549590 -886470
479434 40770 248369 -17040
643824 -137215 -979857 -565277
-468514 -930012 -901800 -648703
888251 201260 -520527 -989172
-294176 770652 -346364 -667741
182327 -857656 322066 -127852
948053 765254 -712358 488495
-247344 -687188 -467447 -258853
-968095 778971 -177573 -364627
-396875 805567 -328452 521199
182327 -857656 -162272 235338
-878003 -816419 393875 199498
-912008 -896396 77488 980222
-33265 -439767 -384349 -695568
457083 956365 34772 578449
567462 -510776 -179121 828139
820261 -298475 557150 -435111
-688633 956333 266599 -677957
-7231 121708 -958980 -218147
933206 -96147 56536 -492432
-968095 778971 301134 -619958
-268336 -621323 391807 -664825
30638 678917 77488 980222
633083 -636548 948053 765254
449981 -532745 -114725 886764
-973565 -495139 -396875 805567
803748 -920795 -187682 -851090
-246107 -999597 245348 -167472
948053 765254 501030 101225
774103 105050 943137 -375793
313225 916982 -819617 -952771
-305493 880814 315532 -16981
-997390 -826008 106984 992752
929923 390473 -753795 355401
772891 -354967 -753795 355401
457083 956365 886079 -753734
734959 -265316 -315849 532756
388787 802948 -703163 -648603
-237092 563195 -105512 353915
698960 983309 313583 861081
484290 -443398 -797999 -675871
280055 622962 657373 -693620
600691 -917642 887028 75144
868162 657872 -512638 -957230
248955 -364541 523062 -682673
-99766 163157 -168806 49816
579002 156477 -8323 -991456
-89706 -69676 816701 102507
774103 105050 660010 -283088
624045 -654553 -505694 84714
205979 595017 397634 -295935
-611547 -818485 -779189 -303899
-766063 -845941 -85242 284178
-918936 -885904 -712358 488495
-753795 355401 -241691 -560061
5553 404543 588644 -735793
-868249 -335375 888251 201260
-344263 -887741 -924467 -551960
-997390 -826008 914036 876937
-398816 -695529 54534 786532
-703163 -648603 81005 532682
30638 678917 -517332 -535030
-328452 521199 279583 212174
-375270 -488336 723645 212703
714750 844704 -494840 583442
-710059 875101 -72474 -988638
734959 -265316 -983409 -2001
403206 -732743 -328750 80047
-901800 -648703 -648829 -758271
-94122 -97896 403206 -732743
-936418 729802 588644 -735793
866914 249112 697176 674416
-187682 -851090 479434 40770
961885 -403127 -239813 -256857
-779189 -303899 205979 595017
851116 871820 -800064 624171
-381769 324272 -120739 370912
439323 651665 -853280 279543
509701 -981024 -84098 434652
507466 569606 -611547 -818485
-481019 517898 -963711 797335
-7622 541657 -703528 911585
914036 876937 54534 786532
794393 -772243 -86096 55681
-294176 770652 548074 300026
182327 -857656 806349 -599919
-707615 723154 -952191 747634
-652273 -160536 248955 -364541
-697691 -483338 -203303 39715
-792857 -633088 -438967 717647
-789258 -830105 557368 -254662
234358 -647484 509701 -981024
-973565 -495139 397634 -295935
548302 984048 -681971 261269
-51197 527084 -632171 767623
-517332 -535030 88838 653086
-445019 -90105 -921680 927959
-175450 616456 809187 962407
989835 611865 -177573 -364627
280055 622962 -113045 722779
-864090 443585 -968095 778971
-294176 770652 5553 404543
993464 28638 541486 -405619
-742032 436519 112722 -914260
-936418 729802 -367117 376354
-384349 -695568 660010 -283088
-605727 700637 -33265 -439767
-204021 -432716 281438 805175
-7231 121708 -549590 -886470
-980132 -720911 -260058 -243437
176349 -39173 301134 -619958
-712358 488495 -203303 39715
-89706 -69676 941637 920019
567542 205159 545045 8573
316142 222039 557368 -254662
159415 -684685 -616891 827179
-347470 51274 655476 249533
-925261 -45292 -529150 -459033
-917595 -324195 628216 651337
-631675 785575 -697691 -483338
282378 -788274 -152702 157281
914036 876937 -133063 196662
-177586 -912988 -181249 324913
-241691 -560061 321471 -381862
887194 -658856 771483 254725
805152 489262 -963711 797335
-315849 532756 -265985 -942155
-529150 -459033 373302 -716894
-239813 -256857 -468026 209801
402573 918592 316872 -638494
920278 -563100 350101 -538399
-942652 -993799 496942 839525
-958980 -218147 -819617 -952771
553030 -668452 -868249 -335375
184911 310431 898716 877678
54191 -843063 -229838 258842
557368 -254662 -113129 -240548
-750407 587415 278223 87071
-404934 -983062 721496 -277778
-742032 436519 -14620 693682
315532 -16981 275768 320483
-122054 934497 -383178 167377
809187 962407 171406 -841173
866914 249112 -181249 324913
-549590 -886470 610162 -778057
914429 379524 970660 -158457
179294 -498937 -648829 -758271
624045 -654553 -735008 675641
175249 377844 127200 432770
400281 -897788 -659930 683012
-347470 51274 -520527 -989172
-624461 -689718 749547 -227151
-590258 -828037 -648829 -758271
-125040 -705668 -908288 467138
88838 653086 -162272 235338
-175450 616456 -908288 467138
-742711 -281927 -514724 916843
-923165 -973335 -977850 -838700
56536 -492432 -321231 -937288
-109301 -500334 966100 678992
399857 743551 -7622 541657
-468514 -930012 171406 -841173
816701 102507 -505694 84714
-881013 457159 -229838 258842
-381769 324272 334880 345197
-866868 805435 487956 856852
-204021 -432716 402573 918592
-928819 -123291 171406 -841173
-797999 -675871 256984 -362869
868162 657872 765532 547016
624045 -654553 -329743 34420
806349 -599919 -944701 -660386
263070 -212772 221274 -766542
-461745 579196 772891 -354967
-269724 -115199 30638 678917
521837 -261805 -39524 154086
868162 657872 248955 -364541
-692692 -963935 -437640 -859067
-800064 624171 334880 345197
488172 -276166 543800 -651
-974487 -24319 -792857 -633088
-664330 455828 607814 -890670
842159 -704219 88838 653086
-325379 -742392 -997390 -826008
-203787 -176328 -951673 -832603
-467447 -258853 -686554 96882
714750 844704 462025 398232
-702820 375119 474044 -545670
315365 -583305 -381769 324272
-736415 39193 -372508 -774002
-481019 517898 920278 -563100
721496 -277778 397634 -295935
30638 678917 -735008 675641
215292 589907 628216 651337
-616891 827179 283274 -904914
399314 231555 308666 118160
-659930 683012 -305493 880814
412820 -808560 243230 -689246
-1308 696170 -632739 -129981
-94122 -97896 -196817 717362
870707 586160 714879 330480
321471 -381862 -321231 -937288
624045 -654553 -775337 -408068
322066 -127852 -923165 -973335
-974487 -24319 -99766 163157
-337588 79909 -766063 -845941
-855482 370796 -753795 355401
-494840 583442 -692692 -963935
496942 839525 -315849 532756
-494840 583442 319399 656871
-761122 -980970 -516350 758970
721496 -277778 970660 -158457
-398816 -695529 253828 249092
-143752 617621 263070 -212772
-114725 886764 -519454 666101
253677 -639391 -632739 -129981
-325379 -742392 563987 306213
-7622 541657 -177586 -912988
56536 -492432 697176 674416
-973565 -495139 -944701 -660386
316142 222039 68217 -829199
-492329 -380047 -84098 434652
-864090 443585 11816 643018
993464 28638 402573 918592
-478824 -963882 765532 547016
-901800 -648703 -997390 -826008
-951673 -832603 -149522 718596
507466 569606 944483 370350
-980516 -328451 607814 -890670
-398816 -695529 -854090 977411
487956 856852 -911589 873018
-974296 -102717 -707615 723154
316872 -638494 -923165 -973335
944483 370350 866407 367415
-707615 723154 102639 -274267
-221713 268828 -12523 -812027
523062 -682673 -168806 49816
993464 28638 -433702 -873021
-707615 723154 643824 -137215
446848 671884 487956 856852
-736415 39193 -12523 -812027
-586512 309764 -921680 927959
-958980 -218147 437534 -68840
-881013 457159 847734 -905032
-549590 -886470 -7622 541657
-970353 -643248 -924058 292394
772891 -354967 866914 249112
-863695 -937719 122928 -137284
-229838 258842 383576 1590
350101 -538399 275768 320483
-131401 292725 771483 254725
-51197 527084 655476 249533
-168239 -328277 -84098 434652
95071 607500 602076 -186128
946661 591277 -131401 292725
-84098 434652 -631675 785575
970660 -158457 887028 75144
946661 591277 -250654 -591906
-367117 376354 -122054 934497
970660 -158457 -192812 226371
-864090 443585 334880 345197
-560337 -373278 563987 306213
488172 -276166 -819617 -952771
-225760 -356120 -878681 -291305
590625 -400827 -414111 -690247
-415019 855037 465944 -674775
-631675 785575 -520527 -989172
967277 -954843 248369 -17040
-912008 -896396 967277 -954843
-184809 -383800 643824 -137215
-1308 696170 -203629 750609
567462 -510776 -979857 -565277
-162272 235338 -573642 402794
-583955 -581071 400281 -897788
567462 -510776 234358 -647484
-85242 284178 298402 -76232
714750 844704 -750407 587415
-773898 -229107 961885 -403127
-983409 -2001 -237092 563195
253677 -639391 425264 994352
184911 310431 -703528 911585
-997390 -826008 95071 607500
-866868 805435 672976 649369
334880 345197 -149522 718596
-665091 39439 914036 876937
-707952 -174614 748407 86257
-981737 -616810 772891 -354967
548488 -880746 -789258 -830105
-868249 -335375 363428 169428
-192812 226371 -328452 521199
-481277 -464374 600691 -917642
221274 -766542 501030 101225
-648829 -758271 373302 -716894
-241691 -560061 553357 32246
-187682 -851090 516362 322517
-648829 -758271 523062 -682673
-928819 -123291 866407 367415
487956 856852 563987 306213
-404934 -983062 -505694 84714
-461745 579196 -203629 750609
548302 984048 81005 532682
835702 237344 -974296 -102717
301134 -619958 -912008 -896396
-192812 226371 989835 611865
127200 432770 600691 -917642
-631675 785575 54191 -843063
495724 563904 261358 -350194
-707952 -174614 30638 678917
484610 -123504 -42061 454518
-945708 663847 77488 980222
605476 438134 261358 -350194
-396875 805567 -495800 -745947
-636993 -601777 -122054 934497
-367117 376354 -235571 284980
215292 589907 279583 212174
95071 607500 59120 84732
788011 -925117 -241691 -560061
567542 205159 -269724 -115199
-478824 -963882 -707615 723154
-973565 -495139 -761159 933773
567462 -510776 -936418 729802
308666 118160 937213 -64506
484610 -123504 184911 310431
571717 -232205 -980516 -328451
245348 -167472 563731 673478
313225 916982 -423506 -807520
-908288 467138 -204021 -432716
-445019 -90105 794393 -772243
557368 -254662 941637 920019
221274 -766542 -225760 -356120
999865 -852172 -983409 -2001
914036 876937 -819617 -952771
771483 254725 -192355 -698233
462025 398232 498050 396170
803748 -920795 -180643 -900266
425264 994352 -868249 -335375
-470049 240373 -652273 -160536
-33265 -439767 439323 651665
275768 320483 253677 -639391
-800064 624171 -396875 805567
-225760 -356120 279583 212174
-549590 -886470 -168806 49816
788011 -925117 803748 -920795
-736415 39193 -924058 292394
-981737 -616810 402573 918592
167137 -770773 40859 173729
402095 151256 521837 -261805
-64245 687600 -85242 284178
-237092 563195 -942262 -744163
-512638 -957230 578125 831868
-237092 563195 388787 802948
-808321 632782 -885203 -395112
600691 -917642 -125040 -705668
-648829 -758271 904787 126126
-84098 434652 -190210 -533447
864502 996559 -143676 235606
-855482 370796 -247344 -687188
-177573 -364627 886079 -753734
409944 -654101 311352 -89708
393875 199498 803748 -920795
946661 591277 -39524 154086
-329743 34420 -549590 -886470
600691 -917642 -184809 -383800
-122054 934497 -699484 -662265
59120 84732 682762 113495
-742032 436519 -492329 -380047
-812977 -341056 -854090 977411
-979857 -565277 800412 400741
-495800 -745947 -246107 -999597
393875 199498 -142836 244031
-560337 -373278 248369 -17040
-229838 258842 -736415 39193
175563 -751755 -590466 746305
-438967 717647 -478136 294581
920278 -563100 -766063 -845941
-382348 -685703 989835 611865
-45982 -284354 -853280 279543
887194 -658856 588792 -137981
-942262 -744163 211800 -128151
59075 142322 145408 -984262
221274 -766542 -398816 -695529
-712358 488495 -702262 -374809
-702820 375119 -328750 80047
611056 -557180 382112 -91070
-590258 -828037 -210327 -903319
477017 -355574 772891 -354967
-735008 675641 -627956 -691815
-627956 -691815 -660560 475564
-864090 443585 -241691 -560061
-970353 -643248 90934 -773405
-855482 370796 -105512 353915
487956 856852 -626379 -285563
881911 -790008 -812977 -341056
-384349 -695568 -477054 132306
-863695 -937719 -980516 -328451
167137 -770773 -632739 -129981
-942262 -744163 868162 657872
-329743 34420 184349 405935
-64245 687600 -901800 -648703
-977850 -838700 -863695 -937719
-114725 886764 488172 -276166
993464 28638 -980132 -720911
-878003 -816419 -177573 -364627
402573 918592 -494840 583442
-241691 -560061 -924058 292394
-775337 -408068 315365 -583305
-544942 -769178 -588184 -167387
205979 595017 749071 452256
548640 997199 -823855 712932
-866868 805435 -684980 -32159
-1308 696170 321471 -381862
-665091 39439 -495800 -745947
-866868 805435 981611 -301919
788011 -925117 -430675 -730218
-899305 524569 463764 921210
-1308 696170 -398816 -695529
403206 -732743 40859 173729
-131401 292725 -430675 -730218
655476 249533 275768 320483
496942 839525 200672 735743
-855482 370796 403206 -732743
-968095 778971 -380345 283704
-131401 292725 -688633 956333
887028 75144 409944 -654101
-414111 -690247 655476 249533
-773898 -229107 -7622 541657
-681971 261269 391807 -664825
77488 980222 -652273 -160536
59120 84732 -210327 -903319
657373 -693620 628216 651337
-177586 -912988 201876 -929641
-125040 -705668 805152 489262
660010 -283088 -549590 -886470
-735008 675641 261358 -350194
-250654 -591906 39347 -930521
-697691 -483338 -707615 723154
30638 678917 402408 -67922
253828 249092 -516350 758970
-461745 579196 760343 -982890
-86096 55681 439323 651665
-7622 541657 -404934 -983062
-14620 693682 11816 643018
-636658 354638 -787812 -708571
233119 -408563 -367117 376354
233119 -408563 399314 231555
941637 920019 272242 -215988
182327 -857656 81005 532682
-305493 880814 -155078 -209224
-990074 -947151 -895226 941555
731375 671005 567462 -510776
200672 735743 -605727 700637
748407 86257 -493877 -985094
77488 980222 605476 438134
399314 231555 881911 -790008
-979857 -565277 -328452 521199
827938 558022 -789258 -830105
-789471 922284 -878277 455584
-742711 -281927 -626379 -285563
167137 -770773 -45982 -284354
437534 -68840 -773652 420356
557368 -254662 -777722 -719867
-707615 723154 -990074 -947151
221274 -766542 187423 -372008
-155078 -209224 -815337 -733033
-742032 436519 192071 625010
-921680 927959 -404934 -983062
221274 -766542 68217 -829199
866407 367415 543800 -651
888251 201260 -3657 585358
112722 -914260 -702820 375119
457083 956365 301134 -619958
-632171 767623 -203303 39715
-631675 785575 437534 -68840
774103 105050 516362 322517
-692692 -963935 -659930 683012
-901800 -648703 281438 805175
-590258 -828037 192071 625010
-736415 39193 -192812 226371
610162 -778057 3124 842432
-1308 696170 -516350 758970
-258271 485233 -684980 -32159
571717 -232205 -648829 -758271
-819617 -952771 3124 842432
-203303 39715 322066 -127852
866914 249112 484290 -443398
234358 -647484 -924467 -551960
88838 653086 266599 -677957
-636658 354638 -544942 -769178
-699484 -662265 373302 -716894
-812977 -341056 463265 -822592
477017 -355574 -445019 -90105
888251 201260 967277 -954843
379511 207107 -235571 284980
800412 400741 -430675 -730218
465944 -674775 -800064 624171
904787 126126 887028 75144
-710059 875101 888251 201260
487956 856852 927765 841033
-761159 933773 90934 -773405
477017 -355574 -878003 -816419
946661 591277 -229838 258842
590625 -400827 283274 -904914
-7622 541657 463265 -822592
-39524 154086 488172 -276166
145408 -984262 457083 956365
184349 405935 363428 169428
-203629 750609 112722 -914260
-792857 -633088 283274 -904914
771483 254725 -866868 805435
201876 -929641 -862876 924711
981611 -301919 -105512 353915
-42061 454518 -823855 712932
-177573 -364627 -688957 -165111
313583 861081 -917595 -324195
-681971 261269 851116 871820
770265 993800 -235571 284980
-86096 55681 -269724 -115199
196190 142728 927765 841033
-602642 381741 -382348 -685703
159415 -684685 59120 84732
-742032 436519 -636658 354638
-168239 -328277 -970353 -643248
-478136 294581 -235918 -801449
941637 920019 -203787 -176328
54191 -843063 -792857 -633088
-470049 240373 82887 868040
281438 805175 961885 -403127
835702 237344 -703528 911585
-86096 55681 -461745 579196
-702262 -374809 371062 -628734
-586512 309764 -467447 -258853
-175450 616456 -3657 585358
-703528 911585 -951673 -832603
-113129 -240548 -430675 -730218
-761122 -980970 261358 -350194
391807 -664825 -307277 -471342
201876 -929641 -573642 402794
-125040 -705668 403206 -732743
159415 -684685 600691 -917642
313225 916982 41162 607357
-187682 -851090 -505694 84714
-143752 617621 -796529 654543
-854090 977411 315365 -583305
-761122 -980970 175563 -751755
-430675 -730218 -958980 -218147
399857 743551 945192 -718704
313583 861081 904787 126126
496942 839525 944483 370350
794393 -772243 211800 -128151
-321231 -937288 611056 -557180
999865 -852172 -192812 226371
412820 -808560 548074 300026
927765 841033 719711 -341409
-595801 529059 -549590 -886470
999865 -852172 -736415 39193
888251 201260 279583 212174
-86096 55681 248369 -17040
272242 -215988 279583 212174
-505694 84714 -247344 -687188
574279 742376 95071 607500
-478136 294581 -636658 354638
866914 249112 465944 -674775
-324205 -509237 -660560 475564
-524073 -828666 -659930 683012
672976 649369 914036 876937
-99766 163157 -665091 39439
-179121 828139 -250654 -591906
-347470 51274 -735008 675641
-702262 -374809 864502 996559
567542 205159 -925261 -45292
-269724 -115199 397634 -295935
-94122 -97896 248369 -17040
-520527 -989172 371062 -628734
-39524 154086 -520527 -989172
399314 231555 649565 -824624
446848 671884 654772 570871
302301 -97284 -328750 80047
-341599 -452989 95071 607500
678056 -997130 457083 956365
439323 651665 -657717 -347951
495724 563904 308666 118160
35427 471230 563731 673478
970660 -158457 792702 -306582
887194 -658856 -699484 -662265
402095 151256 315365 -583305
610162 -778057 102639 -274267
697176 674416 -921680 927959
-265985 -942155 -612052 -537250
-789258 -830105 898716 877678
607814 -890670 -612052 -537250
881911 -790008 175563 -751755
248955 -364541 -210327 -903319
-529150 -459033 261358 -350194
167137 -770773 -12523 -812027
-142836 244031 749071 452256
145408 -984262 886079 -753734
266599 -677957 300485 997087
600691 -917642 50143 354046
967277 -954843 462025 398232
771483 254725 563731 673478
-917595 -324195 488172 -276166
122928 -137284 -815337 -733033
-307277 -471342 -963711 797335
-789471 922284 961885 -403127
-39524 154086 484610 -123504
-712358 488495 698960 983309
981611 -301919 -247344 -687188
553030 -668452 -573642 402794
-239813 -256857 -753795 355401
-703163 -648603 -697691 -483338
-85242 284178 -347470 51274
-478824 -963882 -970353 -643248
-468673 253437 175563 -751755
981611 -301919 -977850 -838700
-493877 -985094 363427 -235743
184349 405935 315365 -583305
-742711 -281927 106984 992752
-180643 -900266 -99766 163157
-382348 -685703 -980516 -328451
-415019 855037 714750 844704
3124 842432 -468026 209801
-632739 -129981 -707615 723154
993464 28638 904787 126126
941637 920019 -99766 163157
-595801 529059 -478824 -963882
698960 983309 167137 -770773
553030 -668452 311352 -89708
-652273 -160536 234358 -647484
319399 656871 -143752 617621
578125 831868 -226666 -136529
-149522 718596 682083 -711003
-182627 397180 -414111 -690247
999865 -852172 602076 -186128
-39524 154086 -983409 -2001
731375 671005 -560337 -373278
315532 -16981 723645 212703
175563 -751755 59120 84732
-624461 -689718 600691 -917642
248955 -364541 -299871 -171875
-624461 -689718 391807 -664825
-184809 -383800 -505694 84714
463265 -822592 34772 578449
5553 404543 -155078 -209224
820261 -298475 39347 -930521
-423506 -807520 279583 212174
-912008 -896396 203959 -928180
851116 871820 -122054 934497
690181 980847 275768 320483
-305493 880814 163765 946011
-792857 -633088 864502 996559
-815337 -733033 -423506 -807520
816701 102507 749603 533654
-980132 -720911 -775337 -408068
266599 -677957 184911 310431
-925261 -45292 -461745 579196
-766982 519586 -951988 -979582
-265985 -942155 -896718 665619
-624461 -689718 403206 -732743
234358 -647484 999865 -852172
11816 643018 439323 651665
-885203 -395112 548488 -880746
457083 956365 682762 113495
-583955 -581071 425264 994352
-114725 886764 253677 -639391
-438458 710002 201876 -929641
302301 -97284 437534 -68840
-168806 49816 672976 649369
847734 -905032 -517332 -535030
-881013 457159 864331 402583
275768 320483 -142836 244031
-707952 -174614 39857 998298
-862876 924711 -924058 292394
-375270 -488336 657373 -693620
334880 345197 59120 84732
948053 765254 248955 -364541
-268336 -621323 771483 254725
286708 -990584 714879 330480
-573642 402794 -337588 79909
29821 542166 -997521 627263
184911 310431 -461745 579196
446848 671884 660010 -283088
-636993 -601777 243230 -689246
-853280 279543 -63647 907207
-430675 -730218 721496 -277778
563731 673478 179294 -498937
301134 -619958 -924467 -551960
-328452 521199 788011 -925117
-461745 579196 588644 -735793
-182627 397180 -659930 683012
-792857 -633088 -707952 -174614
-494840 583442 -942652 -993799
-239813 -256857 588792 -137981
463265 -822592 -612052 -537250
887028 75144 -324205 -509237
-3657 585358 275768 320483
842159 -704219 803748 -920795
-590466 746305 -462144 594029
886079 -753734 266599 -677957
3124 842432 946661 591277
399314 231555 363427 -235743
-268336 -621323 835702 237344
-524073 -828666 316872 -638494
-997390 -826008 605476 438134
122928 -137284 -921680 927959
678056 -997130 -980516 -328451
-549590 -886470 -684980 -32159
605476 438134 463764 921210
607814 -890670 -1308 696170
933206 -96147 457083 956365
943137 -375793 578125 831868
-468673 253437 -152702 157281
-359105 -222514 567462 -510776
-84098 434652 -14620 693682
-437640 -859067 654772 570871
-467447 -258853 -328750 80047
682083 -711003 698960 983309
-372508 -774002 948053 765254
-203303 39715 929923 390473
-624461 -689718 -113045 722779
-777722 -719867 -529150 -459033
521837 -261805 804894 261151
610162 -778057 498050 396170
543800 -651 864331 402583
-787812 -708571 -33265 -439767
682762 113495 -895226 941555
163765 946011 -114725 886764
279583 212174 -15028 -632316
-800064 624171 159415 -684685
39347 -930521 363427 -235743
-180643 -900266 -125040 -705668
571717 -232205 567542 205159
-325379 -742392 -780018 -225717
-787812 -708571 858865 352862
-590466 746305 -439191 -497691
672976 649369 313225 916982
927765 841033 904787 126126
804894 261151 654772 570871
-109301 -500334 -616891 827179
439323 651665 -636993 -601777
-478136 294581 -177586 -912988
-918936 -885904 824699 644466
579002 156477 106984 992752
-612052 -537250 -881013 457159
749603 533654 553030 -668452
-616891 827179 59120 84732
82887 868040 -171486 -704945
122928 -137284 -912008 -896396
477017 -355574 -478136 294581
772891 -354967 484610 -123504
681884 746723 -168239 -328277
-152702 157281 607814 -890670
-258271 485233 543800 -651
657373 -693620 945192 -718704
-923165 -973335 -42061 454518
-359105 -222514 749547 -227151
610162 -778057 -196817 717362
-439191 -497691 175563 -751755
127200 432770 215292 589907
253677 -639391 -381769 324272
-430675 -730218 -789471 922284
363427 -235743 -968095 778971
-84098 434652 -468026 209801
-494840 583442 -372508 -774002
-415019 855037 628216 651337
-657717 -347951 -808321 632782
898716 877678 697176 674416
302301 -97284 -789258 -830105
-203303 39715 -736415 39193
-684164 -193814 -855482 370796
128743 -464107 633083 -636548
-664330 455828 -246107 -999597
116695 -262403 40859 173729
886079 -753734 -52518 -558251
-595801 529059 989835 611865
-529150 -459033 -307277 -471342
-917595 -324195 567542 205159
363427 -235743 970660 -158457
-492329 -380047 -269724 -115199
-636658 354638 672976 649369
-142836 244031 -524073 -828666
-182627 397180 521837 -261805
945192 -718704 179294 -498937
56536 -492432 -203787 -176328
105690 -131353 -684164 -193814
-328750 80047 749547 -227151
159415 -684685 81005 532682
792702 -306582 559577 282950
283274 -904914 50143 354046
-33265 -439767 -866868 805435
29821 542166 437534 -68840
248955 -364541 -980516 -328451
574279 742376 -328750 80047
765532 547016 -974487 -24319
-143676 235606 -329743 34420
602285 275352 -924058 292394
-854090 977411 -105512 353915
-203303 39715 -505694 84714
-113045 722779 -175450 616456
788011 -925117 -977850 -838700
400281 -897788 -974487 -24319
474283 614117 749603 533654
-113045 722779 -52518 -558251
201876 -929641 -120739 370912
-699484 -662265 947294 -311659
56536 -492432 -94122 -97896
-113129 -240548 887028 75144
937213 -64506 -430675 -730218
498050 396170 -878681 -291305
-85242 284178 804894 261151
948053 765254 941637 920019
286708 -990584 -120739 370912
-114725 886764 496942 839525
-328750 80047 -742711 -281927
-12523 -812027 498050 396170
509701 -981024 678056 -997130
-114725 886764 672976 649369
-952191 747634 -229838 258842
88838 653086 633083 -636548
654003 116147 -881013 457159
610162 -778057 -113129 -240548
-398816 -695529 -664330 455828
-792857 -633088 -664330 455828
788011 -925117 -707615 723154
-588184 -167387 -864090 443585
474283 614117 887194 -658856
672976 649369 820261 -298475
772891 -354967 -478136 294581
-983409 -2001 350101 -538399
-688957 -165111 39347 -930521
-863695 -937719 462025 398232
-958980 -218147 311352 -89708
-773652 420356 -492329 -380047
-467447 -258853 105690 -131353
548074 300026 -878003 -816419
-235918 -801449 -439191 -497691
-470049 240373 -113045 722779
77488 980222 -997521 627263
654003 116147 487956 856852
179294 -498937 868162 657872
-918936 -885904 937213 -64506
248955 -364541 -524073 -828666
-878681 -291305 68217 -829199
-325379 -742392 -881013 457159
-133063 196662 -704638 27196
205979 595017 799262 935197
551847 746759 -187682 -851090
-750407 587415 -573642 402794
-524073 -828666 567542 205159
-45982 -284354 -307277 -471342
371062 -628734 -983409 -2001
-367117 376354 -247344 -687188
-415019 855037 610162 -778057
858865 352862 -968637 314830
657373 -693620 744374 -834196
425264 994352 -471961 532025
-779189 -303899 -681971 261269
-329743 34420 -439191 -497691
-665091 39439 -796529 654543
-899305 524569 -573642 402794
-812977 -341056 -614544 -771142
914036 876937 128743 -464107
-626379 -285563 -951988 -979582
-632171 767623 -329743 34420
-519454 666101 -382348 -685703
-260058 -243437 -797999 -675871
772891 -354967 -45982 -284354
-478824 -963882 -979857 -565277
-372508 -774002 920278 -563100
588792 -137981 278223 87071
-735008 675641 -505694 84714
-945708 663847 -595801 529059
567462 -510776 -131401 292725
804894 261151 393875 199498
145408 -984262 403206 -732743
858865 352862 474044 -545670
132432 438108 488172 -276166
-321231 -937288 373302 -716894
-632739 -129981 -45982 -284354
302301 -97284 -221713 268828
820261 -298475 -616891 827179
383576 1590 929923 390473
-512638 -957230 -878003 -816419
803748 -920795 893500 -394037
474044 -545670 -918936 -885904
-983409 -2001 770265 993800
-980132 -720911 -229838 258842
-702820 375119 175563 -751755
449981 -532745 -590258 -828037
-131401 292725 -868249 -335375
-494840 583442 887028 75144
-221713 268828 399857 743551
864331 402583 316872 -638494
402095 151256 -492329 -380047
-383178 167377 245348 -167472
-235571 284980 -204021 -432716
-636658 354638 -944701 -660386
545045 8573 298402 -76232
-380345 283704 -652273 -160536
-162272 235338 -699484 -662265
-514724 916843 660010 -283088
128743 -464107 440532 967281
579002 156477 -247344 -687188
723645 212703 -524073 -828666
169627 -194875 -590466 746305
316142 222039 301134 -619958
-974296 -102717 399314 231555
-626379 -285563 -89706 -69676
827938 558022 800412 400741
388787 802948 600691 -917642
11816 643018 -192355 -698233
-878277 455584 544376 806197
799262 935197 633083 -636548
39857 998298 571717 -232205
68217 -829199 399314 231555
-702262 -374809 772891 -354967
-968095 778971 946661 591277
-120739 370912 221274 -766542
102639 -274267 82887 868040
961885 -403127 431122 -342826
39347 -930521 -404934 -983062
-187682 -851090 927765 841033
-372508 -774002 610162 -778057
-168239 -328277 -196817 717362
-226666 -136529 203959 -928180
-315849 532756 770265 993800
557368 -254662 192071 625010
102639 -274267 169627 -194875
-196817 717362 -328452 521199
-583955 -581071 278223 87071
402095 151256 605476 438134
29821 542166 383576 1590
-468673 253437 -171486 -704945
-493877 -985094 602285 275352
-901800 -648703 627182 -552113
-990074 -947151 -742032 436519
-203629 750609 59075 142322
-241691 -560061 -7622 541657
179294 -498937 -51197 527084
788011 -925117 657373 -693620
-15028 -632316 544376 806197
-855482 370796 541486 -405619
-789258 -830105 -226666 -136529
672976 649369 68217 -829199
463764 921210 574279 742376
904787 126126 -381769 324272
557150 -435111 -481019 517898
187423 -372008 -766982 519586
-878277 455584 669533 219483
-878277 455584 -878665 310779
809187 962407 311352 -89708
866407 367415 893500 -394037
-854090 977411 607814 -890670
-179121 828139 -346364 -667741
-631675 785575 95071 607500
-168806 49816 128743 -464107
-225760 -356120 379511 207107
574279 742376 -12523 -812027
-225760 -356120 -951988 -979582
382112 -91070 -626379 -285563
28756 640270 -899305 524569
868162 657872 463764 921210
159415 -684685 -45982 -284354
176349 -39173 -445019 -90105
-468673 253437 669533 219483
233119 -408563 723645 212703
721496 -277778 -624461 -689718
-341599 -452989 -977850 -838700
657373 -693620 -800064 624171
437534 -68840 835702 237344
477017 -355574 887194 -658856
-380345 283704 -42061 454518
749547 -227151 -105512 353915
-375270 -488336 -190210 -533447
-258271 485233 -974296 -102717
649565 -824624 462025 398232
-192812 226371 -246107 -999597
-779189 -303899 -766063 -845941
-64245 687600 -942262 -744163
-917595 -324195 868162 657872
507466 569606 551847 746759
-750407 587415 672976 649369
311352 -89708 -657717 -347951
-468673 253437 -307277 -471342
-359105 -222514 -899305 524569
-773898 -229107 -652273 -160536
571717 -232205 -789258 -830105
-588184 -167387 804894 261151
298402 -76232 266599 -677957
-7231 121708 681884 746723
-773898 -229107 548640 997199
-8323 -991456 -924058 292394
300485 997087 479434 40770
-864090 443585 -648829 -758271
765532 547016 -616891 827179
488172 -276166 820261 -298475
-203787 -176328 -777722 -719867
-519454 666101 887028 75144
-85242 284178 -514724 916843
41162 607357 -52518 -558251
-72474 -988638 -750407 587415
-665091 39439 -923165 -973335
496942 839525 -86096 55681
122928 -137284 574279 742376
-89706 -69676 -328452 521199
-324205 -509237 -968095 778971
-125040 -705668 548488 -880746
-291428 -34369 521837 -261805
54534 786532 788011 -925117
68217 -829199 847734 -905032
425264 994352 -588184 -167387
127200 432770 548640 997199
-247344 -687188 11816 643018
792702 -306582 -7622 541657
864502 996559 -812977 -341056
282378 -788274 588644 -735793
382112 -91070 -775337 -408068
-235571 284980 -626379 -285563
281438 805175 523062 -682673
-863695 -937719 383576 1590
-437640 -859067 698960 983309
-372508 -774002 316142 222039
-269724 -115199 -697691 -483338
548640 997199 -707952 -174614
893531 -625865 -265985 -942155
266599 -677957 -3657 585358
-143676 235606 617904 830425
-684164 -193814 -914709 -77383
893500 -394037 721496 -277778
-659930 683012 -885203 -395112
105690 -131353 -113129 -240548
574279 742376 -703528 911585
602076 -186128 721496 -277778
399857 743551 657373 -693620
765532 547016 774103 105050
-84098 434652 927765 841033
-235571 284980 -914709 -77383
-404934 -983062 602285 275352
-703528 911585 578125 831868
-235918 -801449 851116 871820
59120 84732 -885203 -395112
379511 207107 187423 -372008
462025 398232 -94122 -97896
943137 -375793 641346 -561736
-735008 675641 90934 -773405
-143676 235606 -438458 710002
-514724 916843 886079 -753734
-383178 167377 334880 345197
248369 -17040 -383178 167377
383576 1590 463265 -822592
11816 643018 350101 -538399
248955 -364541 605476 438134
-235918 -801449 -14620 693682
-981737 -616810 302301 -97284
567462 -510776 371062 -628734
29821 542166 81005 532682
-789258 -830105 -196817 717362
280055 622962 548640 997199
633083 -636548 -477054 132306
698960 983309 -72474 -988638
-627956 -691815 -699484 -662265
34772 578449 904787 126126
-979857 -565277 516362 322517
-588184 -167387 -269724 -115199
-478136 294581 895377 636143
-305493 880814 -359105 -222514
