1
2000
-969827 -828443 -458200 -808847
-969827 -828443 -766218 588721
-458200 -808847 820282 -396957
-458200 -808847 347657 -502049
-969827 -828443 478967 -545564
478967 -545564 -717410 -101829
820282 -396957 -814624 -113606
-458200 -808847 422240 -410464
478967 -545564 -332868 -5708
820282 -396957 -433967 794017
422240 -410464 -985296 543291
478967 -545564 200832 739953
-766218 588721 -511485 106046
-332868 -5708 964347 -966824
-433967 794017 -659077 -196222
478967 -545564 -115788 -99443
820282 -396957 -353485 786151
347657 -502049 -211025 480720
-511485 106046 -717233 -894821
422240 -410464 -645489 -4185
-814624 -113606 -440939 234942
-115788 -99443 200095 -747555
-115788 -99443 938876 -165158
938876 -165158 -283330 -376844
-969827 -828443 -983773 402206
-440939 234942 -405846 -164869
-283330 -376844 -559453 -246411
422240 -410464 -424551 -321767
347657 -502049 -840060 846132
-283330 -376844 567488 -280537
-969827 -828443 183349 605548
-511485 106046 -933504 582914
-458200 -808847 119039 81771
-424551 -321767 825953 -394496
-211025 480720 884827 -858534
-405846 -164869 -570146 -404012
-424551 -321767 -14102 159276
-717233 -894821 -833156 -593215
-833156 -593215 767493 269935
-969827 -828443 -501204 806727
-717410 -101829 -296723 119056
-559453 -246411 10728 418463
767493 269935 -267719 513544
-296723 119056 274093 -534998
274093 -534998 381572 -25768
-833156 -593215 -405846 -164869
-969827 -828443 -850390 733526
-570146 -404012 212223 -523471
-405846 -164869 -947239 -897352
-717233 -894821 938876 -165158
-969827 -828443 610494 -259858
200095 -747555 16088 952336
347657 -502049 713671 -85536
-405846 -164869 -809691 -755361
884827 -858534 766630 -47800
713671 -85536 -115788 -99443
422240 -410464 628455 -782636
884827 -858534 -125383 -81368
-969827 -828443 -933504 582914
478967 -545564 -441936 50362
119039 81771 959133 -651454
183349 605548 935416 -432745
183349 605548 387553 836030
-283330 -376844 190483 953941
-440939 234942 963692 -511725
713671 -85536 138447 -201699
347657 -502049 567313 755552
-969827 -828443 -69744 258697
-969827 -828443 320690 392975
10728 418463 70431 -389139
119039 81771 -55024 -942665
347657 -502049 751990 -898860
200832 739953 769626 900245
212223 -523471 -724567 18433
825953 -394496 -283330 -376844
-55024 -942665 -739943 -379543
320690 392975 -168034 -628316
938876 -165158 -34965 187555
963692 -511725 200095 -747555
-739943 -379543 -869 231750
387553 836030 191681 792210
478967 -545564 670986 529172
-969827 -828443 42219 572780
387553 836030 341079 971638
-869 231750 203516 456509
884827 -858534 796891 -847043
42219 572780 422240 -410464
347657 -502049 272618 527754
422240 -410464 984557 -670817
347657 -502049 -511485 106046
-869 231750 -139264 515755
820282 -396957 -295066 74366
713671 -85536 416479 -603789
938876 -165158 -177616 474318
16088 952336 183526 462121
-433967 794017 286499 -257680
183349 605548 -679041 222136
347657 -502049 457732 635422
884827 -858534 573598 -757400
-211025 480720 751990 -898860
138447 -201699 838877 526205
286499 -257680 341079 971638
-34965 187555 955874 -450631
-115788 -99443 416479 -603789
955874 -450631 779960 -669942
-645489 -4185 945871 121016
567488 -280537 -417726 25601
-332868 -5708 -809691 -755361
-295066 74366 -159803 -399955
-353485 786151 183526 462121
10728 418463 204799 -765991
347657 -502049 204465 851191
-417726 25601 808075 -836509
820282 -396957 -520258 539688
-814624 -113606 -69744 258697
-840060 846132 -166935 761049
-809691 -755361 984557 -670817
573598 -757400 -606468 720214
-985296 543291 567313 755552
955874 -450631 -7117 88574
-501204 806727 459841 -490887
-520258 539688 834110 -445735
-833156 -593215 119039 81771
628455 -782636 935416 -432745
-606468 720214 -561554 891911
-296723 119056 125134 -642488
-559453 -246411 921243 733343
416479 -603789 834860 -579662
921243 733343 -448108 855781
119039 81771 605561 -261960
-814624 -113606 -429332 491049
-869 231750 -812594 994260
459841 -490887 -612361 978136
138447 -201699 832062 83955
125134 -642488 -742156 689617
963692 -511725 -55024 -942665
-766218 588721 385764 978109
-166935 761049 324629 -944690
-511485 106046 -525243 77265
320690 392975 57714 -901186
-125383 -81368 959133 -651454
320690 392975 199540 665428
573598 -757400 -180242 -991231
-34965 187555 -693461 -536930
-645489 -4185 739884 883523
183526 462121 -866117 20400
-211025 480720 706365 -990908
670986 529172 -820198 -692368
-969827 -828443 286499 -257680
713671 -85536 733390 -869837
204799 -765991 702172 -237278
-296723 119056 -916950 -146344
713671 -85536 -6982 929703
-840060 846132 -427225 -995037
203516 456509 -151416 -604645
779960 -669942 36041 -742765
769626 900245 176529 -711881
-947239 -897352 -411021 723730
820282 -396957 466185 892872
-295066 74366 758220 -631259
706365 -990908 145245 -779159
935416 -432745 788109 480702
-985296 543291 431609 87126
-717410 -101829 -259627 -39538
-424551 -321767 935416 -432745
834110 -445735 -645489 -4185
-559453 -246411 99333 33455
-55024 -942665 -550030 -828673
-985296 543291 -502879 -604300
-840060 846132 800266 -490957
751990 -898860 -144963 937368
825953 -394496 -782487 19740
466185 892872 -161901 604956
-283330 -376844 -612361 978136
274093 -534998 -267719 513544
-612361 978136 75416 917085
-520258 539688 -913228 736081
204799 -765991 -261563 -164441
-659077 -196222 915460 -903022
-405846 -164869 -228890 -508271
963692 -511725 745368 575693
820282 -396957 693597 681648
-913228 736081 770467 -883382
-739943 -379543 488167 546241
-933504 582914 486732 53245
183349 605548 198895 897285
-34965 187555 -440939 234942
-520258 539688 50738 225104
-739943 -379543 422240 -410464
-724567 18433 -388748 414613
-161901 604956 901671 -862918
-166935 761049 204465 851191
-869 231750 -824802 -658869
800266 -490957 949042 -236042
-405846 -164869 356344 730120
-405846 -164869 540648 -46305
-151416 -604645 53931 -84357
567313 755552 -158488 -78943
825953 -394496 -920474 -5847
99333 33455 -136901 104444
-511485 106046 891138 81502
-812594 994260 395862 551920
884827 -858534 925177 784121
745368 575693 969650 -432894
-448108 855781 -270816 -980629
36041 -742765 -456806 301596
57714 -901186 272618 527754
70431 -389139 -17112 133018
-782487 19740 347657 -502049
-679041 222136 788159 -54499
183349 605548 706365 -990908
274093 -534998 -710379 -89261
-717410 -101829 -388748 414613
286499 -257680 631132 127114
-739943 -379543 16749 857809
-180242 -991231 -470735 945110
-693461 -536930 -442937 971669
-267719 513544 -809691 -755361
-612361 978136 217817 36845
-161901 604956 820282 -396957
-920474 -5847 -346623 367258
422240 -410464 -639549 960443
190483 953941 -228890 -508271
767493 269935 755483 -981126
16088 952336 10728 418463
324629 -944690 -458118 471528
745368 575693 486732 53245
796891 -847043 200832 739953
779960 -669942 -246202 -571191
605561 -261960 -659077 -196222
-158488 -78943 -53526 -427957
-742156 689617 580684 -953389
-158488 -78943 -477114 240333
272618 527754 -607018 -417236
834860 -579662 478967 -545564
-151416 -604645 -902561 -987085
-161901 604956 63012 259889
-17112 133018 693597 681648
-833156 -593215 -125176 -969119
183349 605548 -497368 222466
-261563 -164441 30230 573681
-228890 -508271 -863801 560213
-125383 -81368 -168436 606178
-17112 133018 -511916 415903
808075 -836509 -206734 888224
-388748 414613 18556 825856
938876 -165158 19801 139657
567313 755552 450182 700074
-916950 -146344 177507 216577
-550030 -828673 176529 -711881
567313 755552 -468192 -328200
-840060 846132 201924 -175821
-180242 -991231 -896491 573809
605561 -261960 736372 -138324
884827 -858534 355344 -106277
567488 -280537 567313 755552
-270816 -980629 123241 -706344
-206734 888224 155780 37308
16749 857809 984557 -670817
-550030 -828673 946483 420340
610494 -259858 632426 669144
670986 529172 381572 -25768
925177 784121 30230 573681
-511916 415903 206639 814898
969650 -432894 -270816 -980629
-863801 560213 -415180 -480963
-405846 -164869 806685 -282608
706365 -990908 314833 -767736
-612361 978136 783058 412986
-766218 588721 -497368 222466
-228890 -508271 -732719 -134704
925177 784121 -920474 -5847
-902561 -987085 948425 228311
-766218 588721 352361 164698
-739943 -379543 899510 -608213
-353485 786151 -670111 244720
486732 53245 706843 880343
352361 164698 945871 121016
832062 83955 -190080 -728768
-470735 945110 459841 -490887
-933504 582914 -139157 -116482
-477114 240333 -276739 -50297
125134 -642488 127850 -910329
-177616 474318 -448108 855781
70431 -389139 -850390 733526
964347 -966824 914247 828536
-427225 -995037 203466 746994
884827 -858534 -261563 -164441
733390 -869837 15192 89709
766630 -47800 204465 851191
-739943 -379543 817221 -188810
-228890 -508271 -819394 787171
891138 81502 531949 332829
-442937 971669 -576173 158652
-820198 -692368 823464 -703386
127850 -910329 303711 306184
901671 -862918 706843 880343
-824802 -658869 -238420 -666534
-267719 513544 -61699 803492
-417726 25601 -943297 855224
200832 739953 -238420 -666534
-55024 -942665 -136374 -733637
478967 -545564 -400118 151897
-139157 -116482 194639 120835
-985296 543291 -427225 -995037
838877 526205 127850 -910329
-511485 106046 -659077 -196222
-612361 978136 128188 256145
-983773 402206 87326 345746
-561554 891911 -946849 -732503
610494 -259858 -6982 929703
935416 -432745 771929 182645
-405846 -164869 -781862 877447
969650 -432894 134153 429386
212223 -523471 -859827 -203771
-346623 367258 -221046 -850737
739884 883523 203466 746994
769626 900245 -206343 -798517
580684 -953389 -35468 -839466
145245 -779159 676775 -172571
-34965 187555 -477402 636306
-246202 -571191 212969 -951448
984557 -670817 -755620 902042
217817 36845 -809691 -755361
-259627 -39538 -400765 527064
713671 -85536 -180505 -612069
-283330 -376844 760940 993004
-985296 543291 783058 412986
-561554 891911 946483 420340
-424551 -321767 221992 -470985
964347 -966824 -154918 796042
212969 -951448 -154918 796042
-441936 50362 -125383 -81368
-501204 806727 -458200 -808847
341079 971638 -955996 -101653
-228890 -508271 303711 306184
-190080 -728768 459841 -490887
834860 -579662 50738 225104
825953 -394496 -168034 -628316
-151416 -604645 422240 -410464
706365 -990908 -429825 867257
745368 575693 -28312 -70881
788109 480702 601096 70695
221992 -470985 457732 635422
212223 -523471 16088 952336
605561 -261960 431609 87126
16088 952336 370969 478488
-477114 240333 618027 -499732
201924 -175821 513875 502301
303711 306184 95014 -123365
203516 456509 984557 -670817
-276739 -50297 -833156 -593215
-332868 -5708 680201 -801459
-456806 301596 -840060 846132
-820198 -692368 -945920 -837301
925177 784121 200832 739953
183526 462121 -947239 -897352
145245 -779159 -603830 563932
191681 792210 921998 -43844
-400765 527064 938876 -165158
50738 225104 -289214 385246
-606468 720214 796891 -847043
817221 -188810 703456 -278760
-415180 -480963 34002 841641
-151416 -604645 963692 -511725
628455 -782636 -238420 -666534
796891 -847043 -471597 -215905
-766218 588721 -78536 698606
832062 83955 -333069 -67704
-739943 -379543 601096 70695
567313 755552 -647832 -776583
286499 -257680 -271082 -371338
488167 546241 356344 730120
823464 -703386 381572 -25768
177507 216577 811653 -878738
891138 81502 -118811 252855
183349 605548 -502879 -604300
949042 -236042 -637179 197373
-824802 -658869 -276405 524829
125134 -642488 -804402 -356874
-154918 796042 767493 269935
820282 -396957 99333 33455
206639 814898 -565972 -335895
823464 -703386 -556410 -635999
198895 897285 -125176 -969119
-442937 971669 -794844 -760101
-346623 367258 -270816 -980629
-270816 -980629 684131 -684539
945871 121016 -154918 796042
-983773 402206 746323 -200391
-717233 -894821 -725410 167733
-424551 -321767 543127 763037
-725410 167733 414131 -580220
820282 -396957 -139264 515755
-168034 -628316 488167 546241
-896491 573809 -854216 -482167
-388748 414613 746323 -200391
-276739 -50297 -760198 179630
-920474 -5847 414131 -580220
770467 -883382 -943297 855224
670986 529172 -639549 960443
739884 883523 70431 -389139
190483 953941 930540 -615480
-511485 106046 178779 -979440
416479 -603789 -332868 -5708
-139157 -116482 690356 -152857
431609 87126 821334 -10872
788109 480702 -261563 -164441
-139264 515755 16749 857809
-913228 736081 580684 -953389
-647832 -776583 220742 -589208
274093 -534998 -246202 -571191
-606468 720214 -50418 452560
-814624 -113606 870390 -526545
-525243 77265 580684 -953389
808075 -836509 610494 -259858
478967 -545564 -828068 930894
-501204 806727 -873766 175032
19801 139657 -171064 858358
416479 -603789 899510 -608213
145245 -779159 385764 978109
191681 792210 -159803 -399955
760940 993004 -94657 -275610
347657 -502049 -261563 -164441
739884 883523 -423018 -402433
53931 -84357 -494839 540684
-14102 159276 298778 -33806
-28312 -70881 -877301 518766
-612361 978136 -520258 539688
-902561 -987085 816425 30895
567313 755552 832062 83955
-470735 945110 -594458 257806
-804402 -356874 -561554 891911
-69744 258697 744970 -739527
-388748 414613 -430066 878360
-497368 222466 459841 -490887
204799 -765991 693597 681648
-415180 -480963 123217 -159278
891138 81502 598639 -747983
964347 -966824 -362840 -932228
670986 529172 122801 466514
-55024 -942665 -238420 -666534
-916950 -146344 -276405 524829
690356 -152857 145534 -127170
758220 -631259 -770387 -133417
-511485 106046 355344 -106277
356344 730120 19801 139657
984557 -670817 817178 626189
387553 836030 -761795 225480
190483 953941 -943297 855224
800266 -490957 212223 -523471
414131 -580220 640036 747091
457732 635422 -717233 -894821
-166935 761049 153762 -333568
-902561 -987085 116276 -835300
-154918 796042 -161901 604956
-53526 -427957 -770387 -133417
-261563 -164441 -659077 -196222
693597 681648 -211025 480720
-276405 524829 602574 245145
-69744 258697 793445 -586830
134153 429386 598639 -747983
-94657 -275610 -760198 179630
-850390 733526 713671 -85536
513875 502301 -932547 -851622
-35468 -839466 945871 121016
870390 -526545 50738 225104
395862 551920 123217 -159278
153762 -333568 443607 -515447
200095 -747555 759046 -38218
-166935 761049 -125176 -969119
-53526 -427957 611181 -266509
-920474 -5847 -791760 556121
-766218 588721 190483 953941
-679041 222136 -136901 104444
122801 466514 -295066 74366
870390 -526545 -69528 -11926
690356 -152857 -493664 748153
964347 -966824 912974 74289
788159 -54499 401865 646193
-511485 106046 125815 379522
817178 626189 341396 -388468
817178 626189 177507 216577
531949 332829 10728 418463
-606468 720214 160823 763411
769626 900245 -184424 -664983
-171064 858358 -448108 855781
-916950 -146344 160823 763411
414131 -580220 -216195 50922
-206343 -798517 438703 117546
690356 -152857 200832 739953
200832 739953 771929 182645
438703 117546 -480636 -273851
-423018 -402433 965707 213971
63012 259889 769626 900245
-94657 -275610 -889986 519466
-480636 -273851 -22594 723082
63012 259889 54843 -710868
-594458 257806 543127 763037
-710379 -89261 -276405 524829
925177 784121 912974 74289
385764 978109 387553 836030
755483 -981126 -828068 930894
766630 -47800 -140356 276950
488167 546241 -423018 -402433
-180505 -612069 914315 -845809
53931 -84357 160823 763411
-34965 187555 -879918 308230
-353485 786151 -863551 47397
-61699 803492 -679041 222136
631132 127114 53931 -84357
733390 -869837 -34965 187555
567313 755552 854164 179473
-670111 244720 -804402 -356874
-180242 -991231 454471 826628
-144963 937368 -873766 175032
-511485 106046 -932547 -851622
125134 -642488 -673527 -91977
959133 -651454 860671 -220540
-637179 197373 183526 462121
-879918 308230 490103 664724
-400765 527064 -955996 -101653
-448108 855781 66245 801205
834860 -579662 -140356 276950
800266 -490957 -429825 867257
-267719 513544 8601 172606
870390 -526545 -502879 -604300
949042 -236042 -920474 -5847
178779 -979440 87326 345746
-983773 402206 175652 648643
-346623 367258 -477114 240333
-869 231750 268698 686085
-647832 -776583 -916950 -146344
199540 665428 -31193 472022
272618 527754 -35468 -839466
676775 -172571 438703 117546
203516 456509 268698 686085
-333069 -67704 99333 33455
122801 466514 899510 -608213
870390 -526545 96081 320849
-594458 257806 16088 952336
-276739 -50297 36041 -742765
488167 546241 227928 731837
454471 826628 42219 572780
-760198 179630 478967 -545564
567488 -280537 -812594 994260
793445 -586830 175652 648643
-781862 877447 355344 -106277
823464 -703386 651089 -412972
758220 -631259 885200 900547
99333 33455 627919 310650
-69528 -11926 770467 -883382
385764 978109 631132 127114
531949 332829 -612361 978136
-180242 -991231 -748416 613298
221992 -470985 527030 -473920
788109 480702 15192 89709
127850 -910329 50755 -294292
183349 605548 759046 -38218
-594458 257806 891138 81502
-947239 -897352 622445 -668563
212969 -951448 324629 -944690
-154918 796042 -710379 -89261
370969 478488 210929 21556
443607 -515447 268698 686085
42219 572780 298778 -33806
540648 -46305 -876479 -831206
198895 897285 -429332 491049
690356 -152857 -724710 -642719
-430066 878360 633830 733333
221992 -470985 -556410 -635999
19801 139657 -692767 -704376
531949 332829 -430078 393649
-125383 -81368 -820198 -692368
-206343 -798517 454471 826628
948425 228311 -71702 546994
964347 -966824 -189791 536554
183526 462121 153762 -333568
459841 -490887 -347521 799762
651089 -412972 268698 686085
733390 -869837 212223 -523471
531949 332829 -756624 362790
703456 -278760 -211025 480720
-692767 -704376 -765130 -959334
194639 120835 -391246 387279
-497368 222466 10728 418463
123217 -159278 232790 560079
-276739 -50297 -417726 25601
431609 87126 -429825 867257
-168034 -628316 627919 310650
-710379 -89261 160823 763411
220742 -589208 370969 478488
788159 -54499 -570146 -404012
42219 572780 8601 172606
771929 182645 15192 89709
-525243 77265 -471597 -215905
125134 -642488 -283330 -376844
-362840 -932228 91830 385253
-53526 -427957 259238 -613729
-969827 -828443 183526 462121
684131 -684539 444708 -204648
770467 -883382 34002 841641
746323 -200391 -561554 891911
912974 74289 -555995 -3082
-427225 -995037 -670111 244720
825953 -394496 914315 -845809
-94657 -275610 767493 269935
-732719 -134704 -403235 -653264
758220 -631259 -559453 -246411
-814624 -113606 160823 763411
201924 -175821 -139264 515755
-670111 244720 -511916 415903
-14102 159276 122801 466514
16088 952336 -607018 -417236
177507 216577 -794163 -15185
817178 626189 210929 21556
676775 -172571 16088 952336
-216195 50922 -430078 393649
36041 -742765 -228890 -508271
796891 -847043 -570146 -404012
-35468 -839466 464822 -75192
221992 -470985 -14102 159276
670986 529172 -946652 917535
34002 841641 -876479 -831206
116276 -835300 -944234 -254378
134153 429386 490103 664724
-458118 471528 99511 -921982
-171064 858358 703456 -278760
834110 -445735 -913228 736081
-761795 225480 806159 504294
54843 -710868 834860 -579662
-889986 519466 690356 -152857
965707 213971 -795747 -542694
-766218 588721 -831215 -23773
210929 21556 -283330 -376844
200832 739953 75416 917085
-679041 222136 122801 466514
459841 -490887 602574 245145
116276 -835300 -520258 539688
-794163 -15185 95450 -793345
-161901 604956 228993 677769
-985296 543291 687777 -441060
760940 993004 324629 -944690
739884 883523 -14102 159276
160823 763411 -949039 -532299
387553 836030 220742 -589208
-136374 -733637 959133 -651454
-565972 -335895 297443 881469
969650 -432894 34002 841641
183526 462121 -854216 -482167
-724567 18433 344802 -949452
401865 646193 891138 81502
567313 755552 -765130 -959334
964347 -966824 -125383 -81368
825953 -394496 199540 665428
-556410 -635999 203516 456509
204799 -765991 820282 -396957
-477402 636306 -659077 -196222
50755 -294292 -647832 -776583
324629 -944690 707249 -873741
-136901 104444 914247 828536
573598 -757400 381572 -25768
-458200 -808847 450288 -785787
-770387 -133417 183349 605548
816425 30895 573598 -757400
-947239 -897352 95056 260793
598639 -747983 -497443 367504
736372 -138324 554081 -942664
-424551 -321767 -154918 796042
-670111 244720 -105172 -602134
788109 480702 -105172 -602134
-35468 -839466 651089 -412972
466185 892872 711620 592595
356344 730120 -809691 -755361
-94657 -275610 -944234 -254378
622445 -668563 -185243 552582
-400118 151897 -441936 50362
-985296 543291 628455 -782636
531949 332829 160823 763411
-804402 -356874 -427225 -995037
602574 245145 458419 622225
-710379 -89261 -637179 197373
95450 -793345 -920474 -5847
486732 53245 -159197 -309943
-955996 -101653 -168436 606178
915460 -903022 -477114 240333
771929 182645 186687 -968794
-456806 301596 622445 -668563
-550030 -828673 -840060 846132
-920474 -5847 -833156 -593215
-50418 452560 -931309 -482510
203466 746994 854164 179473
-983773 402206 387553 836030
200832 739953 53931 -84357
-456806 301596 711620 592595
-879918 308230 175322 -201892
860671 -220540 450182 700074
817221 -188810 -594458 257806
-34965 187555 -162658 611256
-168034 -628316 -863920 -802076
-493664 748153 925177 784121
-945920 -837301 458419 622225
758220 -631259 -739943 -379543
-985296 543291 611181 -266509
75416 917085 -576173 158652
-429332 491049 -430066 878360
-933504 582914 -423018 -402433
733390 -869837 -944234 -254378
347657 -502049 201924 -175821
-238420 -666534 706843 880343
760940 993004 176529 -711881
-944234 -254378 -920474 -5847
488167 546241 -427225 -995037
-295066 74366 -511485 106046
200832 739953 -7117 88574
-144963 937368 -596851 -825385
-596851 -825385 -261563 -164441
959133 -651454 -468192 -328200
-955996 -101653 932994 -812786
-105172 -602134 739490 -420908
949042 -236042 632426 669144
605561 -261960 -347521 799762
-782487 19740 -388748 414613
-211025 480720 945871 121016
274093 -534998 938876 -165158
203516 456509 816425 30895
-497368 222466 873686 -578567
-6982 929703 -904222 125597
16749 857809 -603830 563932
8601 172606 -770387 -133417
-916950 -146344 -649571 -838461
605561 -261960 -493664 748153
-717410 -101829 155780 37308
10728 418463 817178 626189
-931309 -482510 200095 -747555
95056 260793 -677895 372954
-606468 720214 -75641 86610
183526 462121 651089 -412972
-261563 -164441 198895 897285
921243 733343 458419 622225
-828068 930894 387553 836030
63012 259889 -765130 -959334
355344 -106277 935416 -432745
-933504 582914 422240 -410464
-877301 518766 -596851 -825385
-296723 119056 204465 851191
-136374 -733637 -291795 838085
347657 -502049 145245 -779159
891138 81502 -211025 480720
-863801 560213 -819209 -897674
770467 -883382 -497368 222466
-831215 -23773 -442937 971669
873686 -578567 160823 763411
-50418 452560 -430066 878360
949042 -236042 204465 851191
-271082 -371338 464822 -75192
-441936 50362 816425 30895
203466 746994 370969 478488
-189791 536554 567488 -280537
-159197 -309943 -433967 794017
-819209 -897674 -440939 234942
-94657 -275610 -807070 536272
527030 -473920 784635 265632
817178 626189 -333069 -67704
-185243 552582 633830 733333
744970 -739527 -717233 -894821
91830 385253 -794163 -15185
210929 21556 -57194 398743
-725410 167733 -50418 452560
-606468 720214 755483 -981126
-947239 -897352 344802 -949452
401865 646193 -101888 -761684
-184424 -664983 -879918 308230
-889986 519466 938876 -165158
220742 -589208 19801 139657
-807070 536272 -50418 452560
-889986 519466 -594458 257806
640036 747091 230162 -20254
-932547 -851622 -755620 902042
627919 310650 370969 478488
946483 420340 -211482 -412373
-739943 -379543 -840060 846132
779960 -669942 946483 420340
-725410 167733 11651 -14805
91830 385253 -168436 606178
632426 669144 36041 -742765
739884 883523 488167 546241
-607018 -417236 -125383 -81368
821334 -10872 -7117 88574
771929 182645 -61699 803492
684131 -684539 -969827 -828443
-403235 -653264 627919 310650
706365 -990908 320690 392975
-502879 -604300 220742 -589208
779960 -669942 -105172 -602134
478967 -545564 -559453 -246411
-850390 733526 320690 392975
-289214 385246 70431 -389139
631132 127114 69 -398272
946483 420340 320690 392975
554081 -942664 -168034 -628316
-819394 787171 935416 -432745
543127 763037 -724710 -642719
-228890 -508271 -211482 -412373
153762 -333568 -861016 -119922
220742 -589208 75416 917085
457732 635422 450182 700074
34002 841641 -1229 960218
-347521 799762 778963 552365
935416 -432745 -144963 937368
-556410 -635999 99333 33455
176529 -711881 -511485 106046
15192 89709 779960 -669942
-748416 613298 -6982 929703
125134 -642488 -417726 25601
217817 36845 69 -398272
-645489 -4185 416479 -603789
-525243 77265 315913 -290675
298778 -33806 -480164 -806739
-180242 -991231 -417726 25601
825953 -394496 834110 -445735
15192 89709 -551895 -515350
901671 -862918 355344 -106277
-276739 -50297 -216195 50922
870390 -526545 344802 -949452
-693461 -536930 782548 440205
-804402 -356874 -57558 -345020
-679041 222136 204799 -765991
-945920 -837301 -291795 838085
554081 -942664 -403235 -653264
834110 -445735 -36270 -426840
10728 418463 580684 -953389
-869 231750 -411021 723730
-57194 398743 -429825 867257
-151416 -604645 -129242 -300243
53931 -84357 -876479 -831206
-400118 151897 550988 468199
75416 917085 -477114 240333
478967 -545564 127850 -910329
341079 971638 -876479 -831206
-902561 -987085 580684 -953389
-920474 -5847 -429332 491049
-61699 803492 356344 730120
199540 665428 -565284 -218918
-69744 258697 186687 -968794
-1229 960218 540648 -46305
-448108 855781 10728 418463
-1229 960218 -189791 536554
-221046 -850737 194263 840499
959133 -651454 459841 -490887
-896491 573809 443607 -515447
-502879 -604300 204799 -765991
746323 -200391 259238 -613729
820282 -396957 227928 731837
123241 -706344 402621 -973666
-794844 -760101 -213530 -414011
458419 622225 614328 -96979
199540 665428 736372 -138324
-840060 846132 873686 -578567
-692767 -704376 274093 -534998
838877 526205 -958437 -590113
119039 81771 -429332 491049
438703 117546 99333 33455
414131 -580220 -863246 -310734
320690 392975 -755620 902042
-765130 -959334 -493664 748153
755483 -981126 -794163 -15185
823464 -703386 702172 -237278
817178 626189 -990665 -704129
-185243 552582 733390 -869837
-612361 978136 -525243 77265
925177 784121 -159197 -309943
531949 332829 739884 883523
8601 172606 601096 70695
-442937 971669 870390 -526545
-400118 151897 -804402 -356874
914315 -845809 567488 -280537
-649571 -838461 30230 573681
422240 -410464 298778 -33806
-125176 -969119 -26192 324572
11651 -14805 -502879 -604300
212223 -523471 54843 -710868
314833 -767736 733390 -869837
-75641 86610 787755 -191354
-403235 -653264 116276 -835300
-1229 960218 -742156 689617
-692767 -704376 381572 -25768
387553 836030 -6982 929703
540648 -46305 817221 -188810
901671 -862918 344802 -949452
873686 -578567 422240 -410464
-742156 689617 -88129 -379506
-259627 -39538 -233386 -476459
-958437 -590113 -216195 50922
-831215 -23773 348989 534222
-555995 -3082 -902561 -987085
-259627 -39538 348989 534222
-494839 540684 91830 385253
355344 -106277 443607 -515447
-480636 -273851 -400765 527064
212223 -523471 -468192 -328200
-71702 546994 -296723 119056
183349 605548 -140356 276950
-869 231750 -861016 -119922
-607018 -417236 -725410 167733
-433967 794017 212969 -951448
-480636 -273851 -388748 414613
-154918 796042 -494839 540684
203466 746994 -276739 -50297
811653 -878738 267962 -131434
-791760 556121 589103 901841
779960 -669942 -699052 316606
-670111 244720 392375 -582574
116276 -835300 -441036 -563760
736372 -138324 -71702 546994
-949039 -532299 767493 269935
778963 552365 851619 -509470
739490 -420908 676775 -172571
884827 -858534 949042 -236042
-607018 -417236 370969 478488
771929 182645 392375 -582574
-781862 877447 -932547 -851622
-206343 -798517 784635 265632
-594458 257806 183349 605548
-125383 -81368 -640826 -448415
-920474 -5847 481025 495727
963692 -511725 -166935 761049
946483 420340 -765130 -959334
-424551 -321767 75416 917085
-430078 393649 341396 -388468
458419 622225 490103 664724
-659077 -196222 -332868 -5708
481025 495727 -210123 -128719
-550030 -828673 341079 971638
212223 -523471 -931309 -482510
-820198 -692368 -616387 708112
352361 164698 -296723 119056
-756624 362790 -647832 -776583
-458200 -808847 946483 420340
355344 -106277 -22594 723082
651089 -412972 964347 -966824
490103 664724 -854216 -482167
348989 534222 796891 -847043
984557 -670817 -423018 -402433
402621 -973666 -717233 -894821
-168034 -628316 -468192 -328200
676775 -172571 -958437 -590113
-559453 -246411 -706773 31418
-184424 -664983 36041 -742765
230162 -20254 602574 245145
414131 -580220 -206734 888224
128188 256145 8601 172606
930540 -615480 123241 -706344
204465 851191 687247 500182
-362840 -932228 -556410 -635999
808075 -836509 204856 -642670
806685 -282608 122801 466514
901671 -862918 177507 216577
948425 228311 866934 935773
176529 -711881 19801 139657
959133 -651454 -430066 878360
178779 -979440 -637179 197373
-949039 -532299 -430066 878360
320690 392975 598639 -747983
-807070 536272 57714 -901186
821334 -10872 370969 478488
128188 256145 63012 259889
-55024 -942665 -831215 -23773
75416 917085 123217 -159278
-502879 -604300 -770387 -133417
-94657 -275610 -692767 -704376
-180505 -612069 430025 -933861
-400118 151897 191419 -955160
-233386 -476459 -794844 -760101
177507 216577 702172 -237278
758220 -631259 -400765 527064
-162658 611256 527030 -473920
745368 575693 935416 -432745
206639 814898 -16379 -197169
217817 36845 191681 792210
-647832 -776583 72080 -99365
-946849 -732503 459841 -490887
-896491 573809 -211482 -412373
-442937 971669 513875 502301
-139157 -116482 -154918 796042
739884 883523 497552 -985952
-35468 -839466 972804 322313
-189791 536554 821334 -10872
-267719 513544 778963 552365
965707 213971 -54628 -387627
-647832 -776583 464822 -75192
324629 -944690 622445 -668563
72080 -99365 42219 572780
-101888 -761684 -725410 167733
-101888 -761684 873686 -578567
443607 -515447 -210123 -128719
457732 635422 286499 -257680
-430078 393649 758220 -631259
177507 216577 91830 385253
949042 -236042 -565972 -335895
580684 -953389 -729798 -537483
392375 -582574 -213692 806778
-211025 480720 -955996 -101653
-791760 556121 -946652 917535
36041 -742765 823464 -703386
459841 -490887 395862 551920
580684 -953389 -429825 867257
-677895 372954 580684 -953389
228993 677769 -206734 888224
-177616 474318 -863551 47397
414131 -580220 355344 -106277
488167 546241 -139264 515755
-761795 225480 -429332 491049
-795747 -542694 -458118 471528
706365 -990908 602574 245145
832062 83955 16749 857809
-693461 -536930 -182968 569073
-724567 18433 -55024 -942665
834860 -579662 -221046 -850737
-717410 -101829 -819209 -897674
550988 468199 145534 -127170
206639 814898 -115788 -99443
-639549 960443 629814 -504238
-794844 -760101 629814 -504238
611181 -266509 -346623 367258
832062 83955 -471597 -215905
736372 -138324 674871 -621939
-261563 -164441 297443 881469
-809691 -755361 -931309 -482510
-101888 -761684 -548919 -339171
486732 53245 -184424 -664983
-441936 50362 -809691 -755361
949042 -236042 -456806 301596
676775 -172571 -136901 104444
228993 677769 788109 480702
-876479 -831206 784635 265632
-78536 698606 -182968 569073
431609 87126 -185243 552582
-180505 -612069 392375 -582574
-781862 877447 385764 978109
-877301 518766 402621 -973666
-259627 -39538 -159803 -399955
598639 -747983 -144963 937368
622445 -668563 -161901 604956
-706773 31418 -122035 -614050
194263 840499 125134 -642488
123241 -706344 194263 840499
-576173 158652 -57194 398743
-497443 367504 -933504 582914
-427225 -995037 50755 -294292
-494839 540684 -296723 119056
873686 -578567 -276405 524829
921243 733343 767493 269935
-184424 -664983 -423018 -402433
138447 -201699 -270816 -980629
-276405 524829 -931309 -482510
175652 648643 870390 -526545
-185243 552582 -471597 -215905
-441936 50362 352361 164698
651089 -412972 -430078 393649
459841 -490887 123241 -706344
959133 -651454 -850390 733526
605561 -261960 134153 429386
932994 -812786 177507 216577
930540 -615480 706365 -990908
766630 -47800 -466113 174181
946483 420340 297443 881469
-69744 258697 567488 -280537
736372 -138324 -78536 698606
-831215 -23773 -748018 -320047
-932547 -851622 -415180 -480963
-417726 25601 443607 -515447
457732 635422 259238 -613729
-125176 -969119 -850390 733526
543127 763037 -221046 -850737
128188 256145 450288 -785787
10728 418463 473776 522467
-576173 158652 392375 -582574
-75641 86610 -497443 367504
-732719 -134704 -75641 86610
-458200 -808847 674871 -621939
18556 825856 901671 -862918
497552 -985952 473776 522467
-122035 -614050 446274 76388
95450 -793345 -854216 -482167
190483 953941 -211482 -412373
702172 -237278 128188 256145
-933504 582914 -114478 -85820
891138 81502 -692767 -704376
-22594 723082 739490 -420908
-570146 -404012 466185 892872
873686 -578567 -732719 -134704
-291795 838085 806685 -282608
-525243 77265 -206734 888224
212969 -951448 128188 256145
-833156 -593215 993207 489150
-353485 786151 199445 244677
125815 379522 95056 260793
-748018 -320047 -458200 -808847
899510 -608213 -877301 518766
347657 -502049 930540 -615480
153762 -333568 -550030 -828673
-22594 723082 820282 -396957
-612361 978136 -943297 855224
817178 626189 -556410 -635999
680201 -801459 -876479 -831206
-6982 929703 662798 -958871
-35468 -839466 183349 605548
-31193 472022 -807070 536272
-717233 -894821 34002 841641
-732719 -134704 -276405 524829
-267719 513544 707249 -873741
702172 -237278 -136374 -733637
-34965 187555 -118811 252855
-931309 -482510 -782487 19740
186687 -968794 347657 -502049
-26192 324572 220742 -589208
959133 -651454 344802 -949452
478967 -545564 784635 265632
-283330 -376844 870390 -526545
-902561 -987085 478967 -545564
-904222 125597 -773803 369779
430025 -933861 -717410 -101829
-69528 -11926 -136374 -733637
-403235 -653264 -679041 222136
540648 -46305 -902561 -987085
54843 -710868 178779 -979440
57714 -901186 431609 87126
866934 935773 788109 480702
199540 665428 -863551 47397
-118811 252855 760940 993004
-477402 636306 702172 -237278
-603830 563932 220742 -589208
-400118 151897 446274 76388
395862 551920 286937 807886
-596851 -825385 -115788 -99443
-756624 362790 -114478 -85820
-794163 -15185 341396 -388468
-480164 -806739 -28312 -70881
-213530 -414011 53931 -84357
341396 -388468 -423018 -402433
925177 784121 -863920 -802076
-983773 402206 95014 -123365
-182968 569073 -442937 971669
-211025 480720 -61699 803492
-869 231750 -78536 698606
-403235 -653264 788109 480702
125134 -642488 -56614 -700164
-151416 -604645 191681 792210
-639549 960443 -261563 -164441
-794844 -760101 459841 -490887
298778 -33806 -405846 -164869
10728 418463 402621 -973666
736372 -138324 201924 -175821
430025 -933861 34002 841641
921998 -43844 -969827 -828443
-189791 536554 614328 -96979
186687 -968794 210929 21556
760940 993004 444708 -204648
116276 -835300 -866117 20400
401865 646193 11651 -14805
-603830 563932 -250071 119311
-291795 838085 946483 420340
-477114 240333 -228890 -508271
793445 -586830 -819394 787171
736372 -138324 -276405 524829
-765130 -959334 -159197 -309943
320690 392975 580684 -953389
-920474 -5847 -34685 -930281
-828068 930894 703456 -278760
778963 552365 740746 -629103
713671 -85536 -442937 971669
387553 836030 232790 560079
200095 -747555 54843 -710868
901671 -862918 707249 -873741
-873766 175032 -353485 786151
-760198 179630 -56614 -700164
-742156 689617 662798 -958871
-6982 929703 176529 -711881
-430078 393649 -565284 -218918
443607 -515447 -271082 -371338
-470735 945110 -471597 -215905
119039 81771 127850 -910329
-75641 86610 -876479 -831206
602574 245145 -854216 -482167
-211025 480720 -233386 -476459
-480164 -806739 739884 883523
-168436 606178 629814 -504238
416479 -603789 711620 592595
-983773 402206 371762 -521301
806685 -282608 298778 -33806
-692767 -704376 324629 -944690
885200 900547 677715 466088
286499 -257680 -180242 -991231
-920474 -5847 938876 -165158
-168436 606178 -748416 613298
567313 755552 834860 -579662
540648 -46305 -466113 174181
466185 892872 -969827 -828443
-353485 786151 666373 -770643
99333 33455 -756624 362790
611181 -266509 395862 551920
-448108 855781 -212003 581634
-673527 -91977 -31193 472022
806685 -282608 -890780 756453
-861016 -119922 473776 522467
206639 814898 -177616 474318
-955996 -101653 356344 730120
921998 -43844 128188 256145
-346623 367258 -607018 -417236
693597 681648 610757 -330882
-949039 -532299 -228890 -508271
543127 763037 -548919 -339171
190483 953941 771929 182645
122801 466514 758220 -631259
-180505 -612069 320690 392975
15192 89709 91830 385253
-863246 -310734 751990 -898860
-362840 -932228 796891 -847043
-889986 519466 -794464 -881071
-185243 552582 61564 -66934
-773803 369779 212969 -951448
416479 -603789 -946849 -732503
347657 -502049 70431 -389139
711620 592595 191681 792210
-211025 480720 -411021 723730
-770387 -133417 -724567 18433
-180242 -991231 50738 225104
194263 840499 443607 -515447
-211025 480720 -677895 372954
-6982 929703 -732719 -134704
-556410 -635999 157836 -875075
993207 489150 232790 560079
-433967 794017 -118811 252855
-732719 -134704 339263 686439
788159 -54499 -863801 560213
-603830 563932 891138 81502
-144963 937368 513875 502301
-221046 -850737 -423018 -402433
-850390 733526 -497443 367504
-576173 158652 -468192 -328200
-166935 761049 -57194 398743
63012 259889 -125383 -81368
-717410 -101829 -347521 799762
481025 495727 -270816 -980629
755483 -981126 -511916 415903
-427225 -995037 767493 269935
767493 269935 54843 -710868
932994 -812786 392375 -582574
-139157 -116482 -213692 806778
-607018 -417236 134153 429386
-276739 -50297 95056 260793
622445 -668563 371762 -521301
746323 -200391 -213692 806778
633830 733333 259238 -613729
-430066 878360 -958437 -590113
-424551 -321767 -190080 -728768
-819209 -897674 -163469 -226444
899510 -608213 -270816 -980629
145534 -127170 964347 -966824
481025 495727 450288 -785787
-154918 796042 -969827 -828443
324629 -944690 -283330 -376844
610757 -330882 -250071 119311
-468192 -328200 -161901 604956
-388748 414613 733390 -869837
430025 -933861 -57194 398743
605561 -261960 -276739 -50297
-556410 -635999 -759173 500343
784635 265632 -555995 -3082
-559453 -246411 965707 213971
175322 -201892 -873766 175032
422240 -410464 -238420 -666534
769626 900245 -945920 -837301
739884 883523 -985296 543291
-724710 -642719 -227228 439754
230162 -20254 800266 -490957
707249 -873741 540648 -46305
232790 560079 50738 225104
540648 -46305 -289214 385246
783058 412986 18556 825856
381572 -25768 -480164 -806739
95056 260793 314833 -767736
268698 686085 760940 993004
-55024 -942665 816425 30895
-958437 -590113 -732719 -134704
458419 622225 -423018 -402433
443607 -515447 -866117 20400
-594458 257806 540648 -46305
-873766 175032 -932547 -851622
703456 -278760 788109 480702
401865 646193 573598 -757400
-151416 -604645 87326 345746
450288 -785787 -794390 737526
711620 592595 820282 -396957
395862 551920 -863920 -802076
-520258 539688 -69744 258697
-35468 -839466 53931 -84357
-850390 733526 711620 592595
-876479 -831206 145245 -779159
-212003 581634 -480164 -806739
759046 -38218 -118811 252855
-477114 240333 -717410 -101829
-809691 -755361 63012 259889
186687 -968794 744970 -739527
-118811 252855 298778 -33806
550988 468199 -863801 560213
99511 -921982 610757 -330882
-990665 -704129 -423018 -402433
-647832 -776583 -125383 -81368
416479 -603789 -278582 112777
702172 -237278 63012 259889
820282 -396957 -946849 -732503
-144963 937368 454471 826628
-78536 698606 760940 993004
352361 164698 459841 -490887
711620 592595 662798 -958871
662798 -958871 93524 -395455
200095 -747555 138447 -201699
347657 -502049 949042 -236042
-114478 -85820 -1229 960218
-729798 -537483 -706773 31418
825953 -394496 50738 225104
42219 572780 817178 626189
554081 -942664 567488 -280537
-814624 -113606 995826 -974987
-477402 636306 -755620 902042
200095 -747555 204799 -765991
-606468 720214 946483 420340
-693461 -536930 -137254 -521380
459841 -490887 -493664 748153
-6982 929703 935416 -432745
778963 552365 -717410 -101829
-55024 -942665 -122035 -614050
-185243 552582 459841 -490887
-333069 -67704 -238420 -666534
227928 731837 745368 575693
-824802 -658869 -877301 518766
-405846 -164869 -804402 -356874
806159 504294 666373 -770643
-34965 187555 -607018 -417236
286937 807886 823464 -703386
-411021 723730 61564 -66934
-945920 -837301 668138 186573
707249 -873741 61564 -66934
127850 -910329 -850390 733526
-494839 540684 19801 139657
-612361 978136 -168436 606178
684131 -684539 -674288 -129321
61564 -66934 -94657 -275610
286937 807886 -332868 -5708
-765130 -959334 755483 -981126
760940 993004 57714 -901186
666373 -770643 -945920 -837301
93524 -395455 674871 -621939
925177 784121 -677895 372954
-958437 -590113 -766218 588721
194639 120835 34002 841641
706365 -990908 -748018 -320047
759046 -38218 -933504 582914
176529 -711881 -717410 -101829
-246202 -571191 -755620 902042
-144963 937368 687777 -441060
430025 -933861 298778 -33806
601096 70695 134153 429386
-795747 -542694 598639 -747983
-955996 -101653 513875 502301
746323 -200391 454471 826628
30230 573681 984557 -670817
444708 -204648 602574 245145
759046 -38218 -206343 -798517
-295066 74366 217817 36845
820282 -396957 -49585 420179
-206343 -798517 -415180 -480963
-556410 -635999 984557 -670817
387553 836030 -471597 -215905
651089 -412972 -773803 369779
-213692 806778 684131 -684539
-955996 -101653 668138 186573
711620 592595 687777 -441060
573598 -757400 -904222 125597
458419 622225 -189791 536554
914247 828536 851619 -509470
-405846 -164869 -649571 -838461
820282 -396957 -603830 563932
-114478 -85820 601096 70695
50738 225104 -983773 402206
-480164 -806739 69 -398272
622445 -668563 -136901 104444
823464 -703386 -904222 125597
-125176 -969119 54843 -710868
16749 857809 935416 -432745
796891 -847043 364643 356044
286937 807886 -168436 606178
767493 269935 -958437 -590113
481025 495727 42219 572780
268698 686085 713671 -85536
670986 529172 303711 306184
932994 -812786 54843 -710868
-267719 513544 212969 -951448
739884 883523 99333 33455
-276739 -50297 125815 379522
370969 478488 938876 -165158
948425 228311 320690 392975
513875 502301 -456806 301596
-766218 588721 221992 -470985
-639549 960443 53931 -84357
921998 -43844 -535304 259327
711620 592595 -748416 613298
220742 -589208 -352118 720603
711620 592595 -480636 -273851
341079 971638 160823 763411
145245 -779159 550988 468199
676775 -172571 324629 -944690
-403235 -653264 -760198 179630
481025 495727 -863920 -802076
-429825 867257 -690301 -647225
-902561 -987085 -7117 88574
53931 -84357 -276739 -50297
-346623 367258 381572 -25768
-551895 -515350 176529 -711881
-724710 -642719 -405846 -164869
395862 551920 -441036 -563760
-162658 611256 -863801 560213
-221046 -850737 -674288 -129321
930540 -615480 702172 -237278
513875 502301 91830 385253
416479 -603789 -362840 -932228
995826 -974987 385764 978109
274093 -534998 95014 -123365
628455 -782636 341396 -388468
-879918 308230 -415180 -480963
-565284 -218918 -913228 736081
567488 -280537 -480636 -273851
-69744 258697 -362840 -932228
-26192 324572 381572 -25768
454471 826628 -271082 -371338
123241 -706344 959133 -651454
-161901 604956 194263 840499
-159803 -399955 119039 81771
95056 260793 -863801 560213
668138 186573 676775 -172571
-101888 -761684 618027 -499732
-189791 536554 206639 814898
-456806 301596 -189791 536554
50755 -294292 -283330 -376844
-677895 372954 739490 -420908
-101888 -761684 194639 120835
-49585 420179 -470735 945110
687777 -441060 128188 256145
-594458 257806 61564 -66934
-289214 385246 387553 836030
631132 127114 935416 -432745
-812594 994260 -26192 324572
914315 -845809 -430078 393649
832062 83955 203516 456509
125134 -642488 -17112 133018
-259627 -39538 631132 127114
-400118 151897 -423018 -402433
-53526 -427957 70431 -389139
-477114 240333 633830 733333
733390 -869837 66245 801205
-511916 415903 -129242 -300243
-673527 -91977 178779 -979440
-69528 -11926 95056 260793
-548919 -339171 75416 917085
370969 478488 -28312 -70881
-877301 518766 -31193 472022
63012 259889 -596851 -825385
-168436 606178 11651 -14805
-876479 -831206 935416 -432745
-760198 179630 -794390 737526
-904222 125597 706365 -990908
-144963 937368 891138 81502
-840060 846132 315913 -290675
598639 -747983 787755 -191354
315913 -290675 -807070 536272
969650 -432894 -766218 588721
-869 231750 860671 -220540
806685 -282608 -647832 -776583
-607018 -417236 -57194 398743
993207 489150 567488 -280537
-139157 -116482 -879918 308230
-677895 372954 811653 -878738
-640826 -448415 231106 948299
341079 971638 70431 -389139
821334 -10872 -606468 720214
157836 -875075 274093 -534998
-227228 439754 -456806 301596
744970 -739527 -136901 104444
348989 534222 622445 -668563
450288 -785787 -637179 197373
-497443 367504 -565972 -335895
959133 -651454 402621 -973666
-659077 -196222 177507 216577
733390 -869837 324629 -944690
733390 -869837 178779 -979440
-333069 -67704 -525243 77265
91830 385253 138447 -201699
54843 -710868 -551895 -515350
-511485 106046 -578421 595487
823464 -703386 -759173 500343
746323 -200391 -790714 611892
212969 -951448 -7117 88574
466185 892872 610757 -330882
-565972 -335895 125815 379522
422240 -410464 444708 -204648
-168034 -628316 925177 784121
543127 763037 860671 -220540
823464 -703386 -430066 878360
395862 551920 95014 -123365
-347521 799762 -670111 244720
497552 -985952 -283330 -376844
-162658 611256 -75641 86610
50738 225104 -766218 588721
755483 -981126 -332868 -5708
-854216 -482167 -765130 -959334
938876 -165158 -773803 369779
344802 -949452 -7117 88574
30230 573681 481025 495727
-576173 158652 -748416 613298
198895 897285 -171064 858358
385764 978109 -791760 556121
228993 677769 -706773 31418
-670111 244720 -596851 -825385
-276739 -50297 272618 527754
-352118 720603 610757 -330882
573598 -757400 739884 883523
-729798 -537483 -26192 324572
885200 900547 -271082 -371338
-458118 471528 -717410 -101829
-933504 582914 -659349 336532
466185 892872 -166935 761049
-213692 806778 782548 440205
-692767 -704376 543127 763037
-267719 513544 371762 -521301
57714 -901186 -14102 159276
364643 356044 -670111 244720
778963 552365 -180242 -991231
-877301 518766 -679041 222136
-427225 -995037 -26192 324572
-267719 513544 614328 -96979
-34965 187555 -125176 -969119
-640826 -448415 204799 -765991
-565972 -335895 580684 -953389
-228890 -508271 -607018 -417236
-56614 -700164 816425 30895
-440939 234942 -699052 316606
-427225 -995037 -742156 689617
183349 605548 -765130 -959334
125134 -642488 -985296 543291
-596851 -825385 194639 120835
153762 -333568 860671 -220540
-441036 -563760 -812594 994260
640036 747091 324629 -944690
914247 828536 259238 -613729
-819394 787171 -295066 74366
212223 -523471 -267719 513544
-765130 -959334 995826 -974987
-699052 316606 -946849 -732503
153762 -333568 61564 -66934
-511916 415903 -430078 393649
540648 -46305 -136374 -733637
769626 900245 -94657 -275610
713671 -85536 -477402 636306
758220 -631259 -659077 -196222
-16379 -197169 965707 213971
-352118 720603 -57558 -345020
231106 948299 -35468 -839466
-271082 -371338 15192 89709
-57194 398743 851619 -509470
-163469 -226444 -71702 546994
788109 480702 860671 -220540
-429825 867257 -161901 604956
95014 -123365 -238420 -666534
628455 -782636 -190080 -728768
972804 322313 -140356 276950
134153 429386 -693461 -536930
543127 763037 950306 865777
-163469 -226444 796891 -847043
-819394 787171 365384 179198
175652 648643 -795747 -542694
627919 310650 416479 -603789
-943297 855224 744970 -739527
-136374 -733637 -876479 -831206
-136901 104444 -985296 543291
-477114 240333 -677895 372954
-34965 187555 -210123 -128719
-213692 806778 -470735 945110
-163469 -226444 473776 522467
610494 -259858 298778 -33806
-819394 787171 314833 -767736
16088 952336 -742156 689617
806685 -282608 527051 900129
286499 -257680 -56614 -700164
-139264 515755 -118811 252855
-477402 636306 286499 -257680
-210123 -128719 -729798 -537483
632426 669144 478967 -545564
816425 30895 -35468 -839466
-400118 151897 -69744 258697
220742 -589208 371762 -521301
-180242 -991231 963692 -511725
-645489 -4185 935416 -432745
365384 179198 817178 626189
817221 -188810 -497443 367504
-863801 560213 948425 228311
-228890 -508271 -955996 -101653
-166935 761049 199445 244677
95056 260793 79477 534518
-659077 -196222 -773803 369779
767493 269935 -431837 793378
932994 -812786 914247 828536
-466113 174181 779960 -669942
-748018 -320047 918528 -682696
-429332 491049 -136374 -733637
-35468 -839466 -34685 -930281
601096 70695 745368 575693
11651 -14805 145245 -779159
-430066 878360 53931 -84357
-333069 -67704 -501204 806727
832062 83955 -794390 737526
-140356 276950 921243 733343
540648 -46305 760940 993004
-88129 -379506 687247 500182
-391246 387279 119039 81771
-78536 698606 95014 -123365
-819394 787171 513875 502301
870390 -526545 -35468 -839466
175322 -201892 -807070 536272
481025 495727 -16379 -197169
-833156 -593215 825953 -394496
16749 857809 -470735 945110
123241 -706344 210929 21556
-105172 -602134 -535304 259327
127850 -910329 230162 -20254
8601 172606 -947239 -897352
-159803 -399955 -362840 -932228
-494839 540684 891138 81502
157836 -875075 -717233 -894821
783058 412986 -717410 -101829
-949039 -532299 191419 -955160
-794390 737526 231106 948299
-261563 -164441 204856 -642670
87326 345746 -756624 362790
-54628 -387627 -276739 -50297
414131 -580220 -69744 258697
-693461 -536930 267962 -131434
-362840 -932228 95450 -793345
-710379 -89261 227928 731837
834110 -445735 751990 -898860
145534 -127170 -637179 197373
-166935 761049 -979242 399334
808075 -836509 -556410 -635999
-415180 -480963 806159 504294
488167 546241 478967 -545564
365384 179198 -525243 77265
527030 -473920 959133 -651454
183526 462121 -415180 -480963
760940 993004 18556 825856
-869 231750 -276739 -50297
-946849 -732503 -869 231750
72080 -99365 8601 172606
-794390 737526 -276739 -50297
-594458 257806 -261563 -164441
-828068 930894 946483 420340
199445 244677 998456 832471
713671 -85536 125815 379522
-480636 -273851 -722240 -883721
-7117 88574 204856 -642670
464822 -75192 984557 -670817
-812594 994260 -945920 -837301
-717410 -101829 925177 784121
-578421 595487 -159803 -399955
-637179 197373 687247 500182
755483 -981126 628455 -782636
-466113 174181 -139157 -116482
860671 -220540 -109923 104987
-645489 -4185 601096 70695
-228890 -508271 -565972 -335895
-36270 -426840 125134 -642488
-31193 472022 42219 572780
-35468 -839466 160823 763411
-228890 -508271 183349 605548
817221 -188810 364643 356044
567313 755552 355344 -106277
395862 551920 -692767 -704376
-57558 -345020 -16379 -197169
-955996 -101653 984557 -670817
34002 841641 -206343 -798517
806685 -282608 739884 883523
832062 83955 -556410 -635999
-677895 372954 740746 -629103
69 -398272 -790714 611892
-969827 -828443 -679041 222136
125815 379522 -833156 -593215
633830 733333 190483 953941
61564 -66934 -159803 -399955
274093 -534998 -55024 -942665
95014 -123365 -943297 855224
-56614 -700164 191681 792210
-649571 -838461 950306 865777
286499 -257680 -388748 414613
430025 -933861 50755 -294292
-710379 -89261 -159197 -309943
-35468 -839466 825953 -394496
946483 420340 -415180 -480963
633830 733333 268698 686085
670986 529172 -180505 -612069
-347521 799762 -717233 -894821
194639 120835 -565284 -218918
231106 948299 50755 -294292
984557 -670817 -31193 472022
-261563 -164441 16749 857809
-791760 556121 -649571 -838461
227928 731837 706843 880343
782548 440205 -415180 -480963
770467 -883382 -814624 -113606
-210123 -128719 341079 971638
834860 -579662 632426 669144
-180242 -991231 -458118 471528
891138 81502 796891 -847043
212223 -523471 199445 244677
629814 -504238 297443 881469
573598 -757400 -748018 -320047
-876479 -831206 -139264 515755
670986 529172 -794844 -760101
925177 784121 602574 245145
315913 -290675 -53526 -427957
-555995 -3082 -210123 -128719
430025 -933861 759046 -38218
-616387 708112 573598 -757400
-861016 -119922 -781862 877447
-54628 -387627 -246202 -571191
611181 -266509 -35468 -839466
771929 182645 -115788 -99443
-259627 -39538 -189791 536554
-109923 104987 416479 -603789
-717233 -894821 138447 -201699
-69528 -11926 444708 -204648
770467 -883382 -511916 415903
-388748 414613 194639 120835
618027 -499732 -706773 31418
370969 478488 611181 -266509
-850390 733526 488167 546241
955874 -450631 -54628 -387627
206639 814898 134153 429386
832062 83955 -184424 -664983
200832 739953 -161901 604956
-603830 563932 687777 -441060
-565972 -335895 702172 -237278
946483 420340 914247 828536
8601 172606 782548 440205
473776 522467 816425 30895
-442937 971669 587261 -796889
935416 -432745 -670111 244720
95056 260793 190483 953941
-466113 174181 745368 575693
965707 213971 -863801 560213
-283330 -376844 646978 -85108
-14102 159276 -69744 258697
8601 172606 -831215 -23773
16088 952336 -276405 524829
286937 807886 965707 213971
-440939 234942 -807070 536272
-639549 960443 -471597 -215905
766630 -47800 413419 285848
381572 -25768 -140356 276950
-804402 -356874 825953 -394496
-551895 -515350 601096 70695
-352118 720603 -693461 -536930
204465 851191 206639 814898
-471597 -215905 666373 -770643
458419 622225 -139264 515755
-56614 -700164 -729798 -537483
969650 -432894 50738 225104
821334 -10872 972804 322313
-69528 -11926 227928 731837
-431837 793378 918528 -682696
646978 -85108 -565284 -218918
19801 139657 190483 953941
-6982 929703 -470735 945110
-431837 793378 430025 -933861
370969 478488 -773803 369779
42219 572780 16749 857809
870390 -526545 160823 763411
-985296 543291 614328 -96979
212969 -951448 -879918 308230
459841 -490887 402621 -973666
703456 -278760 -820198 -692368
-276739 -50297 -470735 945110
891138 81502 832062 83955
783058 412986 95450 -793345
758220 -631259 662798 -958871
808075 -836509 -227228 439754
-559453 -246411 598639 -747983
-565284 -218918 160823 763411
796891 -847043 -717233 -894821
-511916 415903 -177616 474318
-945920 -837301 -118811 252855
79477 534518 -458200 -808847
138447 -201699 339263 686439
-770387 -133417 466185 892872
-985296 543291 -353485 786151
-616387 708112 -270816 -980629
-71702 546994 -125176 -969119
-233386 -476459 771929 182645
-480164 -806739 -955996 -101653
-828068 930894 -50418 452560
-139157 -116482 125134 -642488
935416 -432745 -206734 888224
-429332 491049 707249 -873741
-477114 240333 554081 -942664
816425 30895 -693461 -536930
-761795 225480 -561554 891911
430025 -933861 458419 622225
760940 993004 543127 763037
352361 164698 808075 -836509
-405846 -164869 91830 385253
315913 -290675 782548 440205
486732 53245 95450 -793345
832062 83955 -415180 -480963
-125383 -81368 -706773 31418
-180242 -991231 706843 880343
-616387 708112 610494 -259858
16749 857809 -904222 125597
733390 -869837 -724710 -642719
-405846 -164869 -190080 -728768
459841 -490887 821334 -10872
567313 755552 -471597 -215905
-677895 372954 587261 -796889
18556 825856 -14102 159276
611181 -266509 -430078 393649
-101888 -761684 914315 -845809
-69744 258697 -72662 -172792
-674288 -129321 116276 -835300
95450 -793345 -565284 -218918
-221046 -850737 -56614 -700164
-72662 -172792 303711 306184
459841 -490887 365384 179198
339263 686439 -904222 125597
-72662 -172792 755483 -981126
183526 462121 -859827 -203771
348989 534222 965707 213971
66245 801205 -791760 556121
554081 -942664 870390 -526545
30230 573681 -819209 -897674
466185 892872 274302 114325
-765130 -959334 61564 -66934
984557 -670817 823464 -703386
272618 527754 -440939 234942
454471 826628 -278582 112777
573598 -757400 -180505 -612069
466185 892872 123217 -159278
194263 840499 -69528 -11926
-896491 573809 -28312 -70881
-840060 846132 -296723 119056
-773803 369779 885200 900547
674871 -621939 438703 117546
-122035 -614050 -415180 -480963
666373 -770643 443607 -515447
19801 139657 201924 -175821
-724567 18433 -332868 -5708
66245 801205 -943297 855224
946483 420340 -182968 569073
93524 -395455 -494839 540684
-69528 -11926 387553 836030
666373 -770643 -136901 104444
930540 -615480 303711 306184
-699052 316606 580684 -953389
-423018 -402433 -946849 -732503
-612361 978136 -34685 -930281
-480164 -806739 816425 30895
-794844 -760101 680201 -801459
779960 -669942 -760198 179630
580684 -953389 -189791 536554
706365 -990908 610757 -330882
66245 801205 834110 -445735
36041 -742765 -233386 -476459
779960 -669942 -729798 -537483
-34965 187555 -725410 167733
-724710 -642719 703456 -278760
610757 -330882 -639549 960443
95014 -123365 175322 -201892
-477402 636306 -795747 -542694
901671 -862918 -227228 439754
93524 -395455 -766218 588721
490103 664724 806159 504294
365384 179198 220742 -589208
618027 -499732 -424551 -321767
687777 -441060 -760198 179630
-710379 -89261 -400118 151897
-250071 119311 513875 502301
194263 840499 -980839 311771
770467 -883382 274302 114325
959133 -651454 -477114 240333
-261563 -164441 -861016 -119922
779960 -669942 387553 836030
-72662 -172792 -710379 -89261
8601 172606 825953 -394496
668138 186573 -480636 -273851
481025 495727 796891 -847043
160823 763411 884827 -858534
95450 -793345 -990665 -704129
-773803 369779 -211482 -412373
668138 186573 587261 -796889
-276405 524829 -812594 994260
-458118 471528 945871 121016
-470735 945110 -64483 901183
-417726 25601 614328 -96979
-985296 543291 191419 -955160
-114478 -85820 93524 -395455
177507 216577 -535304 259327
-206343 -798517 371762 -521301
-49585 420179 -804402 -356874
788159 -54499 -502879 -604300
-216195 50922 614328 -96979
779960 -669942 402621 -973666
183349 605548 993207 489150
834110 -445735 -616008 -410708
-139157 -116482 -916950 -146344
-946652 917535 -717233 -894821
-920474 -5847 370969 478488
770467 -883382 -137254 -521380
751990 -898860 580684 -953389
66245 801205 -50418 452560
-896491 573809 75416 917085
-578421 595487 -14102 159276
891138 81502 513875 502301
-125383 -81368 662798 -958871
355344 -106277 204799 -765991
-943297 855224 466185 892872
-212003 581634 -221046 -850737
782548 440205 204799 -765991
891138 81502 635109 326123
-57558 -345020 -612361 978136
-94657 -275610 -333069 -67704
587261 -796889 972804 322313
50738 225104 711620 592595
-423018 -402433 95450 -793345
-261563 -164441 -352118 720603
646978 -85108 -794390 737526
914315 -845809 -725410 167733
11651 -14805 -551895 -515350
-603830 563932 259238 -613729
670986 529172 -270816 -980629
220742 -589208 -69744 258697
459841 -490887 -278582 112777
573598 -757400 733390 -869837
122801 466514 -259627 -39538
540648 -46305 711620 592595
-673527 -91977 50738 225104
-271082 -371338 -427225 -995037
935416 -432745 706365 -990908
854164 179473 -559453 -246411
341396 -388468 -781862 877447
176529 -711881 -109923 104987
-946849 -732503 -794163 -15185
199540 665428 63012 259889
-403235 -653264 -34685 -930281
690356 -152857 -54628 -387627
204799 -765991 -480636 -273851
-819209 -897674 687777 -441060
79477 534518 473776 522467
232790 560079 -877301 518766
-863920 -802076 454471 826628
324629 -944690 -869 231750
-949039 -532299 125134 -642488
125815 379522 -670111 244720
-985296 543291 -616387 708112
-125383 -81368 204799 -765991
-267719 513544 34002 841641
-876479 -831206 204799 -765991
-28312 -70881 610757 -330882
-136374 -733637 771929 182645
668138 186573 -50418 452560
901671 -862918 -291795 838085
-983773 402206 272618 527754
230162 -20254 -137254 -521380
-125383 -81368 194639 120835
949042 -236042 -501204 806727
703456 -278760 -211482 -412373
34002 841641 633830 733333
912974 74289 767493 269935
-429332 491049 413419 285848
-206343 -798517 -877301 518766
-804402 -356874 -958437 -590113
10728 418463 497552 -985952
320690 392975 -212003 581634
15192 89709 -213692 806778
-283330 -376844 387553 836030
-520258 539688 550988 468199
687777 -441060 -189791 536554
-154918 796042 -332868 -5708
993207 489150 -949039 -532299
-756624 362790 -850390 733526
-863801 560213 611181 -266509
787755 -191354 450182 700074
866934 935773 15192 89709
739490 -420908 178779 -979440
