1
2000
869254 451123 595309 270840
595309 270840 980161 68211
869254 451123 54575 -747665
869254 451123 870946 117419
869254 451123 719609 701314
870946 117419 -616210 14429
54575 -747665 -319538 169472
-319538 169472 355537 -975643
-616210 14429 8910 -804501
54575 -747665 -506263 632693
-506263 632693 -368242 194919
595309 270840 -3464 824860
-319538 169472 -124202 887621
-319538 169472 -590940 -345808
595309 270840 -604860 493905
-604860 493905 799639 -631918
595309 270840 601981 448845
-319538 169472 -616344 679095
8910 -804501 355585 911961
799639 -631918 -630119 -294925
8910 -804501 946283 -571439
-630119 -294925 381036 667934
381036 667934 -280358 310829
355585 911961 -80961 -343683
355537 -975643 945534 766498
870946 117419 214684 -199424
-280358 310829 -44755 -627527
-630119 -294925 594855 696008
980161 68211 555340 245578
945534 766498 140790 487330
594855 696008 578569 780487
-368242 194919 -634382 465566
-280358 310829 584340 -906275
-590940 -345808 -500505 -767472
980161 68211 220426 -229559
-634382 465566 276719 419815
140790 487330 -675755 -803760
980161 68211 381036 667934
-3464 824860 -789853 -588741
-675755 -803760 -760116 -355612
946283 -571439 -655011 214177
-675755 -803760 516754 -177739
719609 701314 -138683 844563
54575 -747665 112894 987426
-630119 -294925 214888 624964
-634382 465566 183787 -229875
-630119 -294925 555224 934869
54575 -747665 198897 -551095
595309 270840 962495 -636936
719609 701314 951225 -948229
-3464 824860 581543 3787
869254 451123 650777 28952
-616210 14429 704785 -844870
719609 701314 -679942 372610
112894 987426 -46725 -179251
584340 -906275 -846323 -526975
-846323 -526975 185452 -190329
54575 -747665 253773 674492
381036 667934 599209 -505782
599209 -505782 -980991 -677937
198897 -551095 -321510 -896349
581543 3787 38225 -86886
214888 624964 -862082 -491157
719609 701314 -36308 -811347
-760116 -355612 869254 451123
962495 -636936 -282991 885000
-789853 -588741 613686 -953092
-368242 194919 232351 -639191
555224 934869 -668809 -299721
-616344 679095 -909332 -554057
-675755 -803760 3906 -414293
650777 28952 8910 -804501
594855 696008 -604860 493905
-44755 -627527 -653258 502991
-760116 -355612 -236680 -498491
719609 701314 -919353 950734
-282991 885000 958177 -791678
355537 -975643 160020 -133125
-46725 -179251 -950412 -520583
-668809 -299721 -230361 685667
-321510 -896349 -84187 -737290
3906 -414293 385211 925887
870946 117419 315705 312978
962495 -636936 385211 925887
-319538 169472 -56351 -368080
601981 448845 514018 -855201
-321510 -896349 -823213 -490082
581543 3787 709827 348522
-760116 -355612 -995783 412848
214684 -199424 631591 -664870
-995783 412848 942825 -730957
-919353 950734 -744615 -453991
-236680 -498491 432065 -264594
-321510 -896349 -704136 -121416
38225 -86886 -175790 -951726
-321510 -896349 738500 295220
578569 780487 -66916 769894
942825 -730957 -56351 -368080
140790 487330 -373607 542670
38225 -86886 -630119 -294925
942825 -730957 709827 348522
-506263 632693 44662 -912368
-760116 -355612 888292 857767
-604860 493905 604844 -348715
-36308 -811347 165092 -756101
581543 3787 -701790 -847893
-995783 412848 -689458 876489
232351 -639191 -450019 684461
-124202 887621 185344 372847
-980991 -677937 -236680 -498491
581543 3787 408324 22063
-823213 -490082 -228704 81297
-590940 -345808 -83832 -23488
958177 -791678 186216 596732
-950412 -520583 726934 -961852
-368242 194919 -366693 481731
584340 -906275 -20537 195474
-995783 412848 -862082 -491157
214684 -199424 -997077 472391
220426 -229559 514018 -855201
-56351 -368080 62395 -614730
-36308 -811347 510652 -937802
-46725 -179251 -670387 -40392
-500505 -767472 324859 -248175
704785 -844870 -83832 -23488
54575 -747665 -734316 859532
220426 -229559 764026 822389
232351 -639191 -520107 -126471
-56351 -368080 33712 -122399
945534 766498 385318 -555333
-520107 -126471 -381789 -769690
595309 270840 -180732 -14748
-701790 -847893 869254 451123
980161 68211 -131102 470500
-823213 -490082 -734316 859532
-590940 -345808 709827 348522
555340 245578 -636226 -694141
-995783 412848 594855 696008
-760116 -355612 -137315 -50266
-760116 -355612 -636829 -546655
-616344 679095 801259 -36602
315705 312978 825211 -57787
613686 -953092 -335533 37990
-997077 472391 596351 -192312
510652 -937802 281142 -623810
-950412 -520583 -641316 -144048
516754 -177739 -494253 896305
385318 -555333 -909332 -554057
185452 -190329 346326 -415643
185452 -190329 -486048 -601887
-919353 950734 -657539 -258535
594855 696008 -319538 169472
-636829 -546655 -716551 179141
44662 -912368 58223 -385968
726934 -961852 -144311 477113
704785 -844870 -509592 -965169
198897 -551095 -49375 -598185
604844 -348715 888684 -571137
-319538 169472 -806300 798012
112894 987426 223369 -469830
185452 -190329 -728284 323590
-675755 -803760 -949937 -863579
-180732 -14748 -588026 59783
214888 624964 -794997 532470
-131102 470500 815192 -944445
355537 -975643 542007 422237
-919353 950734 34657 874696
-794997 532470 213346 3372
-657539 -258535 -282991 885000
160020 -133125 -545064 -998492
-675755 -803760 949357 255710
-794997 532470 493445 -882006
980161 68211 387603 -197995
38225 -86886 -781613 -749269
-616344 679095 689196 836844
214684 -199424 230315 142044
-282991 885000 -824500 -276159
604844 -348715 -689458 876489
-734316 859532 -410758 176562
595309 270840 -533428 -804585
230315 142044 -127164 -691541
34657 874696 493445 -882006
-137315 -50266 -509592 -965169
-230361 685667 -310775 -277696
112894 987426 604844 -348715
-590940 -345808 -923110 578504
-80961 -343683 888292 857767
514018 -855201 85782 328790
355585 911961 -387464 -136732
-670387 -40392 -701790 -847893
-657539 -258535 -704136 -121416
-319538 169472 -907698 -622877
555224 934869 -261842 -535860
160020 -133125 -495082 491454
-319538 169472 -679942 372610
-588026 59783 420543 796420
185344 372847 115626 881109
-653258 502991 799639 -631918
825211 -57787 -506263 632693
408324 22063 112894 987426
355537 -975643 385211 925887
324859 -248175 -244784 707539
-137315 -50266 320451 509919
385211 925887 990225 273282
719609 701314 839627 738811
62395 -614730 -520107 -126471
595309 270840 -990161 602691
-124202 887621 -708698 642845
-794997 532470 275237 -102953
951225 -948229 382006 454623
-789853 -588741 315119 258372
-641316 -144048 -616210 14429
230315 142044 -282991 885000
-675755 -803760 89772 896868
-236680 -498491 -533428 -804585
-630119 -294925 -988462 434688
542007 422237 733630 842660
801259 -36602 198897 -551095
595309 270840 710347 -439998
951225 -948229 303189 -323132
385318 -555333 -413397 312693
-949937 -863579 -641316 -144048
942825 -730957 343470 -987348
799639 -631918 -546651 11741
385318 -555333 673348 969272
-794997 532470 44662 -912368
-545064 -998492 -913415 831298
-335533 37990 -588026 59783
-806300 798012 403269 117878
-668809 -299721 432065 -264594
-310775 -277696 -463093 -633441
-668809 -299721 -630119 -294925
232351 -639191 198897 -551095
-794997 532470 118655 584449
595309 270840 -139818 549892
385211 925887 -20537 195474
-616344 679095 117582 391225
117582 391225 214888 624964
-463093 -633441 368151 -613463
320451 509919 -236680 -498491
34657 874696 235890 -802019
-20537 195474 129246 661162
-824500 -276159 259994 467024
949357 255710 -812758 335889
89772 896868 198897 -551095
33712 -122399 -907698 -622877
-520107 -126471 -781801 596320
129246 661162 -494253 896305
-636829 -546655 -102914 -917149
-381789 -769690 320451 509919
34657 874696 17743 151695
815192 -944445 -944216 -172066
-588026 59783 -448226 763917
980161 68211 920776 -312217
613686 -953092 241541 34509
801259 -36602 -230361 685667
183787 -229875 -584373 -101988
726934 -961852 165092 -756101
-282991 885000 590711 147831
-689458 876489 -18242 549262
673348 969272 798137 40830
259994 467024 542007 422237
801259 -36602 -760116 -355612
-794997 532470 -663740 507365
-997077 472391 555340 245578
945534 766498 -668809 -299721
555340 245578 199442 -72417
-679942 372610 88345 525602
8910 -804501 938569 -776795
118655 584449 -919353 950734
38225 -86886 -506263 632693
825211 -57787 733630 842660
951225 -948229 346326 -415643
-616210 14429 111022 -616476
185452 -190329 -367338 -505792
-663740 507365 -821316 673861
276719 419815 367108 -505163
-823213 -490082 214684 -199424
596351 -192312 385211 925887
235890 -802019 -708698 642845
355585 911961 990225 273282
673348 969272 510920 339775
-657539 -258535 149820 -688709
604844 -348715 -102340 327523
825211 -57787 807095 -153177
-335533 37990 -410758 176562
381036 667934 148713 936981
990225 273282 301665 -147765
62395 -614730 -532206 853238
34657 874696 432065 -264594
38225 -86886 -582972 994193
798137 40830 -20537 195474
-228704 81297 62395 -614730
-500505 -767472 784490 -730672
346326 -415643 384615 877501
-368242 194919 -546651 11741
62395 -614730 753013 -849117
-862082 -491157 945534 766498
-949937 -863579 -723264 113450
510652 -937802 -828128 -194414
801259 -36602 650401 456741
253773 674492 186216 596732
89772 896868 704785 -844870
980161 68211 -588379 943660
-588026 59783 650401 456741
185452 -190329 385494 -162896
-373607 542670 -506263 632693
-744615 -453991 346326 -415643
599209 -505782 -214400 -754535
34657 874696 -131102 470500
368151 -613463 -373000 -74764
315119 258372 38225 -86886
-653258 502991 837601 588434
753013 -849117 -20537 195474
-500505 -767472 709827 348522
148713 936981 -532206 853238
148713 936981 223369 -469830
-988462 434688 -506263 632693
584340 -906275 43023 617399
346326 -415643 608023 -186817
-44755 -627527 277858 103790
799639 -631918 359289 -310799
-282991 885000 -606651 185009
34657 874696 -49891 155230
650777 28952 299138 72550
-781801 596320 238144 387892
-175790 -951726 626639 74837
-413397 312693 -878463 -606812
764026 822389 -701790 -847893
726934 -961852 -232133 -587331
-410758 176562 -731691 617696
-83832 -23488 -72205 -882250
-606651 185009 -701790 -847893
-789853 -588741 -968239 444398
733630 842660 -25943 -487177
-980991 -677937 -359719 983139
385494 -162896 89606 595943
825211 -57787 -913415 831298
673348 969272 831741 -991987
581543 3787 734913 530728
-494253 896305 860071 533540
-450019 684461 -973662 368733
235890 -802019 -294723 -325522
-359719 983139 198892 452799
-509592 -965169 -944216 -172066
129246 661162 885140 -432566
-728284 323590 951225 -948229
-486048 -601887 432065 -264594
-584373 -101988 -138683 844563
-723264 113450 -407822 -719392
403269 117878 -89011 -611729
870946 117419 414182 464794
160020 -133125 -395716 -775013
-588026 59783 33712 -122399
111022 -616476 -476137 785574
-689458 876489 153859 309381
709827 348522 -373607 542670
-723264 113450 -99561 665794
198897 -551095 -618403 -698545
-83832 -23488 -533428 -804585
689196 836844 613686 -953092
888292 857767 -158074 -393166
949357 255710 -72205 -882250
514018 -855201 226793 287367
-49891 155230 -943883 38693
118655 584449 801259 -36602
33712 -122399 220426 -229559
-949937 -863579 505415 -962914
608023 -186817 322486 616069
-675755 -803760 555224 934869
-907698 -622877 129246 661162
-846323 -526975 320451 509919
-495082 491454 92566 -355167
92566 -355167 384615 877501
-968239 444398 -513377 -807293
990225 273282 514018 -855201
710347 -439998 664628 -374146
-83832 -23488 -823213 -490082
-716551 179141 461560 697612
514018 -855201 -616344 679095
226793 287367 351586 569874
-546651 11741 -265513 -427069
-923110 578504 937341 943418
942825 -730957 -781613 -749269
-367338 -505792 908898 -170154
384615 877501 -950412 -520583
-49891 155230 -228704 81297
-84187 -737290 13698 127844
650401 456741 165092 -756101
-294723 -325522 -236680 -498491
385494 -162896 -702614 -155535
-949937 -863579 -840493 570635
140790 487330 158389 78419
33712 -122399 -950412 -520583
-878463 -606812 492885 -889131
54575 -747665 689119 -440211
870946 117419 367108 -505163
-137315 -50266 -847007 -57605
962495 -636936 115626 881109
276719 419815 461560 697612
160020 -133125 650401 456741
-781613 -749269 947656 204601
-744615 -453991 -807247 977218
-321510 -896349 -89011 -611729
719609 701314 -634382 465566
238144 387892 281142 -623810
387603 -197995 -367338 -505792
303189 -323132 980161 68211
-359719 983139 -495082 491454
185452 -190329 -520107 -126471
420543 796420 220426 -229559
-716551 179141 -634382 465566
860071 533540 -846323 -526975
949357 255710 384615 877501
387603 -197995 -962329 -953943
726934 -961852 319338 163262
-494253 896305 595309 270840
-824500 -276159 -791998 -556354
-995783 412848 422246 -8580
-723264 113450 -502140 110935
738500 295220 815192 -944445
238144 387892 365226 -984110
510652 -937802 3906 -414293
-84187 -737290 -99561 665794
962495 -636936 497037 -255736
-294723 -325522 -980991 -677937
947656 204601 937341 943418
719609 701314 -636226 -694141
885140 -432566 -988462 434688
299138 72550 -102340 327523
117582 391225 -620460 -991028
-319538 169472 -310775 -277696
-616344 679095 -864571 -845768
92566 -355167 -909332 -554057
-980991 -677937 868172 -842439
-545064 -998492 -359719 983139
-689458 876489 -910981 -2814
-604860 493905 281142 -623810
-616344 679095 -502140 110935
798137 40830 154967 33260
942825 -730957 -314648 990253
-410758 176562 -997077 472391
-89011 -611729 -72205 -882250
85782 328790 204004 -425469
-282991 885000 198897 -551095
-616344 679095 -213802 -360406
869254 451123 -282991 885000
92566 -355167 697092 894818
-616210 14429 381036 667934
-588379 943660 154856 648770
-44755 -627527 154856 648770
33712 -122399 733630 842660
-913415 831298 650401 456741
-670387 -40392 -781613 -749269
946283 -571439 -450005 684267
-962329 -953943 726934 -961852
868172 -842439 -428491 599134
510920 339775 -223534 661410
414182 464794 -203871 -265956
-213802 -360406 186216 596732
461560 697612 710347 -439998
-84187 -737290 203358 593451
199442 -72417 117582 391225
-950412 -520583 185344 372847
-807247 977218 34657 874696
281142 -623810 -223534 661410
-657539 -258535 63525 -165741
355537 -975643 788091 -347337
165092 -756101 3906 -414293
-606651 185009 -991253 -627838
38225 -86886 -389529 946612
-744615 -453991 868172 -842439
-368242 194919 -828128 -194414
382006 454623 -500505 -767472
149820 -688709 303189 -323132
945534 766498 966392 426451
947656 204601 214684 -199424
89772 896868 807095 -153177
315119 258372 388810 957456
798137 40830 -919353 950734
-973662 368733 -523621 -609573
384615 877501 185344 372847
-127164 -691541 -641316 -144048
-704136 -121416 -365076 912235
868172 -842439 277858 103790
888292 857767 894584 -775361
-545064 -998492 -668809 -299721
-387464 -136732 228740 34048
938569 -776795 154856 648770
355537 -975643 424711 599570
626639 74837 424711 599570
230315 142044 185344 372847
422246 -8580 -655011 214177
-373607 542670 -636829 -546655
-20537 195474 -862082 -491157
8910 -804501 281142 -623810
613686 -953092 -39874 538942
-236680 -498491 938569 -776795
689119 -440211 154856 648770
359289 -310799 299138 72550
-36308 -811347 964588 170868
-66916 769894 454598 936437
-495082 491454 737434 -184895
-620460 -991028 -812758 335889
-760116 -355612 -486048 -601887
281142 -623810 395113 725922
837601 588434 381036 667934
737434 -184895 -988201 141814
-513377 -807293 -978184 109421
-944216 -172066 275237 -102953
-139818 549892 -49375 -598185
937341 943418 58223 -385968
-158074 -393166 514018 -855201
-213802 -360406 947656 204601
385318 -555333 693724 396672
-606651 185009 -971337 -170296
385211 925887 -823213 -490082
-500505 -767472 637145 -664040
-655011 214177 704785 -844870
-907698 -622877 -847007 -57605
-56351 -368080 -410758 176562
831741 -991987 738500 295220
-794997 532470 -840493 570635
-131102 470500 160020 -133125
-236680 -498491 -20537 195474
514018 -855201 -506263 632693
34657 874696 -570385 -512410
584340 -906275 968352 321329
148713 936981 -350416 218921
-56351 -368080 947656 204601
54575 -747665 581543 3787
-230361 685667 115626 881109
-448226 763917 539386 225364
-359719 983139 97695 -412193
281142 -623810 261818 -175001
733630 842660 376030 166016
-807247 977218 966392 426451
-365076 912235 378243 -568033
235890 -802019 555224 934869
214888 624964 -679942 372610
382006 454623 -644416 -24093
-847007 -57605 385494 -162896
-124202 887621 830152 798813
112894 987426 89606 595943
324859 -248175 -687529 -425192
599209 -505782 -962722 415133
516754 -177739 815851 -811553
241541 34509 -657539 -258535
-943883 38693 89606 595943
-655011 214177 -230767 889725
-991253 -627838 44662 -912368
-821316 673861 213346 3372
-980991 -677937 -807247 977218
949357 255710 303189 -323132
-641316 -144048 30813 783733
689196 836844 990077 -535653
-663740 507365 -781801 596320
-630119 -294925 -373607 542670
-588379 943660 -963603 -180080
604844 -348715 -319538 169472
604844 -348715 542007 422237
387603 -197995 405585 -921296
220426 -229559 581543 3787
223369 -469830 -906775 109499
-407822 -719392 353644 199274
319338 163262 -461820 899994
111022 -616476 -675755 -803760
801259 -36602 -161162 -840575
-606651 185009 -89011 -611729
140790 487330 118520 -481100
937341 943418 -265513 -427069
-913415 831298 163196 495416
319338 163262 220426 -229559
185452 -190329 -481900 -409570
-486048 -601887 390161 838484
115626 881109 -502140 110935
117582 391225 320451 509919
-335533 37990 275237 -102953
62395 -614730 650777 28952
-139818 549892 510652 -937802
112894 987426 860071 533540
235890 -802019 118655 584449
-223534 661410 491010 -997333
964588 170868 1367 -15337
253773 674492 631873 -306099
958177 -791678 -582972 994193
-545064 -998492 -910981 -2814
226793 287367 -282991 885000
958177 -791678 403269 117878
-83832 -23488 385023 -274465
704785 -844870 -139818 549892
405585 -921296 115626 881109
-89011 -611729 307988 -248784
539386 225364 365226 -984110
158389 78419 -265513 -427069
590711 147831 461560 697612
-72205 -882250 351586 569874
815192 -944445 -732661 95861
235890 -802019 355585 911961
-102340 327523 -33173 -430136
-373607 542670 976105 861045
596351 -192312 -744615 -453991
343470 -987348 390161 838484
-236680 -498491 -588379 943660
825211 -57787 388810 957456
555340 245578 43023 617399
650401 456741 -20537 195474
-701790 -847893 -657964 -483909
-395716 -775013 -794997 532470
-636226 -694141 1367 -15337
-704136 -121416 807095 -153177
693724 396672 -61142 -212114
158389 78419 -570385 -512410
-500505 -767472 711807 -959071
-878463 -606812 -25943 -487177
734913 530728 230315 142044
626639 74837 282602 -699208
-689458 876489 -919353 950734
-137315 -50266 213346 3372
44662 -912368 -223534 661410
-523621 -609573 -409503 926893
-25943 -487177 453373 -95334
-495082 491454 -288835 -354398
764026 822389 -962722 415133
-546651 11741 185452 -190329
-995783 412848 -582972 994193
97695 -412193 -389058 224021
-49375 -598185 628854 3568
608023 -186817 149820 -688709
-381789 -769690 218359 400583
946283 -571439 -840493 570635
-687529 -425192 183787 -229875
92566 -355167 382006 454623
38225 -86886 282602 -699208
376030 166016 -463093 -633441
801259 -36602 -33173 -430136
801259 -36602 -303649 -619900
165092 -756101 601981 448845
-791998 -556354 385318 -555333
-968239 444398 362070 -781456
-520107 -126471 719217 -769265
-373607 542670 -336263 -168569
-520107 -126471 -133613 -861988
-781613 -749269 -791803 -896573
149820 -688709 719609 701314
111022 -616476 -794997 532470
-846323 -526975 -230767 889725
942825 -730957 385023 -274465
-653258 502991 230922 -831707
937341 943418 359289 -310799
432065 -264594 -988462 434688
830152 798813 -532206 853238
-230767 889725 -968239 444398
-39874 538942 -743916 981399
-980991 -677937 103302 -476374
253773 674492 -509592 -965169
198897 -551095 232493 42778
-532206 853238 153859 309381
282602 -699208 -373000 -74764
-127164 -691541 118520 -481100
-878463 -606812 -650215 -857691
54575 -747665 -663740 507365
43023 617399 -406772 200566
324859 -248175 -303649 -619900
798137 40830 -791803 -896573
-791803 -896573 185452 -190329
-919353 950734 -920203 -788757
-214400 -754535 -443389 -177519
-760116 -355612 -230361 685667
-230767 889725 709827 348522
112894 987426 523699 705147
689196 836844 -640220 402592
514018 -855201 -713935 -321683
275237 -102953 453373 -95334
734913 530728 44662 -912368
595309 270840 968352 321329
149820 -688709 320451 509919
390161 838484 -228704 81297
689119 -440211 555224 934869
-988462 434688 395113 725922
-636829 -546655 -203871 -265956
689119 -440211 -620460 -991028
-973662 368733 -480091 -478601
-25943 -487177 -693768 55731
384615 877501 -687529 -425192
-335533 37990 -556459 -246621
385211 925887 -158074 -393166
-616344 679095 709827 348522
405585 -921296 544327 -796981
281142 -623810 -450019 684461
387603 -197995 98426 -508597
-288835 -354398 115626 881109
214888 624964 387603 -197995
799639 -631918 -520107 -126471
-20537 195474 883897 -604548
-950412 -520583 -280358 310829
-744615 -453991 697092 894818
-18242 549262 -550438 961665
-906775 109499 945534 766498
-636226 -694141 68507 989338
595309 270840 -321510 -896349
-39874 538942 -732661 95861
385494 -162896 601400 -940302
-381789 -769690 719609 701314
-640220 402592 676296 -801234
226793 287367 915439 493413
213346 3372 -365076 912235
218359 400583 801259 -36602
555224 934869 737686 -221082
54575 -747665 -546651 11741
801259 -36602 -142293 -645376
-789853 -588741 140612 898096
-864571 -845768 -997994 -79141
-913415 831298 -862082 -491157
198892 452799 -550438 961665
129246 661162 -781613 -749269
599209 -505782 -655011 214177
281142 -623810 67403 -6252
-988462 434688 282602 -699208
204004 -425469 242331 -861467
-636829 -546655 -309322 837322
-701790 -847893 -731691 617696
-995783 412848 454598 936437
711807 -959071 -463093 -633441
830152 798813 737686 -221082
-127164 -691541 -663740 507365
962495 -636936 -878463 -606812
734913 530728 8910 -804501
-995783 412848 191950 67317
424711 599570 663463 -652065
-463093 -633441 385211 925887
408324 22063 203358 593451
-158074 -393166 230922 -831707
-367338 -505792 596351 -192312
-463093 -633441 908898 -170154
160020 -133125 -990161 602691
-634382 465566 191950 67317
544327 -796981 362070 -781456
-389529 946612 -33173 -430136
199442 -72417 958177 -791678
719217 -769265 590711 147831
355537 -975643 -527853 191669
203358 593451 -764549 -543016
-461820 899994 -450005 684267
-158074 -393166 -804996 -62092
693724 396672 -365076 912235
-133613 -861988 403269 117878
-366693 481731 -476178 75622
510652 -937802 -808961 -81301
-618403 -698545 -450005 684267
-824500 -276159 825211 -57787
-806300 798012 432065 -264594
-486048 -601887 -588379 943660
-962329 -953943 -533428 -804585
301665 -147765 523699 705147
140612 898096 733630 842660
942825 -730957 -823213 -490082
359289 -310799 13741 -978541
-980991 -677937 -550438 961665
154856 648770 3906 -414293
-864571 -845768 -144311 477113
385318 -555333 883897 -604548
63525 -165741 -450005 684267
831741 -991987 -789853 -588741
-387464 -136732 -909332 -554057
-448226 763917 951166 -18428
13698 127844 -971337 -170296
-33173 -430136 230301 953866
-367338 -505792 -821316 673861
-520107 -126471 -373000 -74764
523699 705147 244163 901757
395113 725922 -491942 -610212
362070 -781456 516754 -177739
385023 -274465 -856061 471861
-387464 -136732 -940567 518926
140790 487330 -702614 -155535
-944216 -172066 -99561 665794
34657 874696 751021 579645
825211 -57787 -862082 -491157
-213802 -360406 737434 -184895
599209 -505782 578569 780487
-679942 372610 -282991 885000
942825 -730957 -606651 185009
-545064 -998492 362070 -781456
753013 -849117 693724 396672
869254 451123 -131102 470500
-20537 195474 453373 -95334
-723264 113450 -175790 -951726
-133613 -861988 831741 -991987
-476178 75622 703855 -261456
-410758 176562 387603 -197995
214888 624964 -232133 -587331
-314648 990253 -52632 58023
-520107 -126471 -644416 -24093
-99561 665794 344317 -487421
697092 894818 365226 -984110
-309322 837322 477323 133290
477323 133290 755842 543567
-636829 -546655 -16364 -478079
915439 493413 199442 -72417
-906775 109499 -158074 -393166
663463 -652065 8910 -804501
424711 599570 -657964 -483909
259994 467024 946283 -571439
-794997 532470 -731691 617696
355537 -975643 238144 387892
232351 -639191 429546 441089
-142293 -645376 3906 -414293
-687529 -425192 945534 766498
112894 987426 -550438 961665
343470 -987348 -675755 -803760
230301 953866 -244784 707539
815851 -811553 238144 387892
-448226 763917 -142293 -645376
89606 595943 499551 862092
185452 -190329 -342740 987863
17743 151695 947656 204601
594855 696008 13698 127844
-232133 -587331 915439 493413
218359 400583 204004 -425469
-303649 -619900 -963603 -180080
-781801 596320 58223 -385968
693724 396672 -907698 -622877
-910981 -2814 -644416 -24093
-500505 -767472 230301 953866
112894 987426 -764549 -543016
601400 -940302 -990161 602691
-161162 -840575 -194760 417666
-636226 -694141 631591 -664870
962495 -636936 -940567 518926
-878463 -606812 6837 -870641
241541 34509 323556 62056
-653258 502991 320451 509919
-406772 200566 -813458 877653
-99561 665794 385211 925887
-995783 412848 -663740 507365
-139818 549892 112894 987426
89772 896868 303189 -323132
-282991 885000 -995895 628038
324859 -248175 -72205 -882250
344317 -487421 -743916 981399
-713935 -321683 6837 -870641
798137 40830 -670387 -40392
-944216 -172066 793000 349946
601981 448845 230315 142044
242331 -861467 -154519 659867
163196 495416 -494253 896305
-616344 679095 -164118 455913
-84187 -737290 -137315 -50266
63525 -165741 799639 -631918
461560 697612 346326 -415643
112894 987426 235890 -802019
85782 328790 815851 -811553
198897 -551095 213346 3372
-481900 -409570 98426 -508597
788091 -347337 -224479 268088
453373 -95334 89606 595943
962495 -636936 461560 697612
-133613 -861988 -288835 -354398
938569 -776795 158389 78419
-321510 -896349 378243 -568033
319338 163262 937341 943418
-164118 455913 581543 3787
-513377 -807293 -807247 977218
523699 705147 324859 -248175
-180732 -14748 578569 780487
689119 -440211 89772 896868
-856061 471861 -968016 971473
860071 533540 -191602 -30203
689119 -440211 121642 353415
307988 -248784 246575 184828
990225 273282 -500505 -767472
868172 -842439 -920203 -788757
232493 42778 368151 -613463
-450005 684267 -668809 -299721
367108 -505163 -288835 -354398
-940567 518926 -731691 617696
-910981 -2814 -137315 -50266
631873 -306099 242331 -861467
492885 -889131 62395 -614730
-450005 684267 -941763 788658
738500 295220 -616210 14429
-80961 -343683 581543 3787
-3464 824860 6837 -870641
121642 353415 755842 543567
203358 593451 -584373 -101988
432065 -264594 -751340 110583
367108 -505163 942825 -730957
-61142 -212114 228740 34048
-319538 169472 -791998 -556354
276719 419815 -668809 -299721
-657539 -258535 -641316 -144048
-232133 -587331 230315 142044
-546651 11741 870946 117419
343470 -987348 -620460 -991028
-846323 -526975 726934 -961852
-99561 665794 307988 -248784
429546 441089 432065 -264594
951225 -948229 191950 67317
801259 -36602 -781801 596320
-997077 472391 13698 127844
938569 -776795 -734316 859532
-584373 -101988 -164118 455913
-244784 707539 -191602 -30203
-450005 684267 185344 372847
544327 -796981 359289 -310799
320451 509919 726934 -961852
650777 28952 637462 456280
228740 34048 -389058 224021
-716551 179141 -530390 -772783
-373000 -74764 -812758 335889
-545064 -998492 385211 925887
578569 780487 -56351 -368080
555340 245578 -632765 275064
-44755 -627527 34657 874696
43023 617399 54575 -747665
-804996 -62092 801259 -36602
-546651 11741 -287134 17530
-139818 549892 355537 -975643
870946 117419 -588379 943660
414182 464794 -751340 110583
299138 72550 688806 87182
-751340 110583 -913415 831298
160020 -133125 359599 104564
-693768 55731 966392 426451
-476137 785574 920776 -312217
-728284 323590 216712 -213573
359289 -310799 111022 -616476
703855 -261456 88345 525602
516754 -177739 204004 -425469
385211 925887 165092 -756101
-406772 200566 6837 -870641
-990161 602691 163196 495416
388810 957456 -52632 58023
-476178 75622 -214400 -754535
320451 509919 -142293 -645376
-366693 481731 908898 -170154
958177 -791678 650401 456741
885140 -432566 -265513 -427069
-971337 -170296 235890 -802019
-102340 327523 198897 -551095
185344 372847 908063 854326
-373000 -74764 -427673 680260
831741 -991987 -294723 -325522
676296 -801234 -408617 795258
230315 142044 -971337 -170296
631591 -664870 89606 595943
-387464 -136732 315119 258372
154967 33260 -3464 824860
964588 170868 -728284 323590
-807247 977218 351586 569874
915439 493413 737686 -221082
-636829 -546655 -180732 -14748
97695 -412193 885140 -432566
-154519 659867 676296 -801234
-303649 -619900 343470 -987348
837601 588434 -154519 659867
-791803 -896573 -427673 680260
160020 -133125 -910981 -2814
-180732 -14748 958177 -791678
-407822 -719392 -161162 -840575
937341 943418 626639 74837
673348 969272 784490 -730672
-862082 -491157 976105 861045
405585 -921296 204004 -425469
-807247 977218 387603 -197995
601400 -940302 -760116 -355612
-650215 -857691 319338 163262
-523621 -609573 89772 896868
-910981 -2814 216712 -213573
98426 -508597 62395 -614730
422246 -8580 755842 543567
-366693 481731 -303649 -619900
-781613 -749269 148713 936981
608023 -186817 214684 -199424
-294723 -325522 784490 -730672
-49891 155230 230315 142044
355585 911961 -180732 -14748
186216 596732 -350416 218921
414182 464794 493445 -882006
98426 -508597 688806 87182
837601 588434 485157 -699178
204004 -425469 -232133 -587331
-408617 795258 737686 -221082
-368242 194919 185452 -190329
-821316 673861 825211 -57787
-821316 673861 408324 22063
628854 3568 185452 -190329
34657 874696 63525 -165741
68507 989338 -44755 -627527
951166 -18428 411805 198936
-303649 -619900 -288835 -354398
738500 295220 -806300 798012
676296 -801234 259994 467024
709827 348522 -523621 -609573
-704136 -121416 -590940 -345808
92566 -355167 -878463 -606812
-980991 -677937 165092 -756101
-502140 110935 198892 452799
-620460 -991028 -158806 -337399
942825 -730957 -164118 455913
-127164 -691541 -570385 -512410
103302 -476374 -142293 -645376
870946 117419 6837 -870641
154967 33260 673348 969272
-907698 -622877 -789853 -588741
-864571 -845768 870946 117419
30813 783733 856876 214750
947656 204601 390161 838484
601981 448845 908898 -170154
429546 441089 -856061 471861
-287134 17530 -582972 994193
-25943 -487177 951225 -948229
539386 225364 869254 451123
539386 225364 -368242 194919
-687529 -425192 3906 -414293
112894 987426 -214400 -754535
-83832 -23488 491010 -997333
385211 925887 -49375 -598185
477323 133290 -373607 542670
-907698 -622877 38225 -86886
888292 857767 -751340 110583
-203871 -265956 191950 67317
214684 -199424 -461820 899994
230922 -831707 -319538 169472
-582972 994193 218359 400583
-704136 -121416 -582972 994193
-941763 788658 206191 256057
689119 -440211 -3464 824860
-913415 831298 -764549 -543016
-732661 95861 -500505 -767472
-175790 -951726 708623 819239
-463093 -633441 -760116 -355612
590711 147831 -303649 -619900
-910981 -2814 -73938 924131
-194760 417666 259994 467024
830152 798813 118520 -481100
-520107 -126471 -335533 37990
-910981 -2814 823716 -118306
-734316 859532 -203871 -265956
1367 -15337 -389058 224021
631873 -306099 -387464 -136732
-781801 596320 -687529 -425192
-158806 -337399 323556 62056
801259 -36602 -413397 312693
-550438 961665 -962722 415133
359599 104564 198897 -551095
505415 -962914 58223 -385968
704785 -844870 908063 854326
34657 874696 355585 911961
915439 493413 499551 862092
-990161 602691 -616344 679095
-310775 -277696 -997994 -79141
203358 593451 -791803 -896573
-373000 -74764 837601 588434
92566 -355167 -131102 470500
319338 163262 -158806 -337399
-906775 109499 -486105 775075
206191 256057 276983 619981
-367338 -505792 -653258 502991
-144311 477113 492885 -889131
-940567 518926 734913 530728
-158806 -337399 951166 -18428
-230767 889725 -640220 402592
-223534 661410 365226 -984110
-760116 -355612 -847007 -57605
422246 -8580 -693768 55731
-840493 570635 -228704 81297
-309322 837322 -510020 79317
-950412 -520583 811755 -309099
-988462 434688 -495082 491454
-806300 798012 461560 697612
30813 783733 626639 74837
523699 705147 422246 -8580
-175790 -951726 204004 -425469
-655011 214177 223369 -469830
276983 619981 510652 -937802
-604860 493905 -943883 38693
319338 163262 230315 142044
-907698 -622877 -336263 -168569
726934 -961852 -342740 987863
704785 -844870 118520 -481100
118655 584449 -191602 -30203
-828128 -194414 157919 964553
-728284 323590 650777 28952
-389529 946612 -336263 -168569
-223534 661410 -3464 824860
-137315 -50266 -808961 -81301
-20537 195474 261818 -175001
359599 104564 -409503 926893
387603 -197995 -728284 323590
764026 822389 884117 981910
-481900 -409570 359599 104564
276719 419815 -988462 434688
505415 -962914 -670387 -40392
422246 -8580 966392 426451
-154519 659867 750117 -236355
30813 783733 -463093 -633441
499551 862092 711807 -959071
539386 225364 -500505 -767472
232493 42778 149820 -688709
888292 857767 -897264 88753
-164118 455913 -261842 -535860
-381789 -769690 -962722 415133
-319538 169472 198892 452799
244163 901757 -223534 661410
-791803 -896573 368151 -613463
980161 68211 -506263 632693
315119 258372 689119 -440211
-223534 661410 367108 -505163
214888 624964 -5590 -426487
-943883 38693 650777 28952
153859 309381 514018 -855201
213346 3372 301665 -147765
825211 -57787 738500 295220
793000 349946 -545064 -998492
870946 117419 -18242 549262
-413397 312693 -789853 -588741
-973662 368733 778921 -938304
-546651 11741 -49891 155230
385211 925887 385023 -274465
-663740 507365 226793 287367
755842 543567 -133613 -861988
-476137 785574 117582 391225
704785 -844870 631873 -306099
-990161 602691 962495 -636936
-461820 899994 938569 -776795
-127164 -691541 -856061 471861
-653258 502991 -675755 -803760
387603 -197995 -176831 62889
-991253 -627838 -693768 55731
-18242 549262 -906775 109499
382006 454623 631591 -664870
-448226 763917 206191 256057
631591 -664870 -495082 491454
-689458 876489 -72205 -882250
-309322 837322 343470 -987348
376030 166016 750117 -236355
-991253 -627838 -582972 994193
-944216 -172066 -481900 -409570
-36308 -811347 385211 925887
-971337 -170296 -675755 -803760
-590940 -345808 453373 -95334
-321510 -896349 523699 705147
230301 953866 -303649 -619900
650777 28952 -495082 491454
216712 -213573 -491942 -610212
359289 -310799 -428491 599134
704785 -844870 544327 -796981
154856 648770 -636226 -694141
837601 588434 -158806 -337399
-823213 -490082 186216 596732
-944216 -172066 34657 874696
-636829 -546655 160020 -133125
403269 117878 -389058 224021
-39874 538942 830152 798813
165092 -756101 153734 188786
140790 487330 798137 40830
355585 911961 385023 -274465
153859 309381 228740 34048
213346 3372 -657539 -258535
-176831 62889 -823213 -490082
966392 426451 947656 204601
343470 -987348 157919 964553
-864571 -845768 276719 419815
-230767 889725 422246 -8580
67403 -6252 307988 -248784
-280358 310829 1367 -15337
516754 -177739 -176831 62889
951166 -18428 -52632 58023
-450005 684267 -244784 707539
-943883 38693 -31004 -617863
-510020 79317 8910 -804501
461560 697612 -443389 -177519
839627 738811 -301536 74545
-158806 -337399 -936086 129585
-823213 -490082 -223534 661410
232493 42778 -743916 981399
359599 104564 869254 451123
154967 33260 733630 842660
-413397 312693 626639 74837
599209 -505782 -44755 -627527
-133613 -861988 -632765 275064
811755 -309099 -480091 -478601
-72205 -882250 198897 -551095
888292 857767 -180732 -14748
-131102 470500 443811 247287
-203871 -265956 319338 163262
-280358 310829 -294723 -325522
241541 34509 382006 454623
432065 -264594 44662 -912368
230922 -831707 -282991 885000
-620460 -991028 -476178 75622
801259 -36602 976105 861045
-806300 798012 -791998 -556354
1367 -15337 -74572 -674346
-49891 155230 185344 372847
-359719 983139 995987 72814
945534 766498 -923110 578504
-923110 578504 485157 -699178
-365076 912235 539386 225364
34657 874696 -52632 58023
-847007 -57605 -450019 684461
-644416 -24093 88345 525602
-532206 853238 -344442 -752524
-618403 -698545 204004 -425469
-389058 224021 976105 861045
946283 -571439 499551 862092
815192 -944445 966392 426451
708623 819239 -412327 145963
860071 533540 710347 -439998
-744615 -453991 355537 -975643
165092 -756101 -950412 -520583
-545064 -998492 719609 701314
-636829 -546655 198892 452799
-139818 549892 -450019 684461
301665 -147765 737434 -184895
405585 -921296 793000 349946
514018 -855201 -222275 13316
-923110 578504 -523621 -609573
601400 -940302 -280358 310829
-158074 -393166 -897264 88753
198892 452799 -734316 859532
825211 -57787 303189 -323132
-500505 -767472 -904925 494075
595309 270840 98426 -508597
89772 896868 103302 -476374
390161 838484 -980991 -677937
937341 943418 -527853 191669
115626 881109 -102340 327523
-584373 -101988 983763 286207
58223 -385968 -546651 11741
958177 -791678 -962722 415133
165092 -756101 946283 -571439
799639 -631918 429546 441089
594855 696008 962495 -636936
88345 525602 367108 -505163
322486 616069 67403 -6252
420543 796420 -214400 -754535
-131102 470500 -708698 642845
-760116 -355612 -321510 -896349
807095 -153177 888292 857767
578569 780487 199784 788901
868172 -842439 63525 -165741
97695 -412193 -866711 -886595
199442 -72417 -751738 533609
-319538 169472 -962722 415133
-584373 -101988 -683313 165487
-365076 912235 -49891 155230
343470 -987348 -373607 542670
-734316 859532 -325322 537274
-546651 11741 -232133 -587331
-367338 -505792 495565 -293234
949357 255710 376030 166016
-813458 877653 -37995 -667776
129246 661162 214888 624964
-840493 570635 -80961 -343683
198897 -551095 -941763 788658
868172 -842439 -813458 877653
-265513 -427069 576655 -839850
-164118 455913 -590940 -345808
-412327 145963 959251 966905
-616210 14429 -31004 -617863
601981 448845 -83832 -23488
-49375 -598185 -161162 -840575
395113 725922 -636829 -546655
115626 881109 807095 -153177
831741 -991987 -616344 679095
628854 3568 97695 -412193
-321510 -896349 495565 -293234
13698 127844 -321510 -896349
230301 953866 -127164 -691541
246575 184828 -944216 -172066
578569 780487 319338 163262
-158806 -337399 831741 -991987
-997994 -79141 -373607 542670
13698 127844 -923110 578504
485157 -699178 -519122 545418
613686 -953092 -410758 176562
495565 -293234 -634382 465566
676296 -801234 613686 -953092
206191 256057 -127164 -691541
-812758 335889 -657539 -258535
-936086 129585 303189 -323132
-519122 545418 -731691 617696
608023 -186817 613686 -953092
-161162 -840575 223369 -469830
710347 -439998 870946 117419
-16364 -478079 830152 798813
-846323 -526975 54575 -747665
-813458 877653 368151 -613463
403269 117878 693409 -633168
-406772 200566 -486105 775075
868172 -842439 -303649 -619900
737686 -221082 815192 -944445
-164118 455913 276983 619981
-389529 946612 711807 -959071
351586 569874 -450005 684267
-636226 -694141 650401 456741
-530390 -772783 -584411 469834
186216 596732 405585 -921296
-46725 -179251 -606651 185009
-191602 -30203 710347 -439998
-389058 224021 43023 617399
737434 -184895 637462 456280
601400 -940302 -530390 -772783
-620460 -991028 -142293 -645376
-590940 -345808 385494 -162896
384615 877501 -25943 -487177
-180732 -14748 -408617 795258
-344442 -752524 -495082 491454
908063 854326 160020 -133125
497037 -255736 -389058 224021
163196 495416 218359 400583
-789853 -588741 -944216 -172066
-84187 -737290 -66916 769894
230301 953866 424711 599570
-846323 -526975 -37995 -667776
-5590 -426487 815851 -811553
711807 -959071 -142293 -645376
-335533 37990 140612 898096
915439 493413 163196 495416
693409 -633168 -751340 110583
-689458 876489 737434 -184895
-734316 859532 966392 426451
160020 -133125 499551 862092
214888 624964 -909332 -554057
3906 -414293 -373000 -74764
-743916 981399 422246 -8580
153734 188786 89772 896868
542007 422237 -142293 -645376
-781613 -749269 -113250 -462834
510920 339775 242331 -861467
-997994 -79141 778921 -938304
214684 -199424 89606 595943
-864571 -845768 246575 184828
-940567 518926 -864571 -845768
-84187 -737290 334436 -442824
204004 -425469 183787 -229875
-620460 -991028 541188 -231757
868172 -842439 -389058 224021
637145 -664040 -194760 417666
485157 -699178 693724 396672
-144311 477113 -84187 -737290
-968016 971473 3906 -414293
44662 -912368 403269 117878
-846323 -526975 -940567 518926
908063 854326 -365076 912235
693409 -633168 -502140 110935
-5590 -426487 -288835 -354398
751021 579645 -963603 -180080
226793 287367 368151 -613463
976105 861045 -224479 268088
226793 287367 -49375 -598185
334436 -442824 -16364 -478079
601981 448845 -950412 -520583
-228704 81297 -708698 642845
-137315 -50266 -588026 59783
-663740 507365 -570385 -512410
688806 87182 -230767 889725
980161 68211 -106801 211596
-366693 481731 839627 738811
-618403 -698545 38225 -86886
778921 -938304 -650215 -857691
837601 588434 -461820 899994
13741 -978541 -556459 -246621
870946 117419 121642 353415
-368242 194919 -764549 -543016
-373607 542670 214888 624964
-941763 788658 -584411 469834
-138683 844563 650777 28952
-288835 -354398 -962329 -953943
-481900 -409570 -66916 769894
203358 593451 -282991 885000
837601 588434 -820142 -610813
-968239 444398 -570385 -512410
-968239 444398 -37995 -667776
-476137 785574 -840493 570635
693724 396672 -923110 578504
505415 -962914 -791998 -556354
-940567 518926 710347 -439998
13698 127844 542007 422237
-751340 110583 784490 -730672
-448226 763917 89772 896868
429546 441089 355585 911961
807095 -153177 608023 -186817
491010 -997333 -367338 -505792
-978184 109421 -668809 -299721
628854 3568 697092 894818
-808961 -81301 566859 260187
-138683 844563 514018 -855201
555224 934869 461560 697612
454598 936437 85782 328790
226793 287367 497037 -255736
204004 -425469 -764549 -543016
778921 -938304 206191 256057
403269 117878 -670387 -40392
198897 -551095 117582 391225
-359719 983139 966392 426451
97695 -412193 223369 -469830
385494 -162896 -606651 185009
259994 467024 -449308 895254
420543 796420 516754 -177739
8910 -804501 637145 -664040
-282991 885000 908898 -170154
165092 -756101 8910 -804501
-906775 109499 38225 -86886
-20537 195474 -781801 596320
-723264 113450 711807 -959071
395113 725922 -663740 507365
-641316 -144048 709827 348522
958177 -791678 947656 204601
-158074 -393166 -36596 537575
709827 348522 -124202 887621
-427673 680260 276719 419815
837601 588434 -968016 971473
148713 936981 -808961 -81301
-527853 191669 -294723 -325522
663463 -652065 422246 -8580
-995895 628038 604844 -348715
-46725 -179251 945534 766498
-36308 -811347 -176831 62889
-282991 885000 323556 62056
158389 78419 -89011 -611729
-461820 899994 -744615 -453991
-990161 602691 259994 467024
951225 -948229 -726652 -576044
-39874 538942 737434 -184895
-113250 -462834 1367 -15337
163196 495416 584340 -906275
160020 -133125 422246 -8580
-962722 415133 -878463 -606812
324859 -248175 908063 854326
214684 -199424 85782 328790
-807247 977218 -663740 507365
-897264 88753 495565 -293234
-973662 368733 214888 624964
232351 -639191 -640220 402592
-389529 946612 165092 -756101
8910 -804501 289700 69780
-99561 665794 703855 -261456
-16364 -478079 -640220 402592
990225 273282 198892 452799
-232133 -587331 411805 198936
424711 599570 118520 -481100
422246 -8580 -127164 -691541
510652 -937802 -124202 887621
422246 -8580 -138683 844563
276719 419815 43023 617399
186216 596732 -5590 -426487
303189 -323132 -616210 14429
968352 321329 -824500 -276159
-616344 679095 541188 -231757
-288835 -354398 429546 441089
-570385 -512410 -824500 -276159
-668809 -299721 -389529 946612
937341 943418 510920 339775
788091 -347337 184521 -201224
990225 273282 -133613 -861988
-962722 415133 -864571 -845768
-280358 310829 493445 -882006
516754 -177739 -995783 412848
-52632 58023 -359719 983139
230922 -831707 -381789 -769690
-584373 -101988 -412327 145963
793000 349946 307988 -248784
387603 -197995 -491942 -610212
663463 -652065 405585 -921296
815851 -811553 -164118 455913
-806300 798012 830152 798813
-31004 -617863 497037 -255736
163196 495416 -962329 -953943
-655011 214177 -203871 -265956
807095 -153177 -486105 775075
-230361 685667 140790 487330
788091 -347337 915439 493413
-476137 785574 709827 348522
-224479 268088 89606 595943
153734 188786 328 578633
-687529 -425192 750117 -236355
-294723 -325522 30813 783733
-176831 62889 -230361 685667
344317 -487421 -407822 -719392
-744615 -453991 323556 62056
711807 -959071 -49891 155230
-16364 -478079 -89011 -611729
-641316 -144048 -506263 632693
213346 3372 -971337 -170296
510652 -937802 346326 -415643
140790 487330 -670387 -40392
-655011 214177 -523621 -609573
966392 426451 242331 -861467
67403 -6252 -133613 -861988
576655 -839850 -36596 537575
-287134 17530 -713935 -321683
962495 -636936 -513377 -807293
-287134 17530 -408617 795258
381036 667934 -968016 971473
-864571 -845768 869254 451123
-846323 -526975 -764549 -543016
962495 -636936 499551 862092
-450019 684461 388810 957456
-139818 549892 -365076 912235
153859 309381 -716551 179141
351586 569874 737434 -184895
351586 569874 -616344 679095
869254 451123 275237 -102953
753013 -849117 385023 -274465
-502140 110935 414182 464794
-137315 -50266 8910 -804501
689119 -440211 676296 -801234
576655 -839850 111022 -616476
908063 854326 542007 422237
704785 -844870 726934 -961852
753013 -849117 -743916 981399
-906775 109499 62395 -614730
232351 -639191 -657964 -483909
33712 -122399 -244784 707539
-997077 472391 -288835 -354398
-708698 642845 -910981 -2814
185344 372847 432065 -264594
-962722 415133 -102914 -917149
688806 87182 631873 -306099
-395716 -775013 883897 -604548
-106801 211596 951225 -948229
-449308 895254 238144 387892
387603 -197995 -972567 900185
-971337 -170296 35216 -295833
807095 -153177 951225 -948229
230315 142044 299138 72550
942825 -730957 218359 400583
942825 -730957 -20537 195474
-44755 -627527 13741 -978541
367108 -505163 -781801 596320
-213802 -360406 784490 -730672
-288835 -354398 -230767 889725
355585 911961 -486105 775075
-191602 -30203 -689458 876489
-862082 -491157 -728284 323590
-675755 -803760 737434 -184895
477323 133290 -708698 642845
-36596 537575 235890 -802019
378243 -568033 230315 142044
-513377 -807293 157919 964553
-641316 -144048 -463093 -633441
492885 -889131 186443 14223
-294723 -325522 704785 -844870
62395 -614730 385023 -274465
995987 72814 -222275 13316
-495082 491454 259994 467024
-409503 926893 429546 441089
-995783 412848 160266 362216
990225 273282 637145 -664040
44662 -912368 -679942 372610
-158806 -337399 -323759 -513948
-25943 -487177 755842 543567
793000 349946 -866711 -886595
-450005 684267 -701790 -847893
-139818 549892 -713935 -321683
320451 509919 230315 142044
-486048 -601887 637145 -664040
-310775 -277696 154510 -782459
-944216 -172066 -448226 763917
-701790 -847893 453373 -95334
432065 -264594 -20537 195474
183787 -229875 -618403 -698545
492885 -889131 -840493 570635
915439 493413 631591 -664870
-410758 176562 510920 339775
-878463 -606812 -480091 -478601
-72205 -882250 -812758 335889
203358 593451 -644416 -24093
-39874 538942 815851 -811553
784490 -730672 -314648 990253
608023 -186817 13698 127844
185452 -190329 492885 -889131
-230767 889725 -728284 323590
807095 -153177 307988 -248784
738500 295220 355537 -975643
-368242 194919 -335533 37990
214888 624964 -486105 775075
362070 -781456 -31004 -617863
-236680 -498491 -413397 312693
-387464 -136732 -303264 423434
637145 -664040 -373607 542670
216712 -213573 -99561 665794
206191 256057 140612 898096
307988 -248784 163196 495416
704785 -844870 -336263 -168569
204004 -425469 -527853 191669
737434 -184895 -632765 275064
-991253 -627838 951166 -18428
-52632 58023 -219533 566021
301665 -147765 -990161 602691
-342740 987863 869571 -380361
103302 -476374 693409 -633168
277858 103790 -760116 -355612
-230361 685667 753013 -849117
-127164 -691541 -113250 -462834
-203871 -265956 -520107 -126471
-412327 145963 -486105 775075
-387464 -136732 -687529 -425192
541188 -231757 160266 362216
-655011 214177 -618403 -698545
-588379 943660 -228704 81297
-743916 981399 121642 353415
-381789 -769690 485157 -699178
17743 151695 -52632 58023
710347 -439998 -527853 191669
-476178 75622 -962329 -953943
-962722 415133 -222275 13316
856876 214750 -282991 885000
626639 74837 -630796 720076
485157 -699178 499551 862092
815851 -811553 -520107 -126471
-636226 -694141 343470 -987348
-584373 -101988 -481900 -409570
-520107 -126471 -980991 -677937
637145 -664040 -972567 900185
-395716 -775013 241541 34509
516754 -177739 416761 -313566
951166 -18428 860071 533540
-127164 -691541 353644 199274
-941763 788658 420543 796420
-943883 38693 830152 798813
-309322 837322 16901 -124133
995987 72814 88345 525602
-450019 684461 604844 -348715
738500 295220 -344442 -752524
-588026 59783 368151 -613463
-294723 -325522 214684 -199424
-56351 -368080 385023 -274465
-310775 -277696 -44755 -627527
497037 -255736 153734 188786
-223534 661410 -668809 -299721
-636226 -694141 160020 -133125
-46725 -179251 67403 -6252
-84187 -737290 947656 204601
-653258 502991 856876 214750
-389058 224021 -25943 -487177
-630119 -294925 -864571 -845768
753013 -849117 -630119 -294925
97695 -412193 378243 -568033
-618403 -698545 -413397 312693
92566 -355167 576655 -839850
-73938 924131 704785 -844870
-99561 665794 63525 -165741
711807 -959071 -781613 -749269
-604860 493905 -301536 74545
-702614 -155535 -570385 -512410
213346 3372 432065 -264594
140612 898096 -224479 268088
334436 -442824 -687529 -425192
601981 448845 -968239 444398
-679942 372610 -321510 -896349
68507 989338 -486105 775075
-944216 -172066 -176831 62889
-616210 14429 242331 -861467
-907698 -622877 241541 34509
-463093 -633441 -46725 -179251
153734 188786 -219533 566021
241541 34509 576655 -839850
-823213 -490082 650401 456741
160020 -133125 -89011 -611729
-319538 169472 650777 28952
995987 72814 594855 696008
-450005 684267 -282991 885000
-20537 195474 220426 -229559
-213802 -360406 -840493 570635
367108 -505163 185344 372847
-449308 895254 764026 822389
-319538 169472 -137315 -50266
289700 69780 510652 -937802
650777 28952 947656 204601
937341 943418 -708698 642845
-138683 844563 158389 78419
-127164 -691541 -726652 -576044
-49375 -598185 -194760 417666
216712 -213573 949357 255710
220426 -229559 599209 -505782
-486105 775075 576655 -839850
148713 936981 13741 -978541
-723264 113450 968352 321329
-653258 502991 -84187 -737290
-909332 -554057 -544399 553398
710347 -439998 -866711 -886595
-943883 38693 261818 -175001
-663740 507365 89606 595943
186443 14223 227651 312929
13741 -978541 153734 188786
140612 898096 -309322 837322
-791803 -896573 -138683 844563
259994 467024 351586 569874
-83832 -23488 328 578633
555340 245578 -995895 628038
-789853 -588741 261818 -175001
-44755 -627527 355585 911961
-897264 88753 976105 861045
242331 -861467 443811 247287
-990161 602691 -856061 471861
-731691 617696 -213802 -360406
753013 -849117 324859 -248175
-16364 -478079 -39874 538942
883897 -604548 -789853 -588741
315705 312978 637145 -664040
89772 896868 -616210 14429
199784 788901 -862082 -491157
888684 -571137 908063 854326
709827 348522 710347 -439998
-968239 444398 154510 -782459
-973662 368733 -219533 566021
140612 898096 359289 -310799
-856061 471861 111022 -616476
322486 616069 -491942 -610212
-632765 275064 631873 -306099
689196 836844 -820142 -610813
-978184 109421 -5590 -426487
799639 -631918 408324 22063
-244784 707539 938569 -776795
-137315 -50266 319338 163262
-988462 434688 -751340 110583
-972567 900185 514018 -855201
-409503 926893 -344442 -752524
13698 127844 -962722 415133
214888 624964 -997994 -79141
505415 -962914 461560 697612
637462 456280 -789853 -588741
-751738 533609 493445 -882006
355585 911961 -751738 533609
289700 69780 198892 452799
-683313 165487 -794997 532470
493445 -882006 -194760 417666
-789853 -588741 88345 525602
-223534 661410 -389058 224021
885140 -432566 423892 -595084
-16364 -478079 140612 898096
945534 766498 -367338 -505792
-519122 545418 92566 -355167
-89011 -611729 962495 -636936
947656 204601 -530390 -772783
-303264 423434 -365076 912235
54575 -747665 235890 -802019
223369 -469830 -301536 74545
-962722 415133 -366693 481731
831741 -991987 599209 -505782
-944216 -172066 551215 578701
-679942 372610 -72205 -882250
-546651 11741 -723264 113450
-702614 -155535 726934 -961852
815192 -944445 237192 565341
-310775 -277696 -864571 -845768
184521 -201224 966392 426451
793000 349946 -820142 -610813
968352 321329 -309322 837322
-46725 -179251 253773 674492
-530390 -772783 861909 -450960
-546651 11741 -840493 570635
395113 725922 599209 -505782
584340 -906275 -997994 -79141
185452 -190329 -962329 -953943
346326 -415643 242928 535327
-310775 -277696 -726652 -576044
693724 396672 432065 -264594
995987 72814 811755 -309099
-978184 109421 387603 -197995
555340 245578 -978184 109421
-630119 -294925 362070 -781456
-486105 775075 -616344 679095
-570385 -512410 227651 312929
-288835 -354398 830152 798813
-161162 -840575 -99561 665794
-180732 -14748 443811 247287
148713 936981 -213802 -360406
408324 22063 158389 78419
-663740 507365 510920 339775
353644 199274 -618403 -698545
214888 624964 -124202 887621
-509592 -965169 884117 981910
307988 -248784 -723264 113450
631873 -306099 968352 321329
-744615 -453991 261818 -175001
894584 -775361 -161162 -840575
664628 -374146 -618403 -698545
980161 68211 -920203 -788757
-650215 -857691 97695 -412193
-618403 -698545 -657964 -483909
-545064 -998492 -997077 472391
-175790 -951726 153734 188786
514018 -855201 275237 -102953
199442 -72417 -687529 -425192
-789853 -588741 -808961 -81301
962495 -636936 -154519 659867
-726652 -576044 -980991 -677937
362070 -781456 601981 448845
-904925 494075 -995895 628038
-476178 75622 793000 349946
-679942 372610 -794997 532470
-670387 -40392 719609 701314
322486 616069 870946 117419
-640220 402592 -194760 417666
-546651 11741 443811 247287
888684 -571137 990225 273282
815192 -944445 -450019 684461
-941763 788658 -616210 14429
-495082 491454 390161 838484
368151 -613463 815192 -944445
784490 -730672 734913 530728
118655 584449 595309 270840
-806300 798012 276719 419815
711807 -959071 -936086 129585
-222275 13316 664628 -374146
424711 599570 165092 -756101
-812758 335889 -988462 434688
949357 255710 788091 -347337
67403 -6252 755842 543567
214684 -199424 344317 -487421
-36308 -811347 753013 -849117
596351 -192312 968352 321329
-794997 532470 185452 -190329
726934 -961852 951166 -18428
154856 648770 815851 -811553
523699 705147 -158074 -393166
-3464 824860 -864571 -845768
-106801 211596 477323 133290
388810 957456 98426 -508597
111022 -616476 915439 493413
-726652 -576044 -49375 -598185
-3464 824860 315705 312978
815851 -811553 334436 -442824
-962329 -953943 -824500 -276159
230301 953866 -448226 763917
424711 599570 -127164 -691541
-923110 578504 -620460 -991028
405585 -921296 -359719 983139
-16364 -478079 -287134 17530
184521 -201224 990077 -535653
-20537 195474 -49375 -598185
67403 -6252 140790 487330
387603 -197995 856876 214750
-919353 950734 453373 -95334
-856061 471861 -334969 632065
807095 -153177 -701790 -847893
-704136 -121416 767838 -886135
676296 -801234 149228 -62433
-84187 -737290 198897 -551095
323556 62056 98426 -508597
362070 -781456 241541 34509
242928 535327 -732661 95861
276983 619981 253773 674492
753013 -849117 -219533 566021
-335533 37990 -995783 412848
719217 -769265 719609 701314
-971337 -170296 -325322 537274
206191 256057 -679942 372610
966392 426451 888684 -571137
-325322 537274 869254 451123
-630796 720076 726934 -961852
-950412 -520583 -821316 673861
242331 -861467 158389 78419
160020 -133125 -334969 632065
-909332 -554057 -406772 200566
-760116 -355612 153734 188786
-491942 -610212 -588379 943660
510920 339775 523699 705147
734913 530728 542123 -275050
-751738 533609 499551 862092
755842 543567 -545064 -998492
414182 464794 983763 286207
149228 -62433 -154519 659867
-963603 -180080 -154519 659867
-972567 900185 964588 170868
856876 214750 -368728 -715217
-124202 887621 153859 309381
767838 -886135 -584373 -101988
869254 451123 -636226 -694141
599209 -505782 -824500 -276159
276983 619981 328 578633
344317 -487421 -74572 -674346
-309322 837322 -66916 769894
626639 74837 230315 142044
-428491 599134 58223 -385968
-373607 542670 -980991 -677937
-287134 17530 663463 -652065
626639 74837 995987 72814
16901 -124133 -20537 195474
-732661 95861 -325322 537274
-716551 179141 -407822 -719392
-154519 659867 -881684 -425609
246575 184828 149228 -62433
-968239 444398 -670387 -40392
868172 -842439 -781613 -749269
-943883 38693 -751340 110583
276719 419815 983763 286207
38225 -86886 276983 619981
-584411 469834 891334 71565
-373000 -74764 -61142 -212114
-657539 -258535 242928 535327
-606651 185009 542123 -275050
320451 509919 -523621 -609573
403269 117878 -144311 477113
750117 -236355 -180732 -14748
277858 103790 664628 -374146
276719 419815 -828128 -194414
751021 579645 390161 838484
191950 67317 697092 894818
-176831 62889 942825 -730957
505415 -962914 115626 881109
-31004 -617863 -486105 775075
514018 -855201 -670387 -40392
767838 -886135 -520107 -126471
-828128 -194414 88345 525602
-506263 632693 -866711 -886595
140612 898096 -668809 -299721
-808961 -81301 -751340 110583
411805 198936 -978184 109421
-334969 632065 831741 -991987
-744615 -453991 -620460 -991028
-46725 -179251 -520107 -126471
734913 530728 89606 595943
793000 349946 214888 624964
-287134 17530 837601 588434
-56351 -368080 184521 -201224
807095 -153177 -74572 -674346
976105 861045 767838 -886135
942825 -730957 584340 -906275
-194760 417666 -154519 659867
767838 -886135 -66916 769894
-113250 -462834 980161 68211
-46725 -179251 160266 362216
-881684 -425609 -958535 168280
-66916 769894 246575 184828
-222275 13316 -668809 -299721
719609 701314 799639 -631918
-72205 -882250 353644 199274
-791803 -896573 199784 788901
676296 -801234 -102340 327523
423892 -595084 414182 464794
230301 953866 -751738 533609
-395716 -775013 89606 595943
-806300 798012 30813 783733
995987 72814 751021 579645
-80961 -343683 -523621 -609573
738500 295220 -219533 566021
-137315 -50266 966392 426451
-506263 632693 -634382 465566
-408617 795258 334436 -442824
-821316 673861 -375170 94577
38225 -86886 385494 -162896
282602 -699208 831741 -991987
966392 426451 -988462 434688
-16364 -478079 303189 -323132
704785 -844870 -683313 165487
424711 599570 -668809 -299721
-52632 58023 453373 -95334
-944216 -172066 734913 530728
214684 -199424 58223 -385968
160020 -133125 385494 -162896
334436 -442824 -616210 14429
242331 -861467 -222275 13316
1367 -15337 68507 989338
158389 78419 637145 -664040
315119 258372 -936086 129585
-381789 -769690 839627 738811
191950 67317 -102914 -917149
-194760 417666 837601 588434
884117 981910 909575 428738
-962722 415133 253773 674492
599209 -505782 -37995 -667776
-923110 578504 688806 87182
555340 245578 -716551 179141
-949937 -863579 -973662 368733
-812758 335889 390161 838484
-968016 971473 517648 -702222
631873 -306099 216712 -213573
-142293 -645376 -52632 58023
-367338 -505792 -495082 491454
-897264 88753 -657539 -258535
-73938 924131 908063 854326
-319538 169472 -764549 -543016
157919 964553 542123 -275050
596351 -192312 -427673 680260
-39874 538942 626639 74837
-106801 211596 118655 584449
-84187 -737290 -194760 417666
764026 822389 -936086 129585
277858 103790 990225 273282
30813 783733 -413397 312693
385318 -555333 -760116 -355612
6837 -870641 1367 -15337
-133613 -861988 945534 766498
-527853 191669 -689458 876489
510652 -937802 376030 166016
416761 -313566 -630796 720076
753013 -849117 -689458 876489
-968239 444398 594855 696008
-314648 990253 -590940 -345808
395113 725922 -191602 -30203
-486105 775075 -336263 -168569
227651 312929 505415 -962914
-194760 417666 58223 -385968
