1
2000
833754 816109 848023 -113475
833754 816109 -871969 -665798
-871969 -665798 256849 -446611
256849 -446611 -513200 903941
833754 816109 -439698 798518
833754 816109 443482 896966
-439698 798518 -616441 -637409
-616441 -637409 320646 290956
-871969 -665798 442710 -604518
-513200 903941 358673 -505313
-513200 903941 516742 -347910
-871969 -665798 738164 -782248
-513200 903941 135593 -542879
256849 -446611 -928576 78294
135593 -542879 852757 619563
516742 -347910 -160218 -174634
135593 -542879 46440 405568
-616441 -637409 461327 -963546
135593 -542879 537037 -289793
-439698 798518 -805493 -751320
738164 -782248 -181272 208341
-439698 798518 -667633 241572
256849 -446611 -701247 -333326
46440 405568 404885 597406
461327 -963546 999140 -426775
537037 -289793 781864 847098
-871969 -665798 961010 -780931
404885 597406 256412 -19661
135593 -542879 -718227 -180100
461327 -963546 -853246 -422768
-701247 -333326 574928 790864
961010 -780931 -129352 -98358
46440 405568 -100793 -173261
-701247 -333326 324576 852050
-853246 -422768 -172380 879369
324576 852050 478002 -306091
-616441 -637409 -629041 -156920
-629041 -156920 466794 900876
135593 -542879 259995 731110
478002 -306091 43147 -961065
135593 -542879 302188 -955441
-129352 -98358 -932841 -861312
-160218 -174634 914463 571866
478002 -306091 84759 -796220
-928576 78294 -509728 723753
516742 -347910 -667633 241572
320646 290956 -489106 -963637
-853246 -422768 -799544 -782112
256412 -19661 261566 278345
-616441 -637409 256412 -19661
-799544 -782112 765500 62883
302188 -955441 -425917 396011
256412 -19661 230428 834346
-928576 78294 439172 -791885
738164 -782248 529063 -696693
-701247 -333326 733409 -157229
256849 -446611 -12618 -985127
-12618 -985127 993316 -809915
43147 -961065 564075 575113
466794 900876 987881 -338096
-425917 396011 566873 807
-928576 78294 -414531 -208274
358673 -505313 452236 -746871
-172380 879369 130986 506974
914463 571866 491805 -318166
259995 731110 573217 -165855
516742 -347910 -169814 -194388
574928 790864 327995 775320
439172 -791885 998457 8805
302188 -955441 -359720 -990417
-359720 -990417 377636 908327
961010 -780931 -476578 46934
377636 908327 -156561 59823
564075 575113 -459274 111641
852757 619563 252308 55491
-12618 -985127 -824250 -442660
491805 -318166 582188 -867207
914463 571866 631457 -981803
252308 55491 -192013 -839472
443482 896966 -436347 997077
-489106 -963637 -336256 390603
302188 -955441 865729 737068
377636 908327 259222 600881
377636 908327 594403 389088
-667633 241572 -351856 58821
574928 790864 483352 267406
-459274 111641 857358 -672932
-129352 -98358 -225343 -856141
566873 807 67691 425839
516742 -347910 476835 204828
857358 -672932 -260207 248437
443482 896966 241045 209135
377636 908327 862385 388315
516742 -347910 794187 488309
135593 -542879 -183582 -544371
-513200 903941 -755392 902748
483352 267406 -883922 870840
491805 -318166 -489106 -963637
130986 506974 994068 240397
404885 597406 64021 93541
961010 -780931 -384113 409374
64021 93541 -304874 -872258
252308 55491 143984 -477464
-169814 -194388 495648 979718
259222 600881 -502653 -149988
439172 -791885 692032 -852230
461327 -963546 415675 -108121
-100793 -173261 -157900 504449
-260207 248437 961010 -780931
733409 -157229 923072 372392
478002 -306091 -63856 902260
302188 -955441 -755392 902748
67691 425839 648852 -552025
-629041 -156920 344321 443073
442710 -604518 324576 852050
529063 -696693 572920 377859
566873 807 993316 -809915
439172 -791885 -342457 885084
478002 -306091 284852 -758375
631457 -981803 273852 696184
-629041 -156920 -123955 -780442
-755392 902748 86083 104377
-192013 -839472 -799544 -782112
-439698 798518 735471 394512
-225343 -856141 -745739 -540278
-304874 -872258 -114968 444352
256849 -446611 -613946 173839
261566 278345 -930698 -615801
-513200 903941 270028 275675
404885 597406 -465020 831753
537037 -289793 800075 -522583
320646 290956 -632493 -110929
993316 -809915 -108923 357782
914463 571866 -853246 -422768
-439698 798518 793540 -245262
-489106 -963637 64021 93541
833754 816109 -962071 -488337
735471 394512 -569314 -694255
-513200 903941 70933 719152
857358 -672932 469217 967657
259222 600881 499267 -468000
-632493 -110929 -259604 187728
-613946 173839 566740 -576398
-632493 -110929 -101093 722129
261566 278345 -405893 -417523
-405893 -417523 661275 351868
-569314 -694255 32665 -719612
-632493 -110929 -190091 556408
-439698 798518 -319545 578130
857358 -672932 -554316 -917899
302188 -955441 443073 -173571
439172 -791885 -883647 -637649
862385 388315 -898665 993895
483352 267406 566873 807
-108923 357782 -48249 32742
-824250 -442660 -159701 -578810
-319545 578130 719776 -431127
-319545 578130 242828 -51014
442710 -604518 354098 410605
461327 -963546 -751092 -432303
327995 775320 393723 -188570
857358 -672932 256412 -19661
415675 -108121 -104926 -578092
64021 93541 934125 -458960
994068 240397 147604 -567384
-48249 32742 256849 -446611
415675 -108121 661275 351868
469217 967657 -922930 -968659
499267 -468000 548472 860513
-351856 58821 218528 156999
987881 -338096 -509650 131290
43147 -961065 920020 -560656
324576 852050 -16941 81141
733409 -157229 -415708 -865731
-962071 -488337 -170829 -977602
-104926 -578092 -936381 889755
-156561 59823 -580484 632175
-172380 879369 -616441 -637409
999140 -426775 -560995 47133
865729 737068 -132119 -824597
574928 790864 865729 737068
241045 209135 -799544 -782112
32665 -719612 113738 -153593
-405893 -417523 327108 -621830
242828 -51014 968709 -188470
259995 731110 566873 807
794187 488309 934125 -458960
661275 351868 -748656 -730440
781864 847098 491805 -318166
537037 -289793 -726262 958710
-871969 -665798 -14403 -680502
-12618 -985127 -289862 911842
252308 55491 329032 612440
-289862 911842 -31152 410688
-667633 241572 -179522 352672
999140 -426775 95199 355226
442710 -604518 259995 731110
242828 -51014 -121448 272750
-853246 -422768 -764443 439823
738164 -782248 238557 349515
241045 209135 -509650 131290
735471 394512 613248 456094
-48249 32742 476835 204828
-513200 903941 962324 791978
833754 816109 794187 488309
70933 719152 936963 451808
218528 156999 548472 860513
-414531 -208274 868213 -147297
-31152 410688 32665 -719612
-439698 798518 -104926 -578092
-259604 187728 861184 -482559
661275 351868 913974 88812
-962071 -488337 242828 -51014
987881 -338096 -534703 937029
-170829 -977602 78197 -957763
-962071 -488337 -597934 750314
857358 -672932 -134514 -530297
-132119 -824597 582188 -867207
230428 834346 885379 -880746
-132119 -824597 -671508 -374552
-898665 993895 -62218 18553
-134514 -530297 594403 389088
-170829 -977602 934125 -458960
-336256 390603 -242544 -179150
259222 600881 897996 -773197
-134514 -530297 884528 -639572
344321 443073 573260 125057
-465020 831753 489967 441756
719776 -431127 -321239 905344
218528 156999 529063 -696693
-114968 444352 -157900 504449
-260207 248437 765500 62883
-513200 903941 333003 -529466
934125 -458960 -63856 902260
-922930 -968659 218322 289721
329032 612440 437408 -219463
961010 -780931 992141 -957137
962324 791978 -384916 870487
987881 -338096 -672506 -619699
897996 -773197 -635643 104639
-351856 58821 -895241 -535024
-629041 -156920 -217349 -364717
-489106 -963637 -764443 439823
781864 847098 885693 214155
-476578 46934 147604 -567384
-509650 131290 185617 -720596
794187 488309 -63856 902260
241045 209135 613223 -929859
354098 410605 169512 -736579
-336256 390603 960193 -168385
-569314 -694255 -676834 326613
43147 -961065 846933 -422734
-179522 352672 -13186 -395075
-100793 -173261 -910788 881320
516742 -347910 -111267 164610
499267 -468000 -508640 569126
442710 -604518 885693 214155
241045 209135 -883922 870840
-513200 903941 -629041 -156920
-436347 997077 -116882 204944
857358 -672932 -616441 -637409
-824250 -442660 -518796 927278
998457 8805 -442806 -506073
443073 -173571 884528 -639572
-883647 -637649 -906107 224049
320646 290956 221918 333200
443482 896966 -311233 -855444
999140 -426775 -978530 -573784
516742 -347910 -12641 -84913
-304874 -872258 302188 -955441
-242544 -179150 -157900 504449
-12641 -84913 -629179 439506
442710 -604518 700589 -720484
920020 -560656 -189648 -126112
-629179 439506 -12618 -985127
999140 -426775 -635643 104639
993316 -809915 -472152 -19995
-513200 903941 -436347 997077
320646 290956 -13186 -395075
-906107 224049 -211134 453886
-211134 453886 404885 597406
-629179 439506 -414531 -208274
846933 -422734 80280 -783270
241045 209135 -405893 -417523
-217349 -364717 -566537 635520
-111267 164610 172806 628154
461327 -963546 669975 -668017
735471 394512 -378959 602167
-48249 32742 730190 -864229
80280 -783270 -23620 253842
-48249 32742 848023 -113475
-31152 410688 54618 978060
884528 -639572 205293 660995
-513200 903941 794187 488309
67691 425839 -180266 841478
885379 -880746 -378959 602167
548472 860513 -163779 82610
443073 -173571 -363960 774266
452236 -746871 -342457 885084
415675 -108121 -770249 -990254
-321239 905344 461327 -963546
466794 900876 57966 -705241
735471 394512 -114910 -853494
443073 -173571 699564 -66402
-764443 439823 511406 316891
865729 737068 96410 -408103
857358 -672932 -498827 -133472
-805493 -751320 -214587 -713327
-259604 187728 831444 -824290
-472152 -19995 78197 -957763
-217349 -364717 641922 -517367
-472152 -19995 377220 61522
-632493 -110929 936963 451808
913974 88812 765500 62883
354098 410605 256412 -19661
-163779 82610 270028 275675
781864 847098 -351856 58821
252308 55491 377636 908327
393723 -188570 -618429 684499
-114968 444352 241045 209135
185617 -720596 -163779 82610
-100793 -173261 737536 815522
-799544 -782112 -28382 848649
868213 -147297 -868685 116997
-111267 164610 713984 329440
-304874 -872258 333488 156794
-180266 841478 -930698 -615801
143984 -477464 920160 -493640
-751092 -432303 65853 282184
469217 967657 987881 -338096
-932841 -861312 -751748 408692
-179522 352672 94318 970974
-868685 116997 -439698 798518
962324 791978 -351856 58821
961010 -780931 -932841 -861312
443073 -173571 -114910 -853494
-442806 -506073 415675 -108121
-676834 326613 -14403 -680502
327995 775320 275137 482328
-745739 -540278 -596226 -535779
327108 -621830 483352 267406
-114910 -853494 -133680 84756
765500 62883 631457 -981803
923072 372392 -278268 -89193
-192013 -839472 -980644 -760818
-101093 722129 -936709 756834
-928576 78294 -229741 387715
415675 -108121 993316 -809915
-28382 848649 -979006 802540
-189648 -126112 -498827 -133472
-883922 870840 61842 666419
-442806 -506073 -718227 -180100
-701247 -333326 -414531 -208274
393723 -188570 666101 478860
-751092 -432303 -111416 -760957
-172380 879369 -864186 -800482
999140 -426775 -14403 -680502
-922930 -968659 934125 -458960
613223 -929859 221918 333200
-114910 -853494 -465020 831753
987881 -338096 577423 -31308
-242544 -179150 -116882 204944
-129352 -98358 -168396 679722
-289862 911842 443073 -173571
934125 -458960 327413 -964880
442710 -604518 -157653 -933499
-359720 -990417 489967 441756
-597934 750314 -830993 -535179
960193 -168385 631457 -981803
-569314 -694255 -513200 903941
143984 -477464 261421 368638
-922930 -968659 -980644 -760818
-489106 -963637 692032 -852230
-509728 723753 -405893 -417523
-502653 -149988 734593 -106130
329032 612440 692078 -884699
-830993 -535179 64021 93541
-378959 602167 377220 61522
-123955 -780442 479521 452169
631457 -981803 -822497 55743
-23620 253842 -259604 187728
-425917 396011 791573 -875301
-242544 -179150 -132119 -824597
-225343 -856141 -492460 -16184
-62218 18553 -629179 439506
241045 209135 -876658 926443
261421 368638 221918 333200
-822497 55743 310735 281634
-962071 -488337 865055 859964
-534703 937029 -898665 993895
920160 -493640 377636 908327
489967 441756 312870 -860912
452236 -746871 865055 859964
65853 282184 147604 -567384
-509650 131290 377220 61522
897996 -773197 -476578 46934
-632493 -110929 -910788 881320
205293 660995 -763640 549750
491805 -318166 321856 -188056
476835 204828 -111416 -760957
-211134 453886 -259783 -338625
461327 -963546 174812 448000
-260207 248437 -560995 47133
962324 791978 407798 300609
573260 125057 731315 596079
284852 -758375 261421 368638
-616441 -637409 -163779 82610
-170829 -977602 -701247 -333326
992141 -957137 205293 660995
-242544 -179150 635939 699633
868213 -147297 415675 -108121
-439698 798518 -129352 -98358
46440 405568 -513200 903941
833754 816109 -304874 -872258
-980644 -760818 -519992 496574
479521 452169 582188 -867207
-363960 774266 -726262 958710
574928 790864 -114968 444352
96410 -408103 635939 699633
-260207 248437 -878293 204395
564075 575113 641922 -517367
261421 368638 218528 156999
719776 -431127 -384113 409374
-922930 -968659 -755392 902748
516742 -347910 -440271 -851190
548472 860513 -111267 164610
-304874 -872258 217504 -962689
800075 -522583 437408 -219463
-384113 409374 927935 -914636
377636 908327 -492955 131566
94318 970974 256849 -446611
377220 61522 478648 454084
466794 900876 -850429 755559
46440 405568 499475 -700961
495648 979718 155838 -686363
259222 600881 -667633 241572
273852 696184 -190128 -431002
-111416 -760957 -509728 723753
-12641 -84913 920020 -560656
-134514 -530297 -437404 198062
848023 -113475 233608 376418
-472152 -19995 666101 478860
641922 -517367 -278268 -89193
-850429 755559 631457 -981803
321856 -188056 238557 349515
329032 612440 906181 -808784
261421 368638 -141124 -997840
-751748 408692 67691 425839
155838 -686363 -770249 -990254
443482 896966 374255 -440542
-560995 47133 -586304 -721197
993316 -809915 529063 -696693
-566537 635520 64021 93541
-141124 -997840 325283 600968
-871969 -665798 242828 -51014
793540 -245262 700589 -720484
86083 104377 256412 -19661
-384113 409374 -560995 47133
64021 93541 -946331 -285789
302188 -955441 -941605 -921527
-121448 272750 -8928 -292522
-853246 -422768 -676834 326613
461327 -963546 164271 207520
327108 -621830 -853246 -422768
-384113 409374 516742 -347910
-169814 -194388 954224 -324231
-459274 111641 -388134 800957
443073 -173571 -336256 390603
566873 807 594403 389088
735471 394512 267508 764806
-190091 556408 -289862 911842
-414531 -208274 80086 -514686
-569314 -694255 -289862 911842
377636 908327 43147 -961065
548472 860513 483352 267406
46440 405568 439802 -108688
-192013 -839472 -496076 583271
794187 488309 927935 -914636
936963 451808 997483 192837
218322 289721 -805760 -552084
934125 -458960 -472316 282200
96410 -408103 461327 -963546
404885 597406 772514 -639402
582188 -867207 123514 172636
-878293 204395 -805760 -552084
737536 815522 987881 -338096
478648 454084 865055 859964
155838 -686363 398875 957470
479521 452169 -590627 963995
327995 775320 -718315 325092
169512 -736579 -14403 -680502
256412 -19661 -156561 59823
566740 -576398 -141124 -997840
-936381 889755 -99602 427641
469217 967657 -984535 -841487
-104926 -578092 716955 337381
-14403 -680502 -509728 723753
478002 -306091 -414531 -208274
692078 -884699 862385 388315
-770249 -990254 -415805 -216443
-157653 -933499 321856 -188056
-465020 831753 -632493 -110929
-437404 198062 -190091 556408
-14403 -680502 962324 791978
155838 -686363 602463 -373125
-871969 -665798 -748656 -730440
221918 333200 -331969 -727971
61842 666419 478002 -306091
700589 -720484 884528 -639572
511406 316891 948416 436002
-437404 198062 861184 -482559
731315 596079 -988963 928667
398875 957470 -169808 -283549
-439698 798518 -669983 369005
865729 737068 70933 719152
998457 8805 66316 -309324
-160218 -174634 -731225 283818
221918 333200 715741 618176
-822497 55743 -525749 -223643
-525749 -223643 70933 719152
692032 -852230 -108923 357782
794187 488309 734593 -106130
443073 -173571 -752780 172315
-123955 -780442 321856 -188056
267508 764806 327413 -964880
-311233 -855444 -227364 -437513
791573 -875301 -830993 -535179
968709 -188470 525765 -537763
-114968 444352 753988 954672
-359720 -990417 -168396 679722
992141 -957137 57966 -705241
437408 -219463 122730 -424087
-108923 357782 259222 600881
377636 908327 -702095 983369
-988963 928667 -49776 120476
-439698 798518 219061 -134584
-745739 -540278 -440271 -851190
442710 -604518 489967 441756
-311233 -855444 -437576 -36179
884528 -639572 114059 -841719
122730 -424087 306430 469718
-160218 -174634 962324 791978
-898665 993895 913974 88812
-764443 439823 -16941 81141
885379 -880746 513548 772584
147604 -567384 897996 -773197
284852 -758375 -320757 446909
-988963 928667 -669983 369005
833754 816109 -984535 -841487
-13186 -395075 -432574 825195
-114910 -853494 -16941 81141
329032 612440 54618 978060
-181272 208341 61842 666419
914463 571866 114059 -841719
738164 -782248 658216 -173225
-134514 -530297 -928927 574764
-217349 -364717 948416 436002
948416 436002 84759 -796220
-442806 -506073 96410 -408103
65853 282184 -689769 -52821
793540 -245262 574928 790864
-667633 241572 -125036 -176108
-669983 369005 -137789 -772428
525765 -537763 -751092 -432303
-384113 409374 -320757 446909
-180266 841478 -28382 848649
393723 -188570 989160 -346049
-414531 -208274 95199 355226
-751092 -432303 975388 -537221
-132119 -824597 84759 -796220
731315 596079 113738 -153593
242828 -51014 490410 -634446
-596226 -535779 781982 687125
-157653 -933499 -351856 58821
-363960 774266 -266285 -591613
-941605 -921527 -667633 241572
613248 456094 327413 -964880
-363960 774266 -49776 120476
302188 -955441 -519992 496574
868213 -147297 589913 753838
-492955 131566 644029 591042
-799544 -782112 -211134 453886
114059 -841719 -922930 -968659
-137789 -772428 -101093 722129
927935 -914636 -752780 172315
934125 -458960 -169808 -283549
993316 -809915 -163779 82610
-266285 -591613 992141 -957137
321856 -188056 -747729 320426
94318 970974 -475246 190544
-405893 -417523 960193 -168385
730190 -864229 -592253 847521
-242544 -179150 327413 -964880
-14403 -680502 -228095 -485710
-878293 204395 -618429 684499
-104926 -578092 -635643 104639
-405893 -417523 869604 882725
960193 -168385 407798 300609
-689769 -52821 -871969 -665798
-181272 208341 -169808 -283549
344321 443073 -712831 47323
46440 405568 -388134 800957
135593 -542879 667619 -946860
66316 -309324 -368544 -78493
233608 376418 602463 -373125
-432574 825195 -816802 -556645
962324 791978 -718227 -180100
-718315 325092 -99602 427641
-509650 131290 -597934 750314
114059 -841719 -240235 -933170
-689769 -52821 -384113 409374
731315 596079 -189648 -126112
-731225 283818 94318 970974
174812 448000 -227364 -437513
-169808 -283549 407225 -48297
-752780 172315 308238 -753313
716955 337381 419354 590839
-190128 -431002 731315 596079
-100793 -173261 -121448 272750
327413 -964880 437408 -219463
-853246 -422768 574928 790864
846933 -422734 997483 192837
861184 -482559 93047 -458506
-928927 574764 -114968 444352
-805493 -751320 113738 -153593
719776 -431127 772514 -639402
442710 -604518 -999690 173277
794187 488309 67691 425839
-751092 -432303 738164 -782248
-689769 -52821 550288 813375
738164 -782248 329032 612440
730190 -864229 652227 -361233
-513200 903941 123618 -57139
185617 -720596 744519 356916
566740 -576398 40562 548562
-613946 173839 407798 300609
548472 860513 67691 425839
848023 -113475 -211134 453886
-476578 46934 -504570 512875
80280 -783270 920160 -493640
-180266 841478 700589 -720484
-566537 635520 -142922 -33239
-217349 -364717 57966 -705241
-629041 -156920 572920 377859
-192013 -839472 765500 62883
-133680 84756 -748656 -730440
906181 -808784 358673 -505313
-23620 253842 781864 847098
566740 -576398 -331155 -645913
476835 204828 -608461 -751220
-978530 -573784 439172 -791885
999140 -426775 305517 -710472
135593 -542879 -698196 -559318
185617 -720596 333003 -529466
516742 -347910 321856 -188056
284852 -758375 -214035 171181
-472316 282200 578173 92274
-978530 -573784 46440 405568
-111416 -760957 -727467 141122
998457 8805 -121448 272750
-936381 889755 -114968 444352
-12641 -84913 529063 -696693
-936709 756834 711843 -796601
230428 834346 305517 -710472
577423 -31308 -321239 905344
478648 454084 292201 -830569
644029 591042 -211134 453886
172806 628154 -667633 241572
-608461 -751220 -108923 357782
256412 -19661 968709 -188470
800075 -522583 -676834 326613
936963 451808 699564 -66402
-671508 -374552 -928927 574764
325283 600968 67256 124169
-23620 253842 495648 979718
256849 -446611 407225 -48297
582188 -867207 -851952 256366
217504 -962689 -944824 404853
-864186 -800482 230428 834346
-342457 885084 787228 -336327
-228095 -485710 93047 -458506
-437404 198062 218322 289721
962324 791978 86083 104377
-822497 55743 -734718 447751
333488 156794 127674 502060
-259783 -338625 715741 618176
-23620 253842 589913 753838
-988963 928667 -717848 228026
491805 -318166 46561 -513777
-980644 -760818 -472152 -19995
716955 337381 -671508 -374552
461327 -963546 -871247 -851711
-8928 -292522 -941605 -921527
-883647 -637649 765500 62883
-137789 -772428 -409715 395782
-331969 -727971 -782682 996801
-425917 396011 -976985 -755685
122730 -424087 800075 -522583
-672506 -619699 419354 590839
-492955 131566 -799544 -782112
-731225 283818 -13186 -395075
-192013 -839472 123618 -57139
564075 575113 395809 -857356
218322 289721 -864186 -800482
831444 -824290 572920 377859
-116882 204944 -278268 -89193
469217 967657 -946331 -285789
968709 -188470 293724 -186095
920020 -560656 658216 -173225
-906107 224049 -560995 47133
-23620 253842 554864 490818
242828 -51014 936963 451808
302188 -955441 -853246 -422768
217504 -962689 -325679 43409
-755392 902748 -805493 -751320
495648 979718 327108 -621830
-502653 -149988 -988963 928667
478648 454084 -472316 282200
354098 410605 594403 389088
719776 -431127 -465020 831753
-592253 847521 67256 124169
-16941 81141 554864 490818
948416 436002 -80070 101577
-225343 -856141 -357240 975650
997483 192837 333003 -529466
781864 847098 -566537 635520
-597934 750314 -405893 -417523
-319545 578130 885693 214155
-415805 -216443 14646 -288263
-123955 -780442 -592253 847521
669975 -668017 322399 -619541
989160 -346049 -405893 -417523
-930698 -615801 466794 900876
358673 -505313 -751092 -432303
-747729 320426 -49776 120476
155838 -686363 -401564 -593645
733409 -157229 749235 -162960
333003 -529466 -617083 598030
987881 -338096 -613946 173839
-864186 -800482 726506 -306189
-770249 -990254 299168 766470
305517 -710472 -558404 -437975
-80070 101577 793540 -245262
-439698 798518 -718227 -180100
-240235 -933170 572920 377859
-824250 -442660 344321 443073
490410 -634446 461327 -963546
613248 456094 -342457 885084
308238 -753313 989160 -346049
-508640 569126 948416 436002
306430 469718 -629179 439506
-228095 -485710 -509360 -254610
86083 104377 169512 -736579
989160 -346049 -764443 439823
-701247 -333326 -851952 256366
594403 389088 -566537 635520
54618 978060 -85297 46606
885693 214155 927935 -914636
439172 -791885 -240235 -933170
-519992 496574 -439698 798518
-492460 -16184 -137789 -772428
113738 -153593 516742 -347910
306430 469718 32665 -719612
692032 -852230 577423 -31308
123514 172636 -289862 911842
529063 -696693 563228 -213625
-260207 248437 -49776 120476
-979006 802540 333488 156794
734593 -106130 -133680 84756
-962071 -488337 -994650 359405
-336256 390603 358673 -505313
848023 -113475 447745 -262946
333488 156794 -731225 283818
-616441 -637409 -551583 752138
292201 -830569 714785 236128
-496076 583271 -669983 369005
-319545 578130 713984 329440
439802 -108688 -8928 -292522
437408 -219463 -217349 -364717
284852 -758375 -406280 5700
-48249 32742 461327 -963546
-895241 -535024 -941605 -921527
-16941 81141 641832 -141987
-13186 -395075 491805 -318166
648852 -552025 617165 -907405
-12618 -985127 -547151 197123
308238 -753313 377636 908327
781864 847098 -329990 918120
884528 -639572 -994650 359405
-183582 -544371 267508 764806
-190091 556408 -513200 903941
308238 -753313 219061 -134584
753988 954672 -631839 -189261
-734718 447751 277111 437504
994068 240397 -227364 -437513
-560995 47133 80086 -514686
-590627 963995 670829 229963
989160 -346049 598723 369231
-560995 47133 749235 -162960
-157900 504449 -962071 -488337
-108923 357782 310735 281634
-508640 569126 641832 -141987
267508 764806 884528 -639572
327108 -621830 -73653 -150698
731315 596079 -683559 423273
93047 -458506 862385 388315
-442806 -506073 183184 142245
992141 -957137 -141124 -997840
-440271 -851190 -414531 -208274
256849 -446611 70933 719152
-240235 -933170 -683559 423273
999140 -426775 -310362 -797166
-125036 -176108 663622 470828
123514 172636 347042 -810975
-310362 -797166 -851952 256366
-214587 -713327 -946331 -285789
737536 815522 454456 -236939
-331969 -727971 327413 -964880
-331969 -727971 318875 298209
-476578 46934 812957 -304912
-868685 116997 -156561 59823
221918 333200 -157900 504449
-508640 569126 589913 753838
452236 -746871 468954 728300
-320757 446909 -868685 116997
-319545 578130 -641845 -226250
-994650 359405 -871969 -665798
574928 790864 735471 394512
-123955 -780442 -509360 -254610
-142922 -33239 -616441 -637409
-14403 -680502 123514 172636
997483 192837 -491357 -784188
70933 719152 786978 77597
185617 -720596 -189648 -126112
312870 -860912 719776 -431127
-183582 -544371 -551988 -206758
613248 456094 172806 628154
377220 61522 302188 -955441
241045 209135 327108 -621830
572920 377859 591374 -412298
491805 -318166 443482 896966
483352 267406 200867 -722718
270028 275675 790661 349621
735471 394512 -225343 -856141
-104926 -578092 460040 233737
513548 772584 -541789 -59865
273852 696184 -946331 -285789
589913 753838 191327 -500310
-242544 -179150 -259783 -338625
46440 405568 661406 790173
790661 349621 306430 469718
256412 -19661 -189648 -126112
-805760 -552084 80280 -783270
781864 847098 -211134 453886
666101 478860 312870 -860912
566873 807 -259783 -338625
692078 -884699 -698196 -559318
-962071 -488337 -986354 957337
961010 -780931 218322 289721
781982 687125 934125 -458960
135593 -542879 267508 764806
574928 790864 989160 -346049
-698196 -559318 793540 -245262
602463 -373125 726506 -306189
-898665 993895 -871969 -665798
-425917 396011 67256 124169
468954 728300 221918 333200
321856 -188056 692032 -852230
920020 -560656 -551988 -206758
-319545 578130 -116316 -373992
-944824 404853 -109979 -67072
-748656 -730440 -509728 723753
537037 -289793 -442806 -506073
-590627 963995 715230 -628186
715741 618176 230428 834346
-319545 578130 333488 156794
-864186 -800482 43147 -961065
443073 -173571 786978 77597
218528 156999 -755392 902748
-116882 204944 393723 -188570
-683559 423273 65853 282184
-824250 -442660 -73653 -150698
147604 -567384 302188 -955441
513548 772584 707938 -469529
312870 -860912 -240235 -933170
641832 -141987 174812 448000
906181 -808784 -169814 -194388
781864 847098 852757 619563
-28382 848649 -512595 88195
-799544 -782112 695372 673179
719776 -431127 261566 278345
667619 -946860 123618 -57139
-763640 549750 -383806 991011
-712831 47323 -635643 104639
318875 298209 479521 452169
54618 978060 -727467 141122
-631839 -189261 259222 600881
324576 852050 -513200 903941
582188 -867207 669975 -668017
-181272 208341 419354 590839
-932841 -861312 -718315 325092
-437404 198062 733409 -157229
-824250 -442660 507727 -494054
-702095 983369 790661 349621
-8928 -292522 478648 454084
-240235 -933170 594403 389088
393723 -188570 -476578 46934
466794 900876 454456 -236939
707938 -469529 -702095 983369
-114910 -853494 -683559 423273
439172 -791885 -85297 46606
476835 204828 -513200 903941
714785 236128 395809 -857356
781864 847098 -498827 -133472
70933 719152 949414 -767991
833754 816109 -183571 126863
-192013 -839472 -183571 126863
-580484 632175 86083 104377
-928927 574764 466794 900876
-111267 164610 448580 -344846
419354 590839 948416 436002
-747729 320426 452236 -746871
594403 389088 589913 753838
67256 124169 -260207 248437
661275 351868 936963 451808
46440 405568 -598900 463910
566873 807 -900315 -152712
-689769 -52821 -351856 58821
666101 478860 -48249 32742
-415805 -216443 529063 -696693
-629179 439506 528197 741188
-616441 -637409 573260 125057
-63856 902260 43147 -961065
483352 267406 804623 -577355
-180266 841478 -508640 569126
-936381 889755 442710 -604518
393723 -188570 327413 -964880
554864 490818 -174320 82390
476835 204828 700589 -720484
-513200 903941 -405893 -417523
812957 -304912 -297394 -300259
-513200 903941 320646 290956
-717848 228026 737536 815522
-13186 -395075 358979 -453309
631457 -981803 308238 -753313
812957 -304912 -405893 -417523
-509650 131290 -748656 -730440
478648 454084 719311 -16507
-141124 -997840 57966 -705241
-436347 997077 261566 278345
-12618 -985127 -48249 32742
658216 -173225 613223 -929859
358673 -505313 -509650 131290
-409715 395782 233608 376418
-415805 -216443 415675 -108121
-336256 390603 -518796 927278
293724 -186095 447745 -262946
318875 298209 -734718 447751
591374 -412298 -629179 439506
-142922 -33239 491805 -318166
-229741 387715 735907 -226241
-415805 -216443 -509650 131290
-331969 -727971 -805760 -552084
-472152 -19995 -922930 -968659
-321239 905344 735907 -226241
267508 764806 106860 171366
96410 -408103 550288 813375
322399 -619541 164271 207520
113738 -153593 572920 377859
-617083 598030 256849 -446611
256849 -446611 -900315 -152712
948416 436002 -632493 -110929
804623 -577355 -618429 684499
-125036 -176108 833754 816109
-63856 902260 -432574 825195
-141124 -997840 -229741 387715
-183571 126863 968709 -188470
954224 -324231 65853 282184
-190091 556408 -508640 569126
-181272 208341 -763301 253751
242828 -51014 -504570 512875
483352 267406 447745 -262946
-475246 190544 256849 -446611
443073 -173571 812957 -304912
716955 337381 -266285 -591613
-513200 903941 -618429 684499
-492460 -16184 529063 -696693
93047 -458506 -492955 131566
997483 192837 495648 979718
241045 209135 -49776 120476
123618 -57139 749235 -162960
54618 978060 442710 -604518
476835 204828 659646 -926732
-509360 -254610 -667633 241572
-168396 679722 -856429 -263887
-850429 755559 -831098 200662
663622 470828 123618 -57139
848023 -113475 442710 -604518
960193 -168385 -727165 809842
284852 -758375 948416 436002
582188 -867207 419354 590839
-541789 -59865 -554316 -917899
-979006 802540 -157900 504449
-368544 -78493 -311233 -855444
218322 289721 -910788 881320
395809 -857356 885693 214155
299168 766470 936963 451808
563228 -213625 -368544 -78493
-883922 870840 221918 333200
-114968 444352 -929911 544190
-409715 395782 277111 437504
333488 156794 -910788 881320
-569314 -694255 -539932 -641554
-551988 -206758 221918 333200
-701247 -333326 -378959 602167
-310362 -797166 -871969 -665798
738164 -782248 -183571 126863
-116316 -373992 114059 -841719
-871969 -665798 -78293 -225036
537037 -289793 -189648 -126112
-289862 911842 -492955 131566
-850429 755559 922542 -261881
-342457 885084 -172380 879369
-539932 -641554 147604 -567384
483352 267406 -683559 423273
833754 816109 992730 895727
641832 -141987 302188 -955441
716955 337381 -101093 722129
920020 -560656 299168 766470
794187 488309 -192013 -839472
-929911 544190 267886 -870166
-401564 -593645 174812 448000
-748656 -730440 -100793 -173261
652227 -361233 72927 -529840
734593 -106130 591326 -921072
-534703 937029 -924608 213508
275137 482328 700589 -720484
469217 967657 -233682 954581
-129352 -98358 329032 612440
-319545 578130 -169814 -194388
-297394 -300259 -635074 154098
-930698 -615801 256849 -446611
123618 -57139 -608461 -751220
-512595 88195 -613749 -786072
-437576 -36179 -824250 -442660
-560995 47133 -592546 855181
442710 -604518 469217 967657
641832 -141987 -763301 253751
-805493 -751320 641832 -141987
-929911 544190 -726262 958710
-116882 204944 -325679 43409
-442806 -506073 714785 236128
-590627 963995 -541789 -59865
787228 -336327 -751748 408692
-425917 396011 528197 741188
321856 -188056 221918 333200
865055 859964 -924608 213508
476835 204828 479521 452169
-465020 831753 626919 974248
358979 -453309 513548 772584
548472 860513 135593 -542879
641832 -141987 603575 775901
-12641 -84913 -924608 213508
-190091 556408 -928927 574764
-755392 902748 -297394 -300259
-189648 -126112 333488 156794
-240235 -933170 -631839 -189261
920160 -493640 -159701 -578810
-504570 512875 961010 -780931
155838 -686363 -509728 723753
-359720 -990417 715741 618176
738164 -782248 -508640 569126
-976985 -755685 -440271 -851190
-214035 171181 -132119 -824597
574928 790864 -636761 922373
-321239 905344 735471 394512
-289862 911842 66316 -309324
790661 349621 578173 92274
-329990 918120 -871247 -851711
-883922 870840 -174320 82390
377636 908327 407798 300609
191327 -500310 -932841 -861312
897996 -773197 495444 472764
-498827 -133472 -727467 141122
310735 281634 241045 209135
218528 156999 -414531 -208274
80086 -514686 -698196 -559318
-979006 802540 -928576 78294
67691 425839 -984535 -841487
-608461 -751220 -629041 -156920
-472316 282200 -225343 -856141
-883647 -637649 305517 -710472
765500 62883 -440271 -851190
-513200 903941 460040 233737
-551583 752138 143984 -477464
578173 92274 -988963 928667
-672506 -619699 324576 852050
499267 -468000 550288 813375
-747729 320426 -325679 43409
-667633 241572 468954 728300
582188 -867207 -883922 870840
865055 859964 582188 -867207
-751748 408692 -905596 780577
-988963 928667 327995 775320
-363960 774266 -168396 679722
468954 728300 53273 -379874
658216 -173225 233608 376418
415675 -108121 -799544 -782112
566740 -576398 661275 351868
-406280 5700 -104926 -578092
635939 699633 -853246 -422768
-121448 272750 -489106 -963637
218322 289721 998457 8805
80086 -514686 -179522 352672
-586304 -721197 -718315 325092
-409715 395782 -319545 578130
-930698 -615801 80280 -783270
-504570 512875 302188 -955441
84759 -796220 -468507 -409090
-629179 439506 -932841 -861312
-822497 55743 -629041 -156920
-944824 404853 744519 356916
-336256 390603 -911533 287368
123618 -57139 395809 -857356
962324 791978 452236 -746871
-683559 423273 962324 791978
-632493 -110929 312870 -860912
831444 -824290 652227 -361233
-590627 963995 174812 448000
-142922 -33239 -928927 574764
-551988 -206758 -831098 200662
-109979 -67072 -383806 991011
700589 -720484 794187 488309
-168396 679722 572400 -451962
95199 355226 -701247 -333326
-868685 116997 84759 -796220
-368544 -78493 586105 -61659
322399 -619541 566740 -576398
-898665 993895 -946331 -285789
-378959 602167 997483 192837
-618429 684499 443073 -173571
-868685 116997 948416 436002
53273 -379874 669975 -668017
-142922 -33239 324576 852050
169512 -736579 407798 300609
-613946 173839 648852 -552025
-824250 -442660 273852 696184
-437576 -36179 -962071 -488337
865055 859964 327108 -621830
398875 957470 164271 207520
-519992 496574 -541789 -59865
-320757 446909 -415708 -865731
252308 55491 126384 119551
233608 376418 923072 372392
407225 -48297 760915 672194
-504570 512875 -195595 444376
577423 -31308 40562 548562
-436347 997077 -125036 -176108
-676834 326613 -613749 -786072
-100793 -173261 96055 320412
635939 699633 -399151 -961778
-618429 684499 608114 -288926
183184 142245 -805760 -552084
-512595 88195 548472 860513
448580 -344846 757926 90586
-669983 369005 200867 -722718
-764443 439823 831444 -824290
-170829 -977602 -49776 120476
-672506 -619699 833754 816109
70933 719152 861184 -482559
-183571 126863 692078 -884699
658216 -173225 961010 -780931
-278268 -89193 -418352 -21593
-169814 -194388 -496076 583271
-233682 954581 -401564 -593645
273852 696184 374255 -440542
920160 -493640 -217349 -364717
-519992 496574 -437404 198062
-121448 272750 489967 441756
-183571 126863 -726503 -785666
135593 -542879 934125 -458960
-496076 583271 -188666 -131480
-689769 -52821 922542 -261881
744519 356916 -70435 -819408
191327 -500310 -141124 -997840
-988963 928667 992730 895727
-320757 446909 -49776 120476
998457 8805 589913 753838
760915 672194 -898665 993895
347042 -810975 -979006 802540
164271 207520 -36070 41991
997483 192837 183184 142245
322399 -619541 -672020 -151598
-492460 -16184 927935 -914636
-214035 171181 200867 -722718
594403 389088 734593 -106130
-667633 241572 305517 -710472
-629041 -156920 -905596 780577
495444 472764 323098 263090
-641845 -226250 -631839 -189261
452236 -746871 -489106 -963637
-211134 453886 14646 -288263
-123955 -780442 -378959 602167
-928576 78294 126384 119551
185617 -720596 513548 772584
327108 -621830 325283 600968
490410 -634446 -368544 -78493
793540 -245262 -824250 -442660
548472 860513 217504 -962689
661275 351868 -121448 272750
573260 125057 -233458 766334
-994650 359405 -986354 957337
-751748 408692 -440271 -851190
753988 954672 726506 -306189
578173 92274 915015 782355
-476578 46934 989160 -346049
-99602 427641 635939 699633
-868685 116997 -442806 -506073
989160 -346049 -48249 32742
861184 -482559 -851952 256366
906181 -808784 86083 104377
-683559 423273 489967 441756
-799544 -782112 -895241 -535024
78197 -957763 862385 388315
-590627 963995 164271 207520
454456 -236939 -629041 -156920
53273 -379874 -104926 -578092
-266285 -591613 731315 596079
613223 -929859 -336256 390603
-80070 101577 344179 655297
-667633 241572 -504570 512875
-726262 958710 205293 660995
-910788 881320 -727165 809842
-233682 954581 437408 -219463
-278268 -89193 -519992 496574
589913 753838 884528 -639572
65853 282184 -770249 -990254
573260 125057 452236 -746871
-16941 81141 -23620 253842
277111 437504 987881 -338096
-406280 5700 922542 -261881
221918 333200 -405893 -417523
-159701 -578810 221918 333200
-616441 -637409 126384 119551
-672506 -619699 -141124 -997840
753988 954672 155838 -686363
-911533 287368 582188 -867207
661406 790173 554864 490818
-101093 722129 661406 790173
-217349 -364717 377220 61522
-183571 126863 136244 928097
-883922 870840 -856429 -263887
669975 -668017 927935 -914636
719311 -16507 -259604 187728
936963 451808 308238 -753313
-978530 -573784 572400 -451962
143984 -477464 191327 -500310
54618 978060 233608 376418
793540 -245262 -16941 81141
94318 970974 936963 451808
-512595 88195 529063 -696693
-49776 120476 57966 -705241
-513200 903941 -751748 408692
-368544 -78493 927935 -914636
-492460 -16184 566873 807
635939 699633 831444 -824290
358673 -505313 -80070 101577
865055 859964 -509650 131290
603575 775901 913974 88812
793540 -245262 719311 -16507
781982 687125 -459274 111641
-195595 444376 772514 -639402
-31152 410688 794187 488309
-384113 409374 924991 -800530
292201 -830569 -260207 248437
-49776 120476 404885 597406
923072 372392 -111267 164610
-871247 -851711 96055 320412
273852 696184 -613749 -786072
284852 -758375 -159701 -578810
-822497 55743 -598900 463910
-351856 58821 -734718 447751
64021 93541 32665 -719612
594403 389088 -629179 439506
865055 859964 966800 747147
-240235 -933170 994068 240397
-414531 -208274 64021 93541
72927 -529840 -225343 -856141
574928 790864 692032 -852230
-541789 -59865 -310362 -797166
-566537 635520 448580 -344846
-384916 870487 58493 -749629
-551988 -206758 -941605 -921527
-551583 752138 -822497 55743
-383806 991011 324576 852050
-930698 -615801 -132119 -824597
200867 -722718 -183582 -544371
127674 502060 -99602 427641
781864 847098 966800 747147
344321 443073 43147 -961065
-159701 -578810 241045 209135
-472316 282200 575508 -752982
461327 -963546 -672020 -151598
-142922 -33239 308238 -753313
-502653 -149988 -409715 395782
205293 660995 174812 448000
183184 142245 -108923 357782
-598900 463910 479521 452169
-489106 -963637 -179522 352672
735907 -226241 86083 104377
-851952 256366 617165 -907405
308238 -753313 -405893 -417523
714785 236128 415675 -108121
753988 954672 -242544 -179150
-751748 408692 439802 -108688
-169814 -194388 354098 410605
572920 377859 478002 -306091
577423 -31308 -351856 58821
-551583 752138 734593 -106130
65853 282184 -342457 885084
218322 289721 667619 -946860
-498827 -133472 -629179 439506
447745 -262946 -899534 778137
-805493 -751320 760915 672194
442710 -604518 528197 741188
602463 -373125 323098 263090
613248 456094 934125 -458960
-405893 -417523 -98199 -624151
-12641 -84913 -592253 847521
-188666 -131480 920160 -493640
-751092 -432303 437408 -219463
715741 618176 -763640 549750
-718315 325092 344321 443073
-822497 55743 -472316 282200
-751748 408692 -717848 228026
-331155 -645913 525765 -537763
-596226 -535779 591326 -921072
-101093 722129 -851952 256366
573260 125057 306430 469718
-260207 248437 -496076 583271
-217349 -364717 -133680 84756
537037 -289793 321856 -188056
-718227 -180100 499475 -700961
578173 92274 -635074 154098
-227364 -437513 658216 -173225
-159701 -578810 -329990 918120
511406 316891 448580 -344846
80280 -783270 661275 351868
-14403 -680502 -320757 446909
-160218 -174634 -242544 -179150
299168 766470 582188 -867207
692078 -884699 -80070 101577
924991 -800530 591374 -412298
-831098 200662 -12618 -985127
715230 -628186 252308 55491
-174320 82390 476835 204828
489967 441756 -560995 47133
641832 -141987 -566537 635520
-731225 283818 -125036 -176108
-189648 -126112 -195595 444376
333003 -529466 -195595 444376
566873 807 84759 -796220
404885 597406 -439698 798518
114059 -841719 735907 -226241
-125036 -176108 40562 548562
499267 -468000 -125036 -176108
46561 -513777 800075 -522583
-911533 287368 -683559 423273
869604 882725 -976985 -755685
-518796 927278 407798 300609
-116882 204944 -228095 -485710
713984 329440 14646 -288263
40562 548562 -698196 -559318
-592546 855181 440543 768161
447745 -262946 -406280 5700
-331969 -727971 613223 -929859
-329990 918120 -195595 444376
483352 267406 -928927 574764
-36070 41991 831444 -824290
744519 356916 -472316 282200
324576 852050 302188 -955441
661406 790173 613223 -929859
-525749 -223643 -259783 -338625
448580 -344846 -142922 -33239
-830993 -535179 354098 410605
-368544 -78493 -190091 556408
318875 298209 -163779 82610
-121448 272750 -137789 -772428
218322 289721 64021 93541
-73653 -150698 -319473 -4800
-597934 750314 -168396 679722
857358 -672932 -929911 544190
641832 -141987 -770249 -990254
987881 -338096 -763640 549750
719311 -16507 869604 882725
-116882 204944 443482 896966
476835 204828 299168 766470
-928927 574764 -331969 -727971
-509360 -254610 -406280 5700
169512 -736579 -472316 282200
312870 -860912 -764443 439823
461327 -963546 735907 -226241
730190 -864229 122730 -424087
-980644 -760818 731315 596079
-116882 204944 398875 957470
440543 768161 270028 275675
765500 62883 -712831 47323
-125036 -176108 -751596 327005
-415708 -865731 -188666 -131480
885693 214155 312870 -860912
-320757 446909 -465020 831753
790661 349621 377636 908327
-676834 326613 922542 -261881
67256 124169 194763 80314
-596226 -535779 308238 -753313
174812 448000 905459 -970785
577423 -31308 261566 278345
-437576 -36179 -871969 -665798
-36070 41991 393723 -188570
-613946 173839 934125 -458960
324576 852050 -108923 357782
-401564 -593645 452236 -746871
-189648 -126112 452236 -746871
-492460 -16184 -910788 881320
613223 -929859 452236 -746871
-476578 46934 67691 425839
-363960 774266 407798 300609
-104926 -578092 80280 -783270
920160 -493640 -830993 -535179
648852 -552025 155838 -686363
-278268 -89193 419354 590839
-534703 937029 -418352 -21593
-922930 -968659 -689769 -52821
-225343 -856141 442710 -604518
219061 -134584 94318 970974
439802 -108688 613248 456094
136244 928097 147604 -567384
846933 -422734 -121448 272750
113738 -153593 -962071 -488337
692078 -884699 452236 -746871
-999690 173277 915015 782355
-751596 327005 -157900 504449
920020 -560656 -214035 171181
-169808 -283549 404885 597406
707938 -469529 -851952 256366
-225343 -856141 439802 -108688
598723 369231 84759 -796220
-384916 870487 -770249 -990254
-763640 549750 -669983 369005
-401564 -593645 -745739 -540278
-401564 -593645 -114968 444352
136244 928097 94318 970974
787228 -336327 259222 600881
-214587 -713327 537037 -289793
-157653 -933499 -732938 -884613
-156561 59823 -560995 47133
617165 -907405 715230 -628186
-994650 359405 374255 -440542
-799544 -782112 -547151 197123
230428 834346 914463 571866
577423 -31308 700589 -720484
113738 -153593 229452 -735130
635939 699633 -547933 -357784
-586304 -721197 -384916 870487
-763640 549750 339280 -119914
528197 741188 -163779 82610
273852 696184 -157653 -933499
-475246 190544 439802 -108688
461327 -963546 -436347 997077
-384916 870487 -116316 -373992
275137 482328 123514 172636
113738 -153593 -509728 723753
-541789 -59865 -228095 -485710
327108 -621830 126384 119551
122730 -424087 -319545 578130
692078 -884699 -259783 -338625
93047 -458506 -331969 -727971
-233458 766334 43147 -961065
43147 -961065 -217349 -364717
719776 -431127 -14403 -680502
57966 -705241 -895241 -535024
-472152 -19995 -671508 -374552
-717848 228026 574928 790864
800075 -522583 608114 -288926
-297394 -300259 -85297 46606
344179 655297 354098 410605
-401564 -593645 -932841 -861312
-580484 632175 277111 437504
218528 156999 -415805 -216443
377636 908327 575508 -752982
439172 -791885 -42754 -342756
-189648 -126112 -179522 352672
-468507 -409090 -558404 -437975
183184 142245 -816802 -556645
-745739 -540278 393723 -188570
-770249 -990254 284852 -758375
-157900 504449 -842246 700417
-928576 78294 -492460 -16184
58493 -749629 -671508 -374552
-617083 598030 -329990 918120
-978530 -573784 -727467 141122
327108 -621830 218528 156999
737536 815522 738164 -782248
454456 -236939 -747729 320426
641832 -141987 320646 290956
256412 -19661 -518796 927278
-731225 283818 -14403 -680502
-871247 -851711 -712831 47323
666101 478860 -598900 463910
221918 333200 -31152 410688
-770249 -990254 -121448 272750
663622 470828 -698196 -559318
670829 229963 122730 -424087
461327 -963546 765500 62883
-425917 396011 608114 -288926
-240235 -933170 267886 -870166
-36070 41991 -384113 409374
123514 172636 -383806 991011
64021 93541 -189648 -126112
589913 753838 439172 -791885
123514 172636 -856429 -263887
261566 278345 312870 -860912
737536 815522 -727467 141122
-101093 722129 439397 -788841
219061 -134584 -816802 -556645
-49776 120476 259995 731110
229452 -735130 936963 451808
-508640 569126 -876658 926443
-727467 141122 308238 -753313
273852 696184 46561 -513777
-99602 427641 -944824 404853
57966 -705241 476835 204828
-672020 -151598 325283 600968
-979006 802540 635939 699633
123514 172636 -853246 -422768
989160 -346049 923072 372392
333003 -529466 -525749 -223643
312870 -860912 -547151 197123
-868685 116997 594403 389088
-731225 283818 -631839 -189261
478648 454084 635939 699633
987881 -338096 123514 172636
96055 320412 -745739 -540278
66316 -309324 -883922 870840
454456 -236939 -976985 -755685
277111 437504 726506 -306189
-900315 -152712 -170829 -977602
-169808 -283549 443482 896966
-509650 131290 846933 -422734
-853246 -422768 -181423 -846855
320646 290956 -440271 -851190
914463 571866 -727165 809842
466794 900876 277111 437504
-745739 -540278 347042 -810975
511406 316891 652227 -361233
67691 425839 94318 970974
885693 214155 443073 -173571
591326 -921072 84759 -796220
-717848 228026 -132119 -824597
-111416 -760957 -981957 140566
476835 204828 -188666 -131480
-388134 800957 -406280 5700
-669983 369005 -359720 -990417
582188 -867207 -805760 -552084
936963 451808 948416 436002
-566537 635520 715741 618176
550288 813375 511406 316891
699564 -66402 -851952 256366
591326 -921072 -363960 774266
997483 192837 439172 -791885
563228 -213625 666101 478860
-669983 369005 -504570 512875
325283 600968 324576 852050
136244 928097 -189648 -126112
454456 -236939 865729 737068
-78293 -225036 460040 233737
-329990 918120 -598900 463910
737536 815522 613223 -929859
833754 816109 -613749 -786072
-49776 120476 219061 -134584
256849 -446611 602463 -373125
-936709 756834 735907 -226241
753988 954672 936963 451808
-864186 -800482 -222176 836972
-73653 -150698 321856 -188056
242828 -51014 661275 351868
658216 -173225 -508640 569126
765500 62883 -233682 954581
-415708 -865731 -331969 -727971
-755392 902748 -521848 974264
-36070 41991 861184 -482559
572400 -451962 -439698 798518
318875 298209 -617083 598030
884528 -639572 122730 -424087
-910788 881320 252308 55491
437408 -219463 -805760 -552084
993316 -809915 478002 -306091
787228 -336327 968709 -188470
-629041 -156920 998457 8805
716955 337381 -384113 409374
-504570 512875 -325679 43409
-489106 -963637 95199 355226
695372 673179 -359720 -990417
-492955 131566 -190091 556408
-986354 957337 -702095 983369
-853246 -422768 169512 -736579
-941605 -921527 -910788 881320
516742 -347910 992730 895727
669975 -668017 -160218 -174634
114059 -841719 554864 490818
734593 -106130 -384113 409374
-114910 -853494 936963 451808
439397 -788841 339280 -119914
-170829 -977602 14646 -288263
786978 77597 -181272 208341
-240235 -933170 661406 790173
-123955 -780442 -999690 173277
936963 451808 922542 -261881
631457 -981803 730190 -864229
-558404 -437975 -551583 752138
-871969 -665798 229452 -735130
658216 -173225 -217349 -364717
46561 -513777 14646 -288263
575508 -752982 962324 791978
-944824 404853 308238 -753313
267886 -870166 -297394 -300259
-816802 -556645 731315 596079
-632493 -110929 -214587 -713327
923072 372392 499475 -700961
999140 -426775 439802 -108688
786978 77597 -42754 -342756
-108923 357782 -822497 55743
174812 448000 499475 -700961
-635074 154098 862385 388315
-442806 -506073 261566 278345
-525749 -223643 -169808 -283549
439802 -108688 174812 448000
564075 575113 -551988 -206758
707938 -469529 989160 -346049
-320757 446909 -764443 439823
573260 125057 897996 -773197
54618 978060 885379 -880746
437408 -219463 -247898 -912345
292201 -830569 934125 -458960
-357240 975650 -170829 -977602
347042 -810975 -259783 -338625
-994650 359405 -247898 -912345
-629041 -156920 -764443 439823
460040 233737 447745 -262946
-521848 974264 439397 -788841
-123955 -780442 833754 816109
-214035 171181 529063 -696693
169512 -736579 578173 92274
-12618 -985127 -718315 325092
-984535 -841487 -763301 253751
-492460 -16184 -671508 -374552
-824250 -442660 67256 124169
550288 813375 794187 488309
715741 618176 885693 214155
-62218 18553 -23620 253842
333488 156794 -770249 -990254
915015 782355 -363960 774266
-437576 -36179 395809 -857356
169512 -736579 229452 -735130
-192013 -839472 548472 860513
-727467 141122 -259604 187728
692032 -852230 578173 92274
273852 696184 -331155 -645913
794187 488309 -936381 889755
-502653 -149988 719776 -431127
-994650 359405 -824250 -442660
-475246 190544 136244 928097
-871247 -851711 233608 376418
-331969 -727971 699564 -66402
735471 394512 -726262 958710
572920 377859 -247898 -912345
439397 -788841 -266285 -591613
113738 -153593 374255 -440542
-28382 848649 914463 571866
-214035 171181 -214587 -713327
333003 -529466 719311 -16507
-502653 -149988 256849 -446611
735471 394512 924745 835573
-363960 774266 695372 673179
185617 -720596 753988 954672
-233458 766334 325283 600968
84759 -796220 987881 -338096
461327 -963546 -211134 453886
-468507 -409090 230428 834346
960193 -168385 -259604 187728
999140 -426775 992730 895727
-368544 -78493 -134514 -530297
323098 263090 -114910 -853494
-23620 253842 -409715 395782
-539932 -641554 507727 -494054
-442806 -506073 -732938 -884613
-368544 -78493 -260207 248437
-378959 602167 -465020 831753
80280 -783270 -589399 174780
259222 600881 -489106 -963637
993316 -809915 14646 -288263
791573 -875301 -114910 -853494
327413 -964880 -359720 -990417
-502653 -149988 -726503 -785666
529063 -696693 358673 -505313
-329990 918120 707938 -469529
-932841 -861312 -49776 120476
499267 -468000 302188 -955441
831444 -824290 -698196 -559318
123618 -57139 -406280 5700
-331969 -727971 -899534 778137
644029 591042 613248 456094
-999690 173277 136244 928097
-242544 -179150 -468507 -409090
663622 470828 -129352 -98358
344321 443073 40562 548562
659646 -926732 -251390 582651
-613749 -786072 -42754 -342756
-99602 427641 961010 -780931
658216 -173225 924745 835573
218528 156999 407225 -48297
730190 -864229 229452 -735130
-592253 847521 -755392 902748
511406 316891 -631839 -189261
327413 -964880 -868685 116997
-331969 -727971 310735 281634
994068 240397 233608 376418
-824250 -442660 -598900 463910
318875 298209 -508640 569126
753988 954672 -160218 -174634
-111416 -760957 135593 -542879
-492460 -16184 -629041 -156920
-589399 174780 -763301 253751
-23620 253842 -225343 -856141
992141 -957137 -830993 -535179
-876658 926443 -399151 -961778
-895241 -535024 721699 297635
-189648 -126112 554864 490818
130986 506974 -78293 -225036
-475246 190544 -751748 408692
-936709 756834 -928927 574764
127674 502060 -509650 131290
293724 -186095 -472316 282200
320646 290956 -530759 -140251
-251390 582651 786978 77597
548472 860513 513548 772584
-932841 -861312 135593 -542879
857358 -672932 -78293 -225036
-289862 911842 495648 979718
966800 747147 -378959 602167
-747729 320426 -383806 991011
329032 612440 -214035 171181
-157900 504449 -731225 283818
-192013 -839472 -898665 993895
-853246 -422768 -384113 409374
-755392 902748 513548 772584
374255 -440542 238557 349515
-718315 325092 -732938 -884613
-336256 390603 284852 -758375
-747729 320426 230428 834346
999140 -426775 -718227 -180100
267508 764806 419354 590839
730190 -864229 344321 443073
669975 -668017 -512595 88195
-80070 101577 -163779 82610
-530759 -140251 -36070 41991
989160 -346049 -898665 993895
-632493 -110929 868213 -147297
-928576 78294 -910788 881320
358979 -453309 -842246 700417
-195595 444376 443482 896966
377636 908327 659646 -926732
-157653 -933499 -432574 825195
714785 236128 155838 -686363
-415805 -216443 -16941 81141
-331969 -727971 312870 -860912
-496076 583271 572920 377859
358979 -453309 791573 -875301
749235 -162960 -590627 963995
40562 548562 -114910 -853494
548472 860513 -698196 -559318
114059 -841719 721699 297635
407225 -48297 -156561 59823
-805760 -552084 -871247 -851711
499475 -700961 -331155 -645913
-509360 -254610 358979 -453309
575508 -752982 896742 -404042
-183571 126863 -547151 197123
-180266 841478 -727165 809842
374255 -440542 -437404 198062
-133680 84756 -512595 88195
913974 88812 -936709 756834
511406 316891 -101093 722129
924745 835573 793540 -245262
-752780 172315 781982 687125
96055 320412 -864186 -800482
913974 88812 734593 -106130
-472152 -19995 96410 -408103
491805 -318166 -414531 -208274
-440271 -851190 -227364 -437513
469217 967657 -12641 -84913
-23620 253842 781982 687125
312870 -860912 230428 834346
-320757 446909 -519992 496574
-580484 632175 -592546 855181
-121448 272750 -159701 -578810
525765 -537763 54618 978060
478648 454084 641922 -517367
-618429 684499 707938 -469529
-78293 -225036 -363960 774266
765500 62883 -169814 -194388
-941605 -921527 -289862 911842
-530759 -140251 106860 171366
185617 -720596 324576 852050
566740 -576398 -158336 -218555
-613749 -786072 923072 372392
948416 436002 -183571 126863
43147 -961065 613248 456094
-190091 556408 -671508 -374552
-618429 684499 -311233 -855444
-137789 -772428 591374 -412298
749235 -162960 -936381 889755
-73653 -150698 -240235 -933170
-899534 778137 885693 214155
-763640 549750 737536 815522
-871969 -665798 127674 502060
868213 -147297 961010 -780931
308238 -753313 772514 -639402
-981957 140566 -104926 -578092
-179522 352672 284852 -758375
324576 852050 -168396 679722
613223 -929859 550288 813375
719776 -431127 715741 618176
913974 88812 -242544 -179150
-160218 -174634 415675 -108121
-142922 -33239 305517 -710472
324576 852050 -62218 18553
-984535 -841487 489967 441756
731315 596079 -782682 996801
-70435 -819408 -979006 802540
-100793 -173261 -608461 -751220
749235 -162960 -988963 928667
987881 -338096 896742 -404042
897996 -773197 -525749 -223643
865055 859964 -442806 -506073
-14403 -680502 -383806 991011
-613946 173839 716955 337381
719776 -431127 -782682 996801
-468507 -409090 -240235 -933170
483352 267406 -442806 -506073
975388 -537221 -871969 -665798
-222176 836972 -513200 903941
-42754 -342756 478648 454084
744519 356916 143984 -477464
-384916 870487 299168 766470
757926 90586 -399151 -961778
-667633 241572 591374 -412298
-170829 -977602 -169814 -194388
-183582 -544371 320646 290956
468954 728300 920160 -493640
-174320 82390 217504 -962689
730190 -864229 -698196 -559318
869604 882725 -388134 800957
790661 349621 440543 768161
868213 -147297 574928 790864
-824250 -442660 54618 978060
164271 207520 -476578 46934
573217 -165855 452236 -746871
454456 -236939 997483 192837
-319545 578130 -141124 -997840
992141 -957137 -712831 47323
663622 470828 -900315 -152712
86083 104377 123618 -57139
194763 80314 -247898 -912345
-233458 766334 -876658 926443
40562 548562 885379 -880746
-168396 679722 -440271 -851190
-247898 -912345 -981957 140566
-667633 241572 -172380 879369
322399 -619541 -726503 -785666
-158336 -218555 322399 -619541
122730 -424087 550288 813375
-936709 756834 -667633 241572
442710 -604518 715230 -628186
200867 -722718 443482 896966
-530759 -140251 812957 -304912
270028 275675 238557 349515
466794 900876 147604 -567384
594403 389088 915015 782355
744519 356916 58493 -749629
716955 337381 -941605 -921527
715741 618176 -932841 -861312
772514 -639402 461327 -963546
277111 437504 -129352 -98358
936963 451808 516742 -347910
-99602 427641 927935 -914636
-311233 -855444 126384 119551
-80070 101577 -43906 -598953
-415805 -216443 -906107 224049
548472 860513 781864 847098
284852 -758375 -436347 997077
-425917 396011 -830993 -535179
-163779 82610 713984 329440
626919 974248 804623 -577355
-930698 -615801 848023 -113475
-325679 43409 -475246 190544
-31152 410688 -512595 88195
46561 -513777 846933 -422734
-12618 -985127 786978 77597
-228095 -485710 321856 -188056
-492955 131566 -114968 444352
700589 -720484 -999690 173277
-104926 -578092 377220 61522
923072 372392 277111 437504
-731225 283818 -116316 -373992
-98199 -624151 995181 409919
920020 -560656 772514 -639402
992730 895727 -222176 836972
968709 -188470 -108923 357782
667619 -946860 245332 -355633
962324 791978 -816802 -556645
-876658 926443 995181 409919
358979 -453309 333003 -529466
641832 -141987 -405893 -417523
-986354 957337 466794 900876
-999690 173277 -310362 -797166
995181 409919 -871247 -851711
490410 -634446 -547151 197123
915015 782355 94318 970974
-530759 -140251 603575 775901
327108 -621830 -613749 -786072
787228 -336327 499267 -468000
495444 472764 -492460 -16184
-629041 -156920 713984 329440
205293 660995 322399 -619541
-133680 84756 347042 -810975
-418352 -21593 586105 -61659
-547933 -357784 80280 -783270
-547933 -357784 442710 -604518
999140 -426775 995181 409919
-14403 -680502 -211134 453886
261566 278345 -629179 439506
164271 207520 823157 725749
218322 289721 -169808 -283549
95199 355226 329032 612440
692078 -884699 -42754 -342756
-732938 -884613 -864186 -800482
-509360 -254610 804623 -577355
-592253 847521 495648 979718
-509728 723753 448580 -344846
404885 597406 32665 -719612
-636761 922373 535086 -26614
135593 -542879 327108 -621830
-782682 996801 -168396 679722
535086 -26614 794187 488309
-104926 -578092 327995 775320
114059 -841719 -62218 18553
-331155 -645913 529063 -696693
995181 409919 -133680 84756
256412 -19661 -157900 504449
-227364 -437513 699564 -66402
321856 -188056 906181 -808784
-751596 327005 -635074 154098
-99602 427641 449114 -577458
-406280 5700 -850429 755559
-635643 104639 440307 120948
-114968 444352 715230 -628186
962324 791978 884528 -639572
-986354 957337 -289862 911842
-631839 -189261 -383806 991011
325283 600968 -260108 -79213
191327 -500310 -667633 241572
862385 388315 495444 472764
-751596 327005 -864186 -800482
966800 747147 663622 470828
84759 -796220 -183571 126863
329032 612440 554864 490818
-311233 -855444 -751748 408692
-979006 802540 591326 -921072
-764443 439823 64021 93541
-764443 439823 -504570 512875
447745 -262946 915015 782355
219061 -134584 -589399 174780
-169814 -194388 -336256 390603
96055 320412 -508640 569126
659646 -926732 -406280 5700
644029 591042 833754 816109
-229741 387715 -883647 -637649
-752780 172315 711843 -796601
992141 -957137 -104926 -578092
-214587 -713327 191327 -500310
-905596 780577 -388134 800957
-247898 -912345 -718227 -180100
-183571 126863 631457 -981803
760915 672194 -101093 722129
906181 -808784 -192013 -839472
-179522 352672 127674 502060
267508 764806 573217 -165855
-418352 -21593 218322 289721
-906107 224049 66316 -309324
