20
100
970067 -740434 -780528 -734516
-780528 -734516 -743006 534251
970067 -740434 -743006 534251
-780528 -734516 -810263 -126799
970067 -740434 605853 366740
-780528 -734516 248789 -451858
970067 -740434 263280 411626
-810263 -126799 -914500 -187146
248789 -451858 -707583 -696664
-707583 -696664 32816 -309226
32816 -309226 -193073 959739
-707583 -696664 193179 -459326
248789 -451858 -737497 -108939
-810263 -126799 -958478 501513
-780528 -734516 106956 564340
-810263 -126799 -308511 262783
193179 -459326 -601377 -151353
-780528 -734516 -308511 262783
605853 366740 734853 -127853
-193073 959739 605853 366740
-914500 -187146 -707583 -696664
-810263 -126799 383666 -249372
-780528 -734516 -608913 -24468
-810263 -126799 734853 -127853
970067 -740434 -707583 -696664
32816 -309226 383666 -249372
-810263 -126799 -601377 -151353
-608913 -24468 734853 -127853
-193073 959739 734853 -127853
248789 -451858 -321557 420596
32816 -309226 -958478 501513
106956 564340 371064 904151
734853 -127853 -338738 921119
-737497 -108939 -608913 -24468
263280 411626 -810263 -126799
248789 -451858 193179 -459326
371064 904151 248789 -451858
970067 -740434 -338738 921119
371064 904151 -193073 959739
106956 564340 248789 -451858
-958478 501513 -321557 420596
-958478 501513 193179 -459326
-707583 -696664 -737497 -108939
32816 -309226 -484913 121370
-737497 -108939 -193073 959739
-743006 534251 -321557 420596
-914500 -187146 694771 -977887
-707583 -696664 -308511 262783
734853 -127853 193179 -459326
371064 904151 -308511 262783
-308511 262783 605853 366740
-193073 959739 383666 -249372
-193073 959739 -707583 -696664
-743006 534251 -707583 -696664
-737497 -108939 -949172 -265541
-193073 959739 970067 -740434
-737497 -108939 193179 -459326
383666 -249372 106956 564340
-810263 -126799 -259181 -404475
-259181 -404475 694771 -977887
-743006 534251 605853 366740
694771 -977887 -338738 921119
-608913 -24468 32816 -309226
-601377 -151353 -338738 921119
-737497 -108939 970067 -740434
263280 411626 -42112 -724851
-958478 501513 -601377 -151353
-601377 -151353 -743006 534251
371064 904151 -707583 -696664
-737497 -108939 -601377 -151353
-484913 121370 5856 -695613
106956 564340 263280 411626
-780528 -734516 -193073 959739
694771 -977887 -308511 262783
-780528 -734516 32816 -309226
-608913 -24468 -330019 982671
734853 -127853 263280 411626
-601377 -151353 -193073 959739
383666 -249372 -780528 -734516
-42112 -724851 5856 -695613
970067 -740434 371064 904151
970067 -740434 694771 -977887
106956 564340 970067 -740434
-743006 534251 -810263 -126799
-737497 -108939 -42112 -724851
-949172 -265541 605853 366740
-914500 -187146 970067 -740434
-949172 -265541 193179 -459326
106956 564340 -914500 -187146
-608913 -24468 371064 904151
734853 -127853 970067 -740434
605853 366740 -608913 -24468
-338738 921119 263280 411626
-42112 -724851 -949172 -265541
32816 -309226 694771 -977887
970067 -740434 -42112 -724851
-949172 -265541 -601377 -151353
-743006 534251 -338738 921119
-737497 -108939 32816 -309226
371064 904151 -958478 501513
100
-964080 -607342 -318117 968994
-318117 968994 -503140 -968732
-503140 -968732 88180 -858394
88180 -858394 877555 -12831
-964080 -607342 252299 -733244
877555 -12831 -465516 382646
-465516 382646 252299 -733244
-964080 -607342 -387286 -575464
-318117 968994 529240 -432649
877555 -12831 113031 791902
252299 -733244 -318117 968994
-503140 -968732 781130 -545868
88180 -858394 -318117 968994
113031 791902 -318117 968994
877555 -12831 525558 -921122
113031 791902 764503 -763837
88180 -858394 688282 -145789
-503140 -968732 -964080 -607342
764503 -763837 706751 -344523
252299 -733244 706751 -344523
-318117 968994 985826 -578699
-387286 -575464 -584821 602056
706751 -344523 645119 162795
525558 -921122 529240 -432649
985826 -578699 924209 -861423
88180 -858394 -726744 49847
88180 -858394 985826 -578699
-584821 602056 113031 791902
252299 -733244 -584821 602056
-964080 -607342 -426567 179638
-726744 49847 -387286 -575464
-503140 -968732 985826 -578699
924209 -861423 -584821 602056
-584821 602056 -726744 49847
529240 -432649 88180 -858394
525558 -921122 252299 -733244
-387286 -575464 781130 -545868
-726744 49847 645119 162795
645119 162795 764503 -763837
-465516 382646 706751 -344523
-584821 602056 688282 -145789
781130 -545868 -318117 968994
-387286 -575464 450133 -373811
-387286 -575464 252299 -733244
924209 -861423 88180 -858394
-426567 179638 -726744 49847
706751 -344523 113031 791902
706751 -344523 88180 -858394
-964080 -607342 113031 791902
985826 -578699 967939 824528
-465516 382646 781130 -545868
252299 -733244 -503140 -968732
924209 -861423 -426567 179638
-584821 602056 706751 -344523
-318117 968994 645119 162795
529240 -432649 -465516 382646
450133 -373811 967939 824528
645119 162795 -426567 179638
781130 -545868 113031 791902
113031 791902 645119 162795
985826 -578699 -726744 49847
-318117 968994 924209 -861423
645119 162795 -503140 -968732
967939 824528 -726744 49847
924209 -861423 -387286 -575464
-726744 49847 781130 -545868
688282 -145789 -426567 179638
88180 -858394 -465516 382646
-318117 968994 450133 -373811
113031 791902 -726744 49847
-426567 179638 781130 -545868
688282 -145789 706751 -344523
967939 824528 529240 -432649
967939 824528 -503140 -968732
967939 824528 252299 -733244
706751 -344523 -726744 49847
-426567 179638 175225 401768
-387286 -575464 985826 -578699
645119 162795 179496 -692655
645119 162795 -964080 -607342
924209 -861423 645119 162795
985826 -578699 706751 -344523
924209 -861423 529240 -432649
179496 -692655 88180 -858394
-465516 382646 764503 -763837
924209 -861423 688282 -145789
-318117 968994 -726744 49847
-726744 49847 450133 -373811
-503140 -968732 175225 401768
764503 -763837 88180 -858394
-964080 -607342 764503 -763837
252299 -733244 781130 -545868
529240 -432649 450133 -373811
924209 -861423 -503140 -968732
-465516 382646 -426567 179638
450133 -373811 764503 -763837
179496 -692655 113031 791902
113031 791902 88180 -858394
706751 -344523 -503140 -968732
-726744 49847 688282 -145789
100
700894 -625895 -883970 -407193
700894 -625895 322355 -580820
322355 -580820 911517 815287
-883970 -407193 -68407 242639
-68407 242639 581758 20943
-68407 242639 -958532 -172569
581758 20943 322355 -580820
911517 815287 700894 -625895
-68407 242639 857466 -314920
857466 -314920 -958532 -172569
700894 -625895 -835406 -626209
-883970 -407193 -958532 -172569
-68407 242639 926385 -234891
-958532 -172569 -735028 248558
581758 20943 -294419 20306
926385 -234891 -827737 95874
-735028 248558 911517 815287
-883970 -407193 -547312 561786
700894 -625895 -33758 281350
-735028 248558 -456227 -663050
-33758 281350 -368412 -788945
700894 -625895 275897 -481639
857466 -314920 -406667 -569467
-958532 -172569 -891791 507905
-368412 -788945 911517 815287
911517 815287 -64359 657771
-406667 -569467 -260661 580774
-891791 507905 -116596 -753856
700894 -625895 -721046 -249882
-721046 -249882 13144 478255
911517 815287 -92757 339643
-406667 -569467 322355 -580820
13144 478255 911517 815287
857466 -314920 -827737 95874
-721046 -249882 -827737 95874
-64359 657771 13144 478255
-456227 -663050 474897 925829
911517 815287 -444198 -296776
-92757 339643 -68407 242639
-294419 20306 474897 925829
-827737 95874 -295729 -868182
-406667 -569467 926385 -234891
-260661 580774 -294419 20306
-64359 657771 -547312 561786
-456227 -663050 700894 -625895
926385 -234891 322355 -580820
322355 -580820 -295729 -868182
911517 815287 -456227 -663050
-883970 -407193 -406667 -569467
-891791 507905 -835406 -626209
-33758 281350 275897 -481639
-64359 657771 -68407 242639
474897 925829 -735028 248558
-92757 339643 322355 -580820
-92757 339643 -260661 580774
700894 -625895 -64359 657771
-958532 -172569 700894 -625895
275897 -481639 13144 478255
-406667 -569467 -891791 507905
-368412 -788945 -92757 339643
322355 -580820 -891791 507905
926385 -234891 857466 -314920
13144 478255 -116596 -753856
911517 815287 -547312 561786
-891791 507905 -444198 -296776
-958532 -172569 13144 478255
-64359 657771 581758 20943
-735028 248558 -444198 -296776
-891791 507905 -64359 657771
-827737 95874 -835406 -626209
-735028 248558 -721046 -249882
-33758 281350 -294419 20306
-368412 -788945 -295729 -868182
275897 -481639 -958532 -172569
-260661 580774 911517 815287
-835406 -626209 -456227 -663050
-406667 -569467 -294419 20306
581758 20943 474897 925829
-891791 507905 -827737 95874
911517 815287 -958532 -172569
-721046 -249882 911517 815287
-295729 -868182 -735028 248558
-92757 339643 -883970 -407193
-547312 561786 322355 -580820
-958532 -172569 -456227 -663050
275897 -481639 -835406 -626209
-547312 561786 -33758 281350
700894 -625895 -295729 -868182
857466 -314920 474897 925829
-827737 95874 -33758 281350
-64359 657771 -456227 -663050
-116596 -753856 275897 -481639
-116596 -753856 -294419 20306
911517 815287 -295729 -868182
-68407 242639 474897 925829
275897 -481639 -735028 248558
926385 -234891 -835406 -626209
-68407 242639 -368412 -788945
-456227 -663050 -891791 507905
-827737 95874 -294419 20306
100
-445810 705193 635193 113462
635193 113462 -516057 992293
635193 113462 -821593 118512
-516057 992293 584306 959900
-821593 118512 -516057 992293
584306 959900 299363 -97917
584306 959900 -940462 -602423
299363 -97917 636580 173765
-445810 705193 346027 823308
-940462 -602423 900840 22620
-445810 705193 467362 842607
299363 -97917 -278769 404454
635193 113462 987480 47299
635193 113462 -940462 -602423
-445810 705193 -550554 -890816
-940462 -602423 346027 823308
-278769 404454 584306 959900
-516057 992293 -923363 -982521
-821593 118512 -737833 892211
346027 823308 -821593 118512
-445810 705193 -278769 404454
584306 959900 930406 414492
930406 414492 987480 47299
299363 -97917 -910080 695412
-737833 892211 346027 823308
-923363 -982521 -944445 992913
636580 173765 -322100 310914
635193 113462 410506 487151
-737833 892211 -150842 -823633
-923363 -982521 410506 487151
-923363 -982521 635193 113462
900840 22620 -187905 -912771
900840 22620 -821593 118512
346027 823308 -516057 992293
-737833 892211 -424462 264849
346027 823308 -638311 727418
930406 414492 -445810 705193
-923363 -982521 -150842 -823633
-737833 892211 299363 -97917
299363 -97917 -940462 -602423
987480 47299 584306 959900
-638311 727418 -670230 -436436
-670230 -436436 -737833 892211
635193 113462 346027 823308
-944445 992913 900840 22620
-910080 695412 584306 959900
987480 47299 -278769 404454
-923363 -982521 466087 406334
-821593 118512 -278769 404454
-187905 -912771 466087 406334
-670230 -436436 930406 414492
-737833 892211 -322100 310914
584306 959900 -150842 -823633
987480 47299 -670230 -436436
-278769 404454 -550554 -890816
299363 -97917 -187905 -912771
-278769 404454 -940462 -602423
900840 22620 -550554 -890816
-638311 727418 584306 959900
-910080 695412 900840 22620
-445810 705193 -247252 -960153
-424462 264849 466087 406334
-821593 118512 -940462 -602423
-187905 -912771 433071 -345795
-424462 264849 900840 22620
-910080 695412 -322100 310914
-944445 992913 -737833 892211
930406 414492 -187905 -912771
900840 22620 -445810 705193
584306 959900 635193 113462
-278769 404454 -737833 892211
-187905 -912771 -322100 310914
-445810 705193 -821593 118512
636580 173765 -940462 -602423
-516057 992293 299363 -97917
346027 823308 -550554 -890816
-910080 695412 467362 842607
-150842 -823633 -550554 -890816
-638311 727418 -821593 118512
-638311 727418 -322100 310914
410506 487151 -445810 705193
346027 823308 -910080 695412
987480 47299 299363 -97917
-737833 892211 -187905 -912771
930406 414492 433071 -345795
346027 823308 -98768 502968
-910080 695412 -247252 -960153
636580 173765 433071 -345795
467362 842607 433071 -345795
-516057 992293 636580 173765
-322100 310914 -550554 -890816
-278769 404454 635193 113462
-910080 695412 636580 173765
-944445 992913 -821593 118512
-424462 264849 -944445 992913
-821593 118512 433071 -345795
410506 487151 -670230 -436436
-910080 695412 466087 406334
299363 -97917 -424462 264849
433071 -345795 -278769 404454
100
-769684 817339 -822065 961906
-769684 817339 531028 130299
-769684 817339 797593 -41123
797593 -41123 200730 339820
-769684 817339 747932 140580
531028 130299 -822065 961906
-822065 961906 484649 57602
797593 -41123 195742 -37533
531028 130299 521475 846178
195742 -37533 44976 -732291
747932 140580 353495 186417
797593 -41123 -453286 55440
-453286 55440 531028 130299
521475 846178 9417 164326
-822065 961906 195742 -37533
521475 846178 200730 339820
9417 164326 -769684 817339
797593 -41123 318763 246390
797593 -41123 -543976 -754732
-769684 817339 -130399 611629
195742 -37533 -130399 611629
531028 130299 44976 -732291
-453286 55440 -867907 578576
200730 339820 641504 -511456
641504 -511456 9417 164326
-453286 55440 -975733 662237
353495 186417 -543976 -754732
747932 140580 -572560 674016
44976 -732291 -543976 -754732
-130399 611629 -867907 578576
9417 164326 316152 315569
-453286 55440 316152 315569
484649 57602 200730 339820
-822065 961906 521475 846178
-975733 662237 -543976 -754732
-867907 578576 -822065 961906
484649 57602 195742 -37533
-572560 674016 521475 846178
44976 -732291 152067 -425427
484649 57602 9417 164326
152067 -425427 195742 -37533
-572560 674016 -453286 55440
316152 315569 44976 -732291
531028 130299 -572560 674016
353495 186417 -130399 611629
641504 -511456 -769684 817339
318763 246390 -453286 55440
318763 246390 152067 -425427
-130399 611629 974650 -96608
484649 57602 797593 -41123
353495 186417 -822065 961906
-867907 578576 200730 339820
974650 -96608 -617614 458645
-543976 -754732 -822065 961906
44976 -732291 9417 164326
-572560 674016 9417 164326
-130399 611629 200730 339820
318763 246390 531028 130299
44976 -732291 -617614 458645
484649 57602 -453286 55440
318763 246390 -975733 662237
641504 -511456 739860 -10907
531028 130299 765584 663240
739860 -10907 353495 186417
44976 -732291 797593 -41123
-822065 961906 -984792 882731
-822065 961906 641504 -511456
-572560 674016 195742 -37533
797593 -41123 -130399 611629
-130399 611629 531028 130299
531028 130299 -984792 882731
-984792 882731 -130399 611629
747932 140580 -453286 55440
-769684 817339 192718 -6235
-867907 578576 195742 -37533
-984792 882731 318763 246390
-867907 578576 484649 57602
316152 315569 739860 -10907
531028 130299 641504 -511456
641504 -511456 -617614 458645
-769684 817339 -975733 662237
-543976 -754732 484649 57602
-769684 817339 -543976 -754732
-572560 674016 -617614 458645
531028 130299 484649 57602
747932 140580 797593 -41123
747932 140580 531028 130299
-130399 611629 152067 -425427
192718 -6235 531028 130299
192718 -6235 -130399 611629
-769684 817339 765584 663240
-975733 662237 -822065 961906
-453286 55440 44976 -732291
747932 140580 318763 246390
195742 -37533 -453286 55440
195742 -37533 9417 164326
765584 663240 -453286 55440
195742 -37533 641504 -511456
318763 246390 316152 315569
-130399 611629 -975733 662237
100
928814 371546 275158 532419
928814 371546 -360257 -723439
928814 371546 264593 -107300
275158 532419 -916762 418000
-916762 418000 -279187 451728
275158 532419 782994 -710266
275158 532419 -245639 -352279
928814 371546 614221 207350
275158 532419 440816 125492
782994 -710266 -234439 -391269
-279187 451728 -234439 -391269
264593 -107300 332016 -270768
-916762 418000 -234439 -391269
332016 -270768 -731369 -786919
264593 -107300 -279187 451728
-234439 -391269 440816 125492
614221 207350 -245639 -352279
264593 -107300 614221 207350
264593 -107300 -246598 286408
614221 207350 782994 -710266
-916762 418000 -657781 562374
928814 371546 -246598 286408
-246598 286408 -657781 562374
-731369 -786919 278073 14763
-246598 286408 -731369 -786919
-246598 286408 -633003 798751
-916762 418000 -833061 519722
440816 125492 -347991 232358
-731369 -786919 -279187 451728
-657781 562374 614221 207350
782994 -710266 54845 -639162
440816 125492 -833061 519722
-657781 562374 782994 -710266
614221 207350 332016 -270768
440816 125492 -79396 252471
-245639 -352279 264593 -107300
-234439 -391269 -79396 252471
440816 125492 -369973 473842
-833061 519722 -657781 562374
-245639 -352279 -347991 232358
-633003 798751 782994 -710266
928814 371546 -657781 562374
-731369 -786919 54845 -639162
-347991 232358 264593 -107300
-833061 519722 -964084 -807086
278073 14763 440816 125492
-79396 252471 275158 532419
-633003 798751 275158 532419
-731369 -786919 275158 532419
440816 125492 332016 -270768
-347991 232358 -360257 -723439
-657781 562374 -964084 -807086
278073 14763 782994 -710266
-916762 418000 -712466 821691
278073 14763 -347991 232358
-731369 -786919 -79396 252471
54845 -639162 278073 14763
-234439 -391269 -657781 562374
264593 -107300 -633003 798751
264593 -107300 54845 -639162
-246598 286408 -369973 473842
275158 532419 264593 -107300
-234439 -391269 332975 -813504
278073 14763 928814 371546
-712466 821691 264593 -107300
332016 -270768 782994 -710266
-964084 -807086 -149767 899198
275158 532419 -360257 -723439
-149767 899198 332975 -813504
614221 207350 -369973 473842
-633003 798751 -149767 899198
278073 14763 -246598 286408
440816 125492 782994 -710266
614221 207350 54845 -639162
-79396 252471 -833061 519722
-712466 821691 -633003 798751
-347991 232358 -916762 418000
928814 371546 440816 125492
54845 -639162 -360257 -723439
332975 -813504 332016 -270768
-712466 821691 -369973 473842
278073 14763 264593 -107300
-731369 -786919 264593 -107300
332975 -813504 -633003 798751
928814 371546 -245639 -352279
264593 -107300 -833061 519722
-79396 252471 -245639 -352279
928814 371546 -149767 899198
-964084 -807086 -712466 821691
-964084 -807086 278073 14763
928814 371546 -833061 519722
-347991 232358 -369973 473842
-916762 418000 -633003 798751
-369973 473842 -964084 -807086
782994 -710266 -369973 473842
614221 207350 -916762 418000
-246598 286408 782994 -710266
-79396 252471 54845 -639162
-964084 -807086 -916762 418000
782994 -710266 -245639 -352279
100
633397 -896818 265691 -502696
633397 -896818 -269306 672029
-269306 672029 -835076 456522
633397 -896818 -351714 519564
-351714 519564 -835076 456522
265691 -502696 -445965 -666683
633397 -896818 -835076 456522
265691 -502696 -512709 849866
265691 -502696 31614 108015
265691 -502696 -347694 -99286
-835076 456522 -722600 -687865
-722600 -687865 867266 267033
-269306 672029 -512709 849866
633397 -896818 -110832 832957
31614 108015 109629 -901876
-512709 849866 -445965 -666683
-512709 849866 109629 -901876
867266 267033 -321932 -74537
-269306 672029 -722600 -687865
-347694 -99286 -269306 672029
-347694 -99286 -351714 519564
-110832 832957 109629 -901876
867266 267033 -347694 -99286
-512709 849866 -154939 753494
-347694 -99286 702980 754302
-321932 -74537 109629 -901876
-835076 456522 109629 -901876
-269306 672029 31614 108015
-347694 -99286 -445965 -666683
-835076 456522 -102360 28761
-512709 849866 -341 -600510
-445965 -666683 -102360 28761
-321932 -74537 -110832 832957
-835076 456522 -347694 -99286
109629 -901876 -994006 792439
-341 -600510 633397 -896818
-722600 -687865 791510 484730
-341 -600510 31614 108015
-154939 753494 31614 108015
-154939 753494 -835076 456522
-110832 832957 -994006 792439
-722600 -687865 -341 -600510
-102360 28761 791510 484730
867266 267033 -110832 832957
-347694 -99286 242313 -674721
-722600 -687865 -102360 28761
702980 754302 633397 -896818
791510 484730 -203385 -314817
-835076 456522 791510 484730
702980 754302 -321932 -74537
-102360 28761 265691 -502696
-722600 -687865 -994006 792439
265691 -502696 867266 267033
-154939 753494 242313 -674721
-269306 672029 265691 -502696
-351714 519564 -321932 -74537
-445965 -666683 702980 754302
242313 -674721 -110832 832957
633397 -896818 791510 484730
-154939 753494 -347694 -99286
-341 -600510 -137816 963716
31614 108015 -560748 972544
702980 754302 -722600 -687865
-445965 -666683 -110832 832957
-835076 456522 -560748 972544
-154939 753494 -203385 -314817
242313 -674721 -512709 849866
-351714 519564 791510 484730
109629 -901876 242313 -674721
-560748 972544 -341 -600510
31614 108015 -445965 -666683
-154939 753494 265691 -502696
-351714 519564 109629 -901876
-994006 792439 791510 484730
-137816 963716 31614 108015
702980 754302 543448 -739836
-722600 -687865 633397 -896818
-110832 832957 -512709 849866
-203385 -314817 -994006 792439
543448 -739836 -137816 963716
109629 -901876 -154939 753494
-102360 28761 50057 -716392
265691 -502696 543448 -739836
50057 -716392 -835076 456522
-321932 -74537 -835076 456522
-994006 792439 -102360 28761
-203385 -314817 109629 -901876
-560748 972544 -512709 849866
-203385 -314817 702980 754302
50057 -716392 -203385 -314817
265691 -502696 653620 -824645
-560748 972544 867266 267033
702980 754302 -269306 672029
-102360 28761 -203385 -314817
-994006 792439 -445965 -666683
-137816 963716 -445965 -666683
867266 267033 633397 -896818
653620 -824645 -685267 -289517
-560748 972544 265691 -502696
-321932 -74537 -994006 792439
100
-249114 59741 -902132 954565
-902132 954565 930883 -776718
-902132 954565 645793 924451
-249114 59741 6012 353120
930883 -776718 645793 924451
930883 -776718 352205 904858
645793 924451 -431783 -291638
-902132 954565 -40012 -379797
645793 924451 987914 -86383
-902132 954565 -431783 -291638
352205 904858 -902132 954565
930883 -776718 -198726 183782
-249114 59741 235524 174050
-431783 -291638 352205 904858
-198726 183782 941465 60971
-198726 183782 849474 -176232
941465 60971 352205 904858
-40012 -379797 254786 516170
235524 174050 -767824 -939228
352205 904858 -173796 -244247
-173796 -244247 645793 924451
645793 924451 235524 174050
235524 174050 987914 -86383
941465 60971 -431783 -291638
235524 174050 183500 -776492
-431783 -291638 930883 -776718
-40012 -379797 941465 60971
-173796 -244247 -828826 786394
352205 904858 -767824 -939228
235524 174050 941465 60971
930883 -776718 -828826 786394
183500 -776492 -902132 954565
254786 516170 930883 -776718
235524 174050 38876 868688
930883 -776718 987914 -86383
-198726 183782 183500 -776492
6012 353120 848695 727887
930883 -776718 963892 902964
-767824 -939228 -249114 59741
-828826 786394 -716506 297874
987914 -86383 848695 727887
-40012 -379797 963892 902964
-767824 -939228 -198726 183782
-173796 -244247 724045 308254
-173796 -244247 987914 -86383
963892 902964 -173796 -244247
930883 -776718 -437939 29241
941465 60971 645793 924451
-828826 786394 -437939 29241
-828826 786394 941465 60971
-828826 786394 848695 727887
-902132 954565 254786 516170
352205 904858 -198726 183782
849474 -176232 645793 924451
254786 516170 352205 904858
-716506 297874 963892 902964
-431783 -291638 849474 -176232
848695 727887 -198726 183782
941465 60971 -767824 -939228
-437939 29241 38876 868688
-249114 59741 -716506 297874
849474 -176232 963892 902964
254786 516170 -767824 -939228
-198726 183782 -249114 59741
-431783 -291638 -198726 183782
-431783 -291638 6012 353120
-716506 297874 987914 -86383
963892 902964 848695 727887
848695 727887 -431783 -291638
254786 516170 -173796 -244247
930883 -776718 -173796 -244247
-767824 -939228 930883 -776718
-828826 786394 -198726 183782
-173796 -244247 -716506 297874
987914 -86383 -902132 954565
-902132 954565 941465 60971
-767824 -939228 -902132 954565
352205 904858 -249114 59741
183500 -776492 -249114 59741
645793 924451 183500 -776492
-40012 -379797 -249114 59741
-437939 29241 849474 -176232
254786 516170 724045 308254
963892 902964 -902132 954565
-716506 297874 38876 868688
-40012 -379797 -431783 -291638
38876 868688 -40012 -379797
-249114 59741 724045 308254
-40012 -379797 645793 924451
-431783 -291638 -173796 -244247
-173796 -244247 -198726 183782
724045 308254 930883 -776718
-902132 954565 848695 727887
-198726 183782 -902132 954565
849474 -176232 -249114 59741
941465 60971 848695 727887
963892 902964 -828826 786394
-767824 -939228 -828826 786394
-198726 183782 235524 174050
-902132 954565 724045 308254
100
-778878 -944618 -307551 673105
-778878 -944618 562142 392536
-778878 -944618 856006 762060
856006 762060 -527258 -183592
856006 762060 -431828 -19153
-307551 673105 -104617 477827
-104617 477827 558016 894410
-527258 -183592 558016 894410
-307551 673105 -420127 -595398
-420127 -595398 79885 628251
-778878 -944618 892867 308876
-431828 -19153 -116898 155631
562142 392536 -992336 561216
79885 628251 731583 587665
-527258 -183592 -687641 -624917
-420127 -595398 731583 587665
-420127 -595398 -992336 561216
731583 587665 -527258 -183592
-992336 561216 -22856 796994
79885 628251 -150741 60684
-104617 477827 -116188 -897013
79885 628251 541509 564334
541509 564334 -128842 -33327
-431828 -19153 274698 -55867
79885 628251 -772336 -569706
892867 308876 274698 -55867
-104617 477827 79885 628251
274698 -55867 -116188 -897013
558016 894410 562142 392536
-307551 673105 793745 540299
-687641 -624917 -992336 561216
-687641 -624917 -22856 796994
856006 762060 -307551 673105
558016 894410 -112614 -662905
731583 587665 -687641 -624917
-128842 -33327 -116898 155631
-431828 -19153 793745 540299
-772336 -569706 -128842 -33327
793745 540299 731583 587665
541509 564334 -620288 -823258
731583 587665 892867 308876
-992336 561216 558016 894410
-772336 -569706 -150741 60684
-687641 -624917 -307551 673105
-620288 -823258 731583 587665
558016 894410 -620288 -823258
541509 564334 -772336 -569706
274698 -55867 -466199 51794
-104617 477827 45331 292236
892867 308876 -542796 -152177
-116898 155631 79885 628251
-431828 -19153 541509 564334
79885 628251 -22856 796994
-116188 -897013 -431828 -19153
731583 587665 -116898 155631
856006 762060 -112614 -662905
-772336 -569706 892867 308876
-431828 -19153 -128842 -33327
541509 564334 -116188 -897013
-772336 -569706 562142 392536
541509 564334 -778878 -944618
-112614 -662905 -116898 155631
-22856 796994 858046 698980
-420127 -595398 -116188 -897013
-620288 -823258 -112614 -662905
858046 698980 -992336 561216
858046 698980 731583 587665
-772336 -569706 -527258 -183592
-772336 -569706 -307551 673105
-772336 -569706 -687641 -624917
-128842 -33327 -542796 -152177
-527258 -183592 562142 392536
274698 -55867 -527258 -183592
793745 540299 558016 894410
-420127 -595398 -431828 -19153
-772336 -569706 -466199 51794
-116898 155631 -116188 -897013
-431828 -19153 45331 292236
79885 628251 -778878 -944618
-112614 -662905 -527258 -183592
-687641 -624917 45331 292236
-104617 477827 793745 540299
562142 392536 -420127 -595398
-307551 673105 558016 894410
-778878 -944618 858046 698980
-778878 -944618 -150741 60684
856006 762060 -128842 -33327
892867 308876 -116188 -897013
-527258 -183592 -116898 155631
-420127 -595398 -687641 -624917
-116188 -897013 -150741 60684
793745 540299 858046 698980
-128842 -33327 892867 308876
-542796 -152177 856006 762060
45331 292236 79885 628251
-992336 561216 45331 292236
856006 762060 274698 -55867
-420127 -595398 -466199 51794
-687641 -624917 -431828 -19153
-420127 -595398 -620288 -823258
100
-763558 388408 -702533 84813
-763558 388408 830224 524479
830224 524479 -472743 838371
-702533 84813 415262 137566
-702533 84813 -751905 459773
415262 137566 407550 -135323
830224 524479 19381 -167652
19381 -167652 -766692 -68268
-766692 -68268 -702533 84813
-766692 -68268 -751905 459773
407550 -135323 -205705 -778524
-472743 838371 747334 -471169
407550 -135323 -472743 838371
830224 524479 -766692 -68268
-702533 84813 904139 6261
407550 -135323 830224 524479
-205705 -778524 663678 54369
-766692 -68268 100818 658997
415262 137566 466461 -305805
-472743 838371 785387 358190
415262 137566 115166 914991
100818 658997 -239613 -424593
830224 524479 415262 137566
-239613 -424593 19381 -167652
115166 914991 -773863 553465
115166 914991 466461 -305805
663678 54369 100818 658997
663678 54369 415262 137566
-205705 -778524 904139 6261
747334 -471169 -612178 -302691
-751905 459773 -414601 -749775
-472743 838371 466461 -305805
466461 -305805 -291702 216095
785387 358190 -612178 -302691
466461 -305805 -751905 459773
-763558 388408 -205705 -778524
-612178 -302691 904139 6261
19381 -167652 779857 675762
407550 -135323 115166 914991
747334 -471169 -763558 388408
-763558 388408 -764468 -792489
-612178 -302691 830224 524479
-205705 -778524 115166 914991
785387 358190 -751905 459773
-205705 -778524 -766692 -68268
115166 914991 -751905 459773
-612178 -302691 -183986 -498410
-612178 -302691 -239613 -424593
779857 675762 904139 6261
663678 54369 323172 932869
-183986 -498410 323172 932869
830224 524479 466461 -305805
785387 358190 -205705 -778524
-472743 838371 -751905 459773
-763558 388408 740995 665950
100818 658997 779857 675762
-702533 84813 -205705 -778524
779857 675762 830224 524479
-239613 -424593 -205705 -778524
740995 665950 -239613 -424593
19381 -167652 323172 932869
19381 -167652 -414601 -749775
-764468 -792489 740995 665950
115166 914991 663678 54369
904139 6261 407550 -135323
-205705 -778524 -925287 939270
-414601 -749775 466461 -305805
740995 665950 407550 -135323
904139 6261 -291702 216095
415262 137566 785387 358190
740995 665950 -205705 -778524
-291702 216095 -925287 939270
779857 675762 -925287 939270
779857 675762 -766692 -68268
663678 54369 -702533 84813
785387 358190 100818 658997
-414601 -749775 100818 658997
740995 665950 100818 658997
-773863 553465 -183986 -498410
-702533 84813 -472743 838371
-763558 388408 19381 -167652
-291702 216095 747334 -471169
-239613 -424593 407550 -135323
-239613 -424593 -414601 -749775
-205705 -778524 830224 524479
-291702 216095 -773863 553465
747334 -471169 -414601 -749775
-766692 -68268 -472743 838371
466461 -305805 -702533 84813
747334 -471169 466461 -305805
-751905 459773 -205705 -778524
-205705 -778524 100818 658997
785387 358190 -763558 388408
785387 358190 -239613 -424593
-239613 -424593 -255461 -33517
-702533 84813 100818 658997
904139 6261 785387 358190
-472743 838371 -465882 -735711
904139 6261 588770 -339483
-472743 838371 19381 -167652
100
-307206 323190 -885792 603560
-885792 603560 -406517 577682
-885792 603560 -594489 -31772
-406517 577682 -706052 48763
-885792 603560 454951 -203734
-594489 -31772 -108826 -133927
454951 -203734 -594489 -31772
-706052 48763 309817 -360755
-885792 603560 -678208 -802853
-885792 603560 246565 604243
-307206 323190 309817 -360755
-678208 -802853 195836 -161166
-307206 323190 -108826 -133927
-307206 323190 -194877 -730460
-594489 -31772 -706052 48763
454951 -203734 101551 -13278
-108826 -133927 592544 -494978
-406517 577682 -108826 -133927
454951 -203734 575658 -632565
-307206 323190 575658 -632565
-706052 48763 575658 -632565
454951 -203734 195836 -161166
-194877 -730460 101551 -13278
-406517 577682 592544 -494978
575658 -632565 -678208 -802853
-406517 577682 -391756 732519
-108826 -133927 309817 -360755
246565 604243 101551 -13278
-307206 323190 90428 844829
309817 -360755 454951 -203734
-391756 732519 -423858 -478563
-108826 -133927 -325922 -446147
-307206 323190 -325922 -446147
-423858 -478563 -194877 -730460
-325922 -446147 195836 -161166
101551 -13278 575658 -632565
-678208 -802853 90428 844829
-194877 -730460 710405 -174419
-194877 -730460 -311905 -886336
710405 -174419 90428 844829
-311905 -886336 90428 844829
-678208 -802853 -108826 -133927
592544 -494978 575658 -632565
592544 -494978 195836 -161166
-311905 -886336 -307206 323190
710405 -174419 454951 -203734
-594489 -31772 710405 -174419
-194877 -730460 246565 604243
-391756 732519 -325922 -446147
-391756 732519 -620350 575785
-706052 48763 -284519 -128668
-594489 -31772 370056 -586273
454951 -203734 -620350 575785
-885792 603560 370056 -586273
-311905 -886336 -706052 48763
-594489 -31772 -406517 577682
-311905 -886336 575658 -632565
309817 -360755 -391756 732519
195836 -161166 101551 -13278
195836 -161166 309817 -360755
-284519 -128668 -885792 603560
710405 -174419 -706052 48763
592544 -494978 309817 -360755
-194877 -730460 370056 -586273
575658 -632565 -284519 -128668
370056 -586273 -803335 92163
195836 -161166 246565 604243
-885792 603560 389605 -270837
-307206 323190 -678208 -802853
-284519 -128668 195836 -161166
-423858 -478563 -678208 -802853
-678208 -802853 101551 -13278
-678208 -802853 -194877 -730460
309817 -360755 710405 -174419
-706052 48763 -678208 -802853
-594489 -31772 -325922 -446147
-284519 -128668 -594489 -31772
-706052 48763 -885792 603560
-325922 -446147 370056 -586273
246565 604243 454951 -203734
-678208 -802853 -311905 -886336
246565 604243 -706052 48763
-423858 -478563 370056 -586273
-391756 732519 90428 844829
101551 -13278 -307206 323190
-325922 -446147 -311905 -886336
454951 -203734 -391756 732519
-678208 -802853 710405 -174419
101551 -13278 -284519 -128668
-311905 -886336 -885792 603560
-391756 732519 -256915 998656
-194877 -730460 90428 844829
-325922 -446147 -194877 -730460
370056 -586273 -108826 -133927
454951 -203734 -803335 92163
-423858 -478563 592544 -494978
710405 -174419 370056 -586273
-678208 -802853 -803335 92163
710405 -174419 101551 -13278
389605 -270837 -406517 577682
100
-479658 323307 494044 -306498
-479658 323307 749936 663873
749936 663873 348211 889915
348211 889915 437444 -297885
749936 663873 -789 -397151
348211 889915 952834 -24448
952834 -24448 494044 -306498
-479658 323307 -524737 -538224
749936 663873 61924 649872
437444 -297885 -360284 755861
-524737 -538224 -498742 536855
437444 -297885 723706 938730
-498742 536855 -94953 -470424
-498742 536855 61924 649872
-524737 -538224 -932191 830521
348211 889915 -419405 -688649
-524737 -538224 -360284 755861
-789 -397151 -707438 -880761
-498742 536855 494044 -306498
749936 663873 755085 360770
-789 -397151 952834 -24448
723706 938730 -789 -397151
952834 -24448 -94953 -470424
61924 649872 80526 -901732
755085 360770 -360284 755861
-707438 -880761 -23265 394087
-419405 -688649 755085 360770
723706 938730 749936 663873
-94953 -470424 -360284 755861
80526 -901732 723706 938730
-932191 830521 952834 -24448
-707438 -880761 749936 663873
723706 938730 952834 -24448
-479658 323307 61924 649872
-498742 536855 -23265 394087
494044 -306498 -360284 755861
80526 -901732 -265687 157992
-498742 536855 227808 -587619
723706 938730 -707438 -880761
-265687 157992 61924 649872
348211 889915 723706 938730
-932191 830521 -789 -397151
952834 -24448 -452282 595613
-23265 394087 -932191 830521
-789 -397151 -265687 157992
-265687 157992 348211 889915
80526 -901732 -419405 -688649
749936 663873 80526 -901732
749936 663873 -94953 -470424
-789 -397151 -498742 536855
-932191 830521 -452282 595613
-479658 323307 -452282 595613
61924 649872 437444 -297885
-479658 323307 -419405 -688649
-707438 -880761 -94953 -470424
-360284 755861 -707438 -880761
-94953 -470424 -419405 -688649
-452282 595613 494044 -306498
-265687 157992 723706 938730
494044 -306498 227808 -587619
437444 -297885 -789 -397151
437444 -297885 755085 360770
755085 360770 -932191 830521
-498742 536855 755085 360770
-265687 157992 -360284 755861
437444 -297885 -452282 595613
227808 -587619 61924 649872
494044 -306498 -23265 394087
-23265 394087 437444 -297885
-498742 536855 437444 -297885
227808 -587619 -932191 830521
-265687 157992 -498742 536855
227808 -587619 348211 889915
-789 -397151 -452282 595613
-524737 -538224 494044 -306498
-360284 755861 -932191 830521
-707438 -880761 319339 -843292
723706 938730 -419405 -688649
-479658 323307 -360284 755861
-932191 830521 -359361 350389
319339 -843292 -359361 350389
494044 -306498 -419405 -688649
-479658 323307 -707438 -880761
-789 -397151 -360284 755861
952834 -24448 -360284 755861
-94953 -470424 -359361 350389
61924 649872 -94953 -470424
319339 -843292 -23265 394087
-265687 157992 437444 -297885
61924 649872 -419405 -688649
-23265 394087 -524737 -538224
-479658 323307 755085 360770
348211 889915 -789 -397151
-360284 755861 227808 -587619
227808 -587619 -977507 -471888
-265687 157992 755085 360770
-419405 -688649 227808 -587619
-932191 830521 494044 -306498
-452282 595613 -94953 -470424
348211 889915 -452282 595613
100
-752184 -813819 -437386 613653
-752184 -813819 60591 -851487
-437386 613653 -830651 -397766
-830651 -397766 -752184 -813819
60591 -851487 -726716 930675
-830651 -397766 -726716 930675
-752184 -813819 720234 -57108
-726716 930675 458650 -882822
-830651 -397766 60591 -851487
-437386 613653 376601 980418
-830651 -397766 -769055 49348
-437386 613653 -302424 920916
720234 -57108 -708174 724171
-302424 920916 135749 351483
-726716 930675 973400 -422971
720234 -57108 458650 -882822
-726716 930675 376601 980418
-830651 -397766 -345993 418834
-437386 613653 833446 -179732
-708174 724171 457749 945379
973400 -422971 833446 -179732
-752184 -813819 458650 -882822
376601 980418 239847 -814088
-302424 920916 -247319 544801
376601 980418 457355 -104604
-302424 920916 720234 -57108
457749 945379 -73292 -461857
239847 -814088 -769055 49348
-302424 920916 457355 -104604
973400 -422971 -437386 613653
458650 -882822 -836022 -911348
-708174 724171 458650 -882822
-73292 -461857 -836022 -911348
-437386 613653 135749 351483
-437386 613653 458650 -882822
-752184 -813819 833446 -179732
-752184 -813819 502970 -187337
973400 -422971 457355 -104604
458650 -882822 239847 -814088
458650 -882822 724178 921030
457749 945379 217522 -354853
60591 -851487 -306186 -34143
-752184 -813819 135749 351483
-73292 -461857 -302424 920916
833446 -179732 -306186 -34143
-708174 724171 217522 -354853
833446 -179732 457749 945379
135749 351483 217522 -354853
-437386 613653 -724291 -416257
-708174 724171 239847 -814088
376601 980418 458650 -882822
-73292 -461857 -345993 418834
-345993 418834 724178 921030
-726716 930675 -836022 -911348
-247319 544801 863400 -185383
-708174 724171 724178 921030
-345993 418834 -482735 122111
-345993 418834 -752184 -813819
-306186 -34143 -302424 920916
-726716 930675 -73292 -461857
502970 -187337 -345993 418834
-247319 544801 457749 945379
863400 -185383 -830651 -397766
457355 -104604 457749 945379
502970 -187337 376601 980418
502970 -187337 457355 -104604
457749 945379 239847 -814088
458650 -882822 665149 -286940
-247319 544801 -437386 613653
-726716 930675 863400 -185383
457749 945379 -302424 920916
-437386 613653 665149 -286940
-769055 49348 724178 921030
-836022 -911348 -708174 724171
502970 -187337 60591 -851487
60591 -851487 -769055 49348
376601 980418 -830651 -397766
-724291 -416257 60591 -851487
502970 -187337 239847 -814088
665149 -286940 376601 980418
502970 -187337 -73292 -461857
-437386 613653 -345993 418834
-345993 418834 239847 -814088
833446 -179732 -726716 930675
973400 -422971 -306186 -34143
-73292 -461857 239847 -814088
863400 -185383 60591 -851487
665149 -286940 -708174 724171
458650 -882822 -247319 544801
-708174 724171 -482735 122111
-73292 -461857 457355 -104604
665149 -286940 -482735 122111
-302424 920916 863400 -185383
60591 -851487 -302424 920916
724178 921030 -306186 -34143
-345993 418834 135749 351483
863400 -185383 502970 -187337
720234 -57108 -724291 -416257
-708174 724171 -247319 544801
376601 980418 833446 -179732
100
-800186 383430 746877 -234042
-800186 383430 -332087 -232816
-800186 383430 349351 -852573
746877 -234042 375547 627405
746877 -234042 828525 854609
-800186 383430 843018 -965774
-332087 -232816 349351 -852573
-332087 -232816 746877 -234042
828525 854609 -270372 894645
349351 -852573 -792130 -782244
-332087 -232816 -497794 -210969
375547 627405 828525 854609
843018 -965774 -969337 -763142
-969337 -763142 828525 854609
746877 -234042 -193765 -394456
-193765 -394456 636107 -94114
-332087 -232816 -263856 -230833
-332087 -232816 -792130 -782244
-800186 383430 636107 -94114
-497794 -210969 636107 -94114
-332087 -232816 828525 854609
-270372 894645 128262 -910808
128262 -910808 98743 -61731
828525 854609 -497794 -210969
98743 -61731 509617 -396297
843018 -965774 -332087 -232816
-193765 -394456 509617 -396297
509617 -396297 828525 854609
-800186 383430 -193765 -394456
98743 -61731 375547 627405
-332087 -232816 98743 -61731
-969337 -763142 -679271 -962067
509617 -396297 128262 -910808
349351 -852573 -193765 -394456
-263856 -230833 -670753 680913
-270372 894645 843018 -965774
746877 -234042 98743 -61731
843018 -965774 62784 252980
375547 627405 -263856 -230833
98743 -61731 635618 -445009
62784 252980 128262 -910808
-193765 -394456 375547 627405
843018 -965774 375547 627405
-497794 -210969 843018 -965774
349351 -852573 782756 378493
-670753 680913 128262 -910808
-270372 894645 98743 -61731
-263856 -230833 98743 -61731
-679271 -962067 -332087 -232816
-193765 -394456 98743 -61731
636107 -94114 -969337 -763142
62784 252980 98743 -61731
843018 -965774 741303 974855
98743 -61731 782756 378493
349351 -852573 741303 974855
636107 -94114 509617 -396297
-800186 383430 -270372 894645
62784 252980 -270372 894645
741303 974855 881032 615709
-800186 383430 128262 -910808
-193765 -394456 -792130 -782244
741303 974855 -792130 -782244
-969337 -763142 375547 627405
-800186 383430 -263856 -230833
-969337 -763142 -800186 383430
128262 -910808 636107 -94114
98743 -61731 881032 615709
746877 -234042 871266 -502585
782756 378493 -679271 -962067
843018 -965774 509617 -396297
-193765 -394456 635618 -445009
843018 -965774 -679271 -962067
-792130 -782244 -800186 383430
-679271 -962067 -980938 -560355
782756 378493 -792130 -782244
741303 974855 -263856 -230833
-263856 -230833 -980938 -560355
128262 -910808 782756 378493
-800186 383430 62784 252980
128262 -910808 746877 -234042
871266 -502585 828525 854609
509617 -396297 -497794 -210969
-670753 680913 375547 627405
62784 252980 -792130 -782244
871266 -502585 782756 378493
-800186 383430 -670753 680913
128262 -910808 635618 -445009
-800186 383430 635618 -445009
-193765 -394456 -679271 -962067
-792130 -782244 98743 -61731
741303 974855 -670753 680913
-263856 -230833 128262 -910808
-193765 -394456 843018 -965774
98743 -61731 -497794 -210969
128262 -910808 -193765 -394456
881032 615709 509617 -396297
98743 -61731 -969337 -763142
-969337 -763142 635618 -445009
741303 974855 746877 -234042
-497794 -210969 746877 -234042
100
445801 -141853 -778863 915009
-778863 915009 788527 -846502
788527 -846502 -124868 95574
-124868 95574 150128 -130438
788527 -846502 3549 194629
445801 -141853 -983613 -272397
3549 194629 -955586 567037
445801 -141853 150128 -130438
788527 -846502 -983613 -272397
-955586 567037 540744 -438379
150128 -130438 704484 268901
3549 194629 -584742 -393227
-124868 95574 540744 -438379
150128 -130438 -472392 -886766
445801 -141853 -351011 839802
-955586 567037 -936959 590097
-983613 -272397 -743050 481006
704484 268901 128632 842237
-124868 95574 307266 502878
445801 -141853 846982 759951
128632 842237 540744 -438379
3549 194629 -743050 481006
-955586 567037 -351011 839802
846982 759951 -983613 -272397
-351011 839802 -743050 481006
-778863 915009 911199 -227319
911199 -227319 -936959 590097
-743050 481006 -598115 -913183
445801 -141853 -598115 -913183
911199 -227319 -351011 839802
-778863 915009 -983613 -272397
-598115 -913183 -964206 -281087
-598115 -913183 -592641 -175228
-124868 95574 -955586 567037
150128 -130438 485752 172046
-592641 -175228 969977 229127
-351011 839802 -584742 -393227
307266 502878 846982 759951
150128 -130438 -584742 -393227
969977 229127 911199 -227319
-964206 -281087 -983613 -272397
-592641 -175228 445801 -141853
911199 -227319 -472392 -886766
969977 229127 -964206 -281087
150128 -130438 240520 -209110
-472392 -886766 788527 -846502
307266 502878 540744 -438379
-936959 590097 3549 194629
307266 502878 -84197 99416
-964206 -281087 -12716 516621
-743050 481006 969977 229127
-124868 95574 255141 -729467
-12716 516621 -778863 915009
-584742 -393227 -592641 -175228
128632 842237 -472392 -886766
-778863 915009 150128 -130438
969977 229127 445801 -141853
-12716 516621 676779 -54342
-955586 567037 128632 842237
-778863 915009 -584742 -393227
846982 759951 704484 268901
-598115 -913183 969977 229127
-592641 -175228 788527 -846502
-84197 99416 -955586 567037
128632 842237 -964206 -281087
-983613 -272397 676779 -54342
-964206 -281087 -778863 915009
255141 -729467 -351011 839802
255141 -729467 128632 842237
-936959 590097 -190226 -684753
-778863 915009 -190226 -684753
-190226 -684753 540744 -438379
540744 -438379 -592641 -175228
240520 -209110 -936959 590097
-190226 -684753 -964206 -281087
676779 -54342 -592641 -175228
255141 -729467 -936959 590097
788527 -846502 -955586 567037
-12716 516621 128632 842237
445801 -141853 -964206 -281087
-598115 -913183 150128 -130438
-983613 -272397 969977 229127
540744 -438379 255141 -729467
-598115 -913183 911199 -227319
846982 759951 911199 -227319
-598115 -913183 846982 759951
-936959 590097 -983613 -272397
150128 -130438 911199 -227319
-743050 481006 255141 -729467
-743050 481006 150128 -130438
704484 268901 3549 194629
846982 759951 -964206 -281087
-592641 -175228 -743050 481006
-598115 -913183 -236125 200515
-351011 839802 -472392 -886766
704484 268901 188355 144907
3549 194629 128632 842237
676779 -54342 150128 -130438
485752 172046 911199 -227319
704484 268901 540744 -438379
100
-720114 34120 -565017 -291919
-565017 -291919 389249 532264
-720114 34120 -722610 -233557
-722610 -233557 475454 -700985
-565017 -291919 -39489 342470
475454 -700985 802071 -488020
-722610 -233557 -532517 -482907
-532517 -482907 802071 -488020
475454 -700985 419341 -179611
475454 -700985 -845739 -394875
419341 -179611 -39489 342470
-532517 -482907 -565017 -291919
475454 -700985 39987 512205
-722610 -233557 325996 384818
-845739 -394875 156958 -304855
389249 532264 39987 512205
-532517 -482907 -138140 -508881
419341 -179611 325996 384818
475454 -700985 -138140 -508881
-565017 -291919 796428 -978277
-565017 -291919 -448681 -187831
-39489 342470 631513 -827531
325996 384818 -448681 -187831
796428 -978277 -274199 44878
39987 512205 -866286 972199
802071 -488020 156958 -304855
156958 -304855 -448681 -187831
-274199 44878 -138140 -508881
156958 -304855 -720114 34120
-532517 -482907 156958 -304855
-532517 -482907 645561 -840887
631513 -827531 -362173 779120
-720114 34120 419341 -179611
389249 532264 645561 -840887
-845739 -394875 -722610 -233557
796428 -978277 389249 532264
325996 384818 -185054 269127
39987 512205 796428 -978277
-565017 -291919 -722610 -233557
475454 -700985 -39489 342470
-185054 269127 802071 -488020
39987 512205 -362173 779120
-138140 -508881 921879 -950818
796428 -978277 -138140 -508881
-185054 269127 -362173 779120
-138140 -508881 645561 -840887
-274199 44878 -720114 34120
-722610 -233557 600076 756494
-845739 -394875 -39489 342470
39987 512205 -274199 44878
921879 -950818 -720114 34120
600076 756494 39987 512205
-720114 34120 -258313 696930
-39489 342470 645561 -840887
645561 -840887 -722610 -233557
-39489 342470 -362173 779120
645561 -840887 -185054 269127
-274199 44878 -565017 -291919
796428 -978277 802071 -488020
-258313 696930 802071 -488020
-720114 34120 796428 -978277
796428 -978277 921879 -950818
796428 -978277 645561 -840887
-274199 44878 -39489 342470
-722610 -233557 921879 -950818
156958 -304855 475454 -700985
802071 -488020 -362173 779120
475454 -700985 -720114 34120
-866286 972199 -565017 -291919
419341 -179611 -258313 696930
802071 -488020 -720114 34120
-274199 44878 -31933 538378
-866286 972199 -720114 34120
-565017 -291919 -258313 696930
-185054 269127 -866286 972199
-362173 779120 156958 -304855
-532517 -482907 -362173 779120
600076 756494 -845739 -394875
475454 -700985 -274199 44878
325996 384818 -845739 -394875
600076 756494 -554574 697847
600076 756494 -185054 269127
-532517 -482907 -31933 538378
-722610 -233557 389249 532264
-866286 972199 631513 -827531
-138140 -508881 389249 532264
-258313 696930 -554574 697847
-138140 -508881 -362173 779120
39987 512205 631513 -827531
-866286 972199 -532517 -482907
631513 -827531 -720114 34120
325996 384818 475454 -700985
796428 -978277 -554574 697847
-362173 779120 -274199 44878
-362173 779120 -258313 696930
475454 -700985 796428 -978277
-866286 972199 -39489 342470
600076 756494 -258313 696930
645561 -840887 -554574 697847
-845739 -394875 -565017 -291919
100
-272322 133363 976587 741394
976587 741394 191181 659019
976587 741394 509321 288929
191181 659019 92902 413593
92902 413593 -468784 221266
92902 413593 290252 738359
976587 741394 577569 513133
509321 288929 944682 809805
509321 288929 783699 797083
-272322 133363 975540 265320
191181 659019 -604141 578322
-468784 221266 577569 513133
290252 738359 625128 -815235
976587 741394 955886 187718
191181 659019 937049 566511
625128 -815235 -602959 -682169
509321 288929 -487441 815373
191181 659019 -592119 970389
976587 741394 290252 738359
92902 413593 -604141 578322
944682 809805 -910800 1543
975540 265320 -303414 -334476
-592119 970389 -174572 30637
509321 288929 -592119 970389
783699 797083 80438 815660
-487441 815373 783699 797083
-487441 815373 191181 659019
-272322 133363 -503057 329577
-174572 30637 -742684 854314
-303414 -334476 -592119 970389
-602959 -682169 783699 797083
191181 659019 509321 288929
-592119 970389 577569 513133
-742684 854314 937049 566511
-742684 854314 -592119 970389
955886 187718 829710 900740
80438 815660 -592119 970389
-742684 854314 -487441 815373
-742684 854314 625128 -815235
976587 741394 -303414 -334476
937049 566511 -503057 329577
-503057 329577 524625 883592
92902 413593 509321 288929
-742684 854314 92902 413593
-272322 133363 -253779 -937885
80438 815660 489601 -780596
-910800 1543 290252 738359
-592119 970389 625128 -815235
524625 883592 783699 797083
524625 883592 -592119 970389
-487441 815373 829710 900740
783699 797083 -303414 -334476
975540 265320 -602959 -682169
80438 815660 -604141 578322
625128 -815235 -175739 -205717
944682 809805 937049 566511
829710 900740 509321 288929
577569 513133 80438 815660
955886 187718 937049 566511
-602959 -682169 -910800 1543
524625 883592 290252 738359
-602959 -682169 -478486 -320483
625128 -815235 509321 288929
191181 659019 -175739 -205717
-253779 -937885 -468784 221266
975540 265320 -742684 854314
-253779 -937885 -174572 30637
625128 -815235 -478486 -320483
625128 -815235 -253779 -937885
955886 187718 625128 -815235
955886 187718 -602959 -682169
92902 413593 -602959 -682169
-478486 -320483 -253779 -937885
290252 738359 829710 900740
-742684 854314 524625 883592
-478486 -320483 -742684 854314
-487441 815373 975540 265320
783699 797083 577569 513133
944682 809805 625128 -815235
-487441 815373 -253779 -937885
80438 815660 191181 659019
191181 659019 524625 883592
-272322 133363 -742684 854314
975540 265320 -503057 329577
-303414 -334476 577569 513133
-174572 30637 -503057 329577
944682 809805 -604141 578322
-487441 815373 944682 809805
829710 900740 -303414 -334476
-468784 221266 625128 -815235
290252 738359 577569 513133
509321 288929 -503057 329577
944682 809805 976587 741394
-468784 221266 -174572 30637
-602959 -682169 -272322 133363
-175739 -205717 80438 815660
937049 566511 92902 413593
577569 513133 -478486 -320483
577569 513133 -174572 30637
-303414 -334476 -910800 1543
100
-443596 -171226 -725582 785538
-725582 785538 7937 -713678
-725582 785538 822205 380696
-725582 785538 419988 139059
-443596 -171226 32722 -756708
-725582 785538 505848 -211059
505848 -211059 701997 -339927
-725582 785538 483694 -670132
822205 380696 895779 242841
822205 380696 -22524 867681
701997 -339927 1676 -754134
505848 -211059 483694 -670132
483694 -670132 -443596 -171226
-443596 -171226 -530742 179163
-725582 785538 895779 242841
701997 -339927 -350274 220729
701997 -339927 419988 139059
419988 139059 -22524 867681
32722 -756708 -694308 66122
419988 139059 -530742 179163
822205 380696 939998 880859
419988 139059 -629834 642934
-22524 867681 -350274 220729
1676 -754134 -350274 220729
-725582 785538 32722 -756708
701997 -339927 -381935 -757542
-381935 -757542 283783 -44730
822205 380696 483694 -670132
32722 -756708 283783 -44730
-22524 867681 144011 1598
939998 880859 222287 750307
7937 -713678 374918 678319
-694308 66122 -629834 642934
-694308 66122 7937 -713678
895779 242841 483694 -670132
144011 1598 -381935 -757542
-350274 220729 -629834 642934
-350274 220729 205043 71091
-350274 220729 895779 242841
-530742 179163 374918 678319
374918 678319 -655266 -561279
-694308 66122 822205 380696
419988 139059 822205 380696
895779 242841 -329322 74735
701997 -339927 -329322 74735
222287 750307 -381935 -757542
939998 880859 1676 -754134
-694308 66122 419988 139059
701997 -339927 374918 678319
-655266 -561279 349202 431359
483694 -670132 -694308 66122
-350274 220729 349202 431359
-381935 -757542 1676 -754134
-694308 66122 -725582 785538
-22524 867681 -381935 -757542
374918 678319 349202 431359
283783 -44730 895779 242841
822205 380696 -604467 911019
895779 242841 144011 1598
822205 380696 -795261 260144
-443596 -171226 7937 -713678
-694308 66122 701997 -339927
-22524 867681 -795261 260144
-530742 179163 -329322 74735
505848 -211059 -629834 642934
205043 71091 -694308 66122
-694308 66122 374918 678319
222287 750307 -629834 642934
701997 -339927 32722 -756708
419988 139059 -795261 260144
-629834 642934 7937 -713678
701997 -339927 222287 750307
-604467 911019 374918 678319
374918 678319 505848 -211059
-329322 74735 -381935 -757542
701997 -339927 939998 880859
-655266 -561279 505848 -211059
-22524 867681 -604467 911019
-329322 74735 822205 380696
7937 -713678 895779 242841
222287 750307 -443596 -171226
-530742 179163 939998 880859
701997 -339927 847902 27161
144011 1598 -530742 179163
-329322 74735 -289242 86582
32722 -756708 -795261 260144
32722 -756708 -530742 179163
895779 242841 -629834 642934
7937 -713678 -22524 867681
895779 242841 1676 -754134
32722 -756708 -381935 -757542
1676 -754134 -329322 74735
-350274 220729 -329322 74735
-725582 785538 847902 27161
-795261 260144 939998 880859
-329322 74735 483694 -670132
7937 -713678 -350274 220729
-443596 -171226 962064 906367
1676 -754134 283783 -44730
962064 906367 -289242 86582
100
324005 -273117 921549 -431783
324005 -273117 995324 -694999
921549 -431783 -214693 -458125
995324 -694999 -891587 143164
-214693 -458125 959435 643888
-891587 143164 959435 643888
921549 -431783 -390422 -664616
995324 -694999 -961449 642989
-390422 -664616 -891587 143164
-214693 -458125 -179871 652035
-891587 143164 -255162 903660
-179871 652035 597868 -661860
-891587 143164 -950605 269131
921549 -431783 959435 643888
-179871 652035 995324 -694999
-390422 -664616 -78792 335591
-78792 335591 959435 643888
-214693 -458125 582692 113331
-255162 903660 292001 -298266
-255162 903660 -610259 614559
-950605 269131 866095 -98967
-950605 269131 48025 214935
995324 -694999 467322 -446455
467322 -446455 324005 -273117
292001 -298266 597868 -661860
-179871 652035 -57722 679827
959435 643888 -57722 679827
292001 -298266 398142 -646221
-950605 269131 -78792 335591
921549 -431783 682730 -743031
866095 -98967 -755979 -714652
-610259 614559 -78792 335591
-950605 269131 204646 -287719
-214693 -458125 -891587 143164
-214693 -458125 -210149 399526
682730 -743031 -179871 652035
-179871 652035 866095 -98967
597868 -661860 -610259 614559
-891587 143164 428407 580315
292001 -298266 -78792 335591
-179871 652035 324005 -273117
204646 -287719 292001 -298266
959435 643888 682730 -743031
-390422 -664616 451831 387017
-255162 903660 -950605 269131
398142 -646221 -214693 -458125
451831 387017 995324 -694999
-891587 143164 324005 -273117
-214693 -458125 -55539 416875
-55539 416875 921549 -431783
451831 387017 -891587 143164
398142 -646221 428407 580315
-891587 143164 582692 113331
597868 -661860 -57722 679827
-57722 679827 866095 -98967
-755979 -714652 451831 387017
-610259 614559 995324 -694999
-78792 335591 -179871 652035
-78792 335591 582692 113331
866095 -98967 877056 -27511
292001 -298266 582692 113331
-55539 416875 959435 643888
324005 -273117 -255162 903660
-255162 903660 -57722 679827
428407 580315 866095 -98967
467322 -446455 -78792 335591
-214693 -458125 -950605 269131
877056 -27511 324005 -273117
866095 -98967 398142 -646221
-961449 642989 682730 -743031
921549 -431783 866095 -98967
866095 -98967 -210149 399526
959435 643888 866095 -98967
682730 -743031 -950605 269131
-78792 335591 48025 214935
-961449 642989 -610259 614559
467322 -446455 -950605 269131
-950605 269131 428407 580315
-961449 642989 582692 113331
-179871 652035 204646 -287719
-950605 269131 451831 387017
877056 -27511 -179871 652035
48025 214935 809041 531646
597868 -661860 -214693 -458125
-55539 416875 866095 -98967
995324 -694999 582692 113331
682730 -743031 292001 -298266
-950605 269131 -610259 614559
-214693 -458125 324005 -273117
582692 113331 -755979 -714652
-961449 642989 597868 -661860
-755979 -714652 -210149 399526
597868 -661860 428407 580315
-610259 614559 -55539 416875
809041 531646 -610259 614559
292001 -298266 -57722 679827
-891587 143164 -755979 -714652
-214693 -458125 451831 387017
467322 -446455 204646 -287719
582692 113331 866095 -98967
100
349801 323213 -631995 -516348
-631995 -516348 -192275 8901
-631995 -516348 800717 244591
-631995 -516348 -71111 365295
800717 244591 -248424 -934559
-192275 8901 -364307 96277
-631995 -516348 -325338 -789409
-71111 365295 -934697 -867109
-325338 -789409 -366609 -358427
-366609 -358427 93181 -839989
-934697 -867109 -40337 546002
-71111 365295 -422999 994845
-248424 -934559 -934697 -867109
-71111 365295 944220 279858
-71111 365295 -192275 8901
-366609 -358427 -305227 727133
-248424 -934559 -242387 -795910
-422999 994845 410238 -255982
-422999 994845 -294964 -996668
349801 323213 -248424 -934559
-40337 546002 349801 323213
-294964 -996668 -192275 8901
93181 -839989 -248424 -934559
-934697 -867109 349801 323213
-422999 994845 -325338 -789409
-192275 8901 -356792 -7132
800717 244591 944220 279858
349801 323213 -364307 96277
-356792 -7132 315894 -42437
-40337 546002 315894 -42437
-631995 -516348 -294964 -996668
-325338 -789409 944220 279858
93181 -839989 -192275 8901
-631995 -516348 944220 279858
944220 279858 410238 -255982
-325338 -789409 800717 244591
349801 323213 -294964 -996668
944220 279858 -294964 -996668
-422999 994845 -631995 -516348
-934697 -867109 -305227 727133
-631995 -516348 410238 -255982
93181 -839989 -934697 -867109
800717 244591 93181 -839989
-366609 -358427 -294964 -996668
410238 -255982 -192275 8901
-71111 365295 893059 -545755
944220 279858 315894 -42437
410238 -255982 -934697 -867109
-356792 -7132 944220 279858
410238 -255982 -305227 727133
-248424 -934559 944220 279858
800717 244591 -242387 -795910
-305227 727133 -40337 546002
-294964 -996668 -356792 -7132
-71111 365295 -637813 -546145
-305227 727133 -364307 96277
-422999 994845 -934697 -867109
-71111 365295 410238 -255982
-192275 8901 -305227 727133
-242387 -795910 168410 330077
-71111 365295 -365062 642026
-366609 -358427 -631995 -516348
944220 279858 -364307 96277
-365062 642026 -934697 -867109
800717 244591 449428 -581454
893059 -545755 -934697 -867109
-356792 -7132 -934697 -867109
410238 -255982 -364307 96277
449428 -581454 315894 -42437
944220 279858 555660 728930
-294964 -996668 -934697 -867109
-365062 642026 -422999 994845
410238 -255982 -365062 642026
449428 -581454 -71111 365295
800717 244591 -192275 8901
349801 323213 -71111 365295
168410 330077 -305227 727133
449428 -581454 168410 330077
93181 -839989 -365062 642026
410238 -255982 315894 -42437
800717 244591 -40337 546002
-248424 -934559 -365062 642026
-192275 8901 -366609 -358427
315894 -42437 93181 -839989
-356792 -7132 -325338 -789409
-934697 -867109 -763618 -333000
-364307 96277 -365062 642026
-242387 -795910 893059 -545755
315894 -42437 -71111 365295
349801 323213 800717 244591
449428 -581454 -192275 8901
-763618 -333000 800717 244591
-364307 96277 -242387 -795910
-366609 -358427 410238 -255982
-631995 -516348 315894 -42437
-637813 -546145 -40337 546002
893059 -545755 410238 -255982
555660 728930 -192275 8901
93181 -839989 -325338 -789409
893059 -545755 800717 244591
