20
100
-27441 142614 -359566 214355
-27441 142614 516087 -61969
-359566 214355 -219599 -245385
-359566 214355 386094 618135
516087 -61969 726162 538898
516087 -61969 -700516 275141
726162 538898 -700516 275141
726162 538898 -646036 311652
-27441 142614 906864 -767001
906864 -767001 -534049 -995352
-646036 311652 -700516 275141
386094 618135 -597779 649821
-597779 649821 516087 -61969
-219599 -245385 -415859 -946101
-415859 -946101 516087 -61969
-219599 -245385 -534049 -995352
-534049 -995352 -40466 -608969
-415859 -946101 -27441 142614
-27441 142614 697083 -447936
386094 618135 -534049 -995352
906864 -767001 386094 618135
-534049 -995352 266126 -264923
-700516 275141 697083 -447936
-40466 -608969 231493 -580925
-646036 311652 -154820 -553659
-646036 311652 615064 -79166
-219599 -245385 726162 538898
-534049 -995352 -313036 239298
-313036 239298 726162 538898
-40466 -608969 968298 316795
-154820 -553659 514377 -468957
-700516 275141 605840 -18664
-359566 214355 231493 -580925
-534049 -995352 968298 316795
615064 -79166 -219599 -245385
-597779 649821 605840 -18664
386094 618135 968298 316795
605840 -18664 906864 -767001
906864 -767001 -700516 275141
605840 -18664 698670 -130332
968298 316795 -313036 239298
231493 -580925 608417 -285723
266126 -264923 726162 538898
-219599 -245385 605840 -18664
-359566 214355 -313036 239298
698670 -130332 -359566 214355
516087 -61969 608417 -285723
615064 -79166 -534049 -995352
231493 -580925 726162 538898
386094 618135 -237090 527231
697083 -447936 935129 226057
906864 -767001 -219599 -245385
608417 -285723 -219599 -245385
-154820 -553659 516087 -61969
-359566 214355 -154820 -553659
-415859 -946101 -473566 -804099
-313036 239298 -700516 275141
-646036 311652 935129 226057
516087 -61969 -646036 311652
697083 -447936 514377 -468957
-415859 -946101 -359566 214355
-237090 527231 -700516 275141
-534049 -995352 -473566 -804099
-154820 -553659 906864 -767001
906864 -767001 -359566 214355
935129 226057 605840 -18664
-646036 311652 -219599 -245385
231493 -580925 906864 -767001
514377 -468957 615064 -79166
935129 226057 608417 -285723
-597779 649821 266126 -264923
-415859 -946101 906864 -767001
514377 -468957 -219599 -245385
-40466 -608969 -646036 311652
-219599 -245385 -597779 649821
906864 -767001 -876275 -352045
608417 -285723 -876275 -352045
726162 538898 615064 -79166
-700516 275141 -415859 -946101
-415859 -946101 386094 618135
514377 -468957 386094 618135
516087 -61969 615064 -79166
726162 538898 -27441 142614
935129 226057 -597779 649821
615064 -79166 -313036 239298
266126 -264923 968298 316795
-700516 275141 -597779 649821
-700516 275141 608417 -285723
935129 226057 -473566 -804099
968298 316795 -237090 527231
-415859 -946101 -597779 649821
697083 -447936 -359566 214355
-27441 142614 266126 -264923
615064 -79166 -237090 527231
386094 618135 -313036 239298
608417 -285723 698670 -130332
-219599 -245385 968298 316795
-473566 -804099 726162 538898
615064 -79166 -597779 649821
935129 226057 615064 -79166
100
812300 -174878 212021 401
812300 -174878 290422 429828
812300 -174878 -364402 458231
212021 401 -570098 548193
212021 401 526145 704562
526145 704562 -884182 -490451
526145 704562 -751679 419450
212021 401 -751679 419450
812300 -174878 152989 268907
526145 704562 106194 363104
-364402 458231 -92256 -648342
-92256 -648342 -42116 307142
-364402 458231 -341158 52312
-751679 419450 852561 -422185
106194 363104 -42116 307142
-751679 419450 -884182 -490451
-751679 419450 -992572 -772588
-751679 419450 152989 268907
812300 -174878 106194 363104
152989 268907 -570098 548193
290422 429828 -408646 141383
812300 -174878 317606 -716166
-570098 548193 -364402 458231
212021 401 -884182 -490451
317606 -716166 865916 -349193
-992572 -772588 852561 -422185
152989 268907 660426 911820
106194 363104 660426 911820
865916 -349193 262037 -819068
-408646 141383 -341158 52312
526145 704562 -419388 11415
-341158 52312 518833 -744082
-92256 -648342 518833 -744082
290422 429828 -341158 52312
-364402 458231 -419388 11415
-42116 307142 852561 -422185
106194 363104 -884182 -490451
152989 268907 290422 429828
-751679 419450 518833 -744082
-419388 11415 290422 429828
852561 -422185 -92256 -648342
-408646 141383 -20171 -824144
-408646 141383 262037 -819068
-408646 141383 152989 268907
-884182 -490451 812300 -174878
-20171 -824144 812300 -174878
-884182 -490451 852561 -422185
262037 -819068 518833 -744082
852561 -422185 -733010 -596815
-364402 458231 317606 -716166
317606 -716166 -733010 -596815
212021 401 152989 268907
106194 363104 290422 429828
-992572 -772588 -884182 -490451
-364402 458231 -153083 -802791
-42116 307142 -644466 236832
-364402 458231 -408646 141383
152989 268907 852561 -422185
-341158 52312 -644466 236832
865916 -349193 -92256 -648342
852561 -422185 -408646 141383
-408646 141383 -419388 11415
-644466 236832 -570098 548193
-992572 -772588 -570098 548193
-419388 11415 852561 -422185
106194 363104 152989 268907
865916 -349193 -341158 52312
-570098 548193 586978 -534726
212021 401 -644466 236832
586978 -534726 290422 429828
586978 -534726 660426 911820
152989 268907 -733010 -596815
812300 -174878 -733010 -596815
262037 -819068 -884182 -490451
152989 268907 -419388 11415
212021 401 660426 911820
-419388 11415 262037 -819068
586978 -534726 -341158 52312
-408646 141383 812300 -174878
812300 -174878 -644466 236832
-884182 -490451 -92256 -648342
317606 -716166 660426 911820
518833 -744082 -408646 141383
152989 268907 865916 -349193
812300 -174878 -992572 -772588
-751679 419450 262037 -819068
152989 268907 -71240 -690634
812300 -174878 -71240 -690634
-884182 -490451 660426 911820
-71240 -690634 852561 -422185
-884182 -490451 -71240 -690634
865916 -349193 212021 401
-419388 11415 212021 401
317606 -716166 526145 704562
-419388 11415 -644466 236832
106194 363104 -644466 236832
812300 -174878 518833 -744082
-644466 236832 586978 -534726
-92256 -648342 -902654 -949868
317606 -716166 -992572 -772588
100
-921340 233013 892044 -637037
-921340 233013 -428011 978308
892044 -637037 322840 165635
322840 165635 -428011 978308
-921340 233013 -957612 942932
-957612 942932 -571740 177621
892044 -637037 -212161 806403
-921340 233013 -675858 869534
-571740 177621 -469777 -862504
-921340 233013 813446 504889
813446 504889 787992 871134
-212161 806403 -469777 -862504
-212161 806403 -146184 -585745
892044 -637037 -428011 978308
-675858 869534 322840 165635
787992 871134 -921340 233013
-146184 -585745 787992 871134
813446 504889 -212161 806403
322840 165635 -577959 -665768
-571740 177621 825802 -782185
-428011 978308 -478466 554049
813446 504889 356012 -131273
787992 871134 -577959 -665768
-146184 -585745 179633 428638
356012 -131273 -117484 691601
825802 -782185 484332 -679642
825802 -782185 -212161 806403
-428011 978308 -268849 -948119
-117484 691601 -114779 -643235
484332 -679642 -478466 554049
-117484 691601 524733 825284
-957612 942932 524733 825284
-571740 177621 892044 -637037
-117484 691601 -56639 -485167
825802 -782185 -56639 -485167
-268849 -948119 228814 381551
-146184 -585745 -114779 -643235
-268849 -948119 -675858 869534
-577959 -665768 -117484 691601
-469777 -862504 524733 825284
813446 504889 -675858 869534
-921340 233013 -212161 806403
892044 -637037 -117484 691601
179633 428638 228814 381551
-478466 554049 -571740 177621
-114779 -643235 892044 -637037
356012 -131273 837759 -107771
-478466 554049 620000 -768845
-921340 233013 837759 -107771
322840 165635 -117484 691601
787992 871134 -114779 -643235
-428011 978308 -957612 942932
-268849 -948119 892044 -637037
-478466 554049 837759 -107771
-577959 -665768 -469777 -862504
-146184 -585745 322840 165635
524733 825284 484332 -679642
524733 825284 837759 -107771
-469777 -862504 179633 428638
-571740 177621 322840 165635
620000 -768845 -647981 450826
-56639 -485167 -212161 806403
-577959 -665768 228814 381551
228814 381551 356012 -131273
-957612 942932 -577959 -665768
356012 -131273 -571740 177621
-675858 869534 787992 871134
179633 428638 -478466 554049
-428011 978308 620000 -768845
-428011 978308 -212161 806403
-56639 -485167 -957612 942932
-478466 554049 -268849 -948119
813446 504889 -117484 691601
892044 -637037 813446 504889
813446 504889 484332 -679642
-478466 554049 -114779 -643235
484332 -679642 322840 165635
484332 -679642 228814 381551
620000 -768845 322840 165635
322840 165635 -957612 942932
-957612 942932 620000 -768845
-212161 806403 -577959 -665768
620000 -768845 179633 428638
-212161 806403 -957612 942932
-647981 450826 356012 -131273
-469777 -862504 892044 -637037
-268849 -948119 484332 -679642
322840 165635 813446 504889
-478466 554049 813446 504889
-577959 -665768 -571740 177621
228814 381551 322840 165635
-957612 942932 892044 -637037
-921340 233013 825802 -782185
-469777 -862504 -145297 -198745
179633 428638 837759 -107771
179633 428638 -675858 869534
-478466 554049 356012 -131273
524733 825284 825802 -782185
322840 165635 179633 428638
787992 871134 892044 -637037
100
633459 413449 535553 912191
633459 413449 661899 -447892
661899 -447892 559229 736140
633459 413449 -441859 418942
559229 736140 -399001 558443
559229 736140 -155252 47209
-399001 558443 -441859 418942
-399001 558443 493478 198402
493478 198402 -986359 240274
535553 912191 -82156 -346363
559229 736140 -418568 -133997
-441859 418942 493478 198402
559229 736140 493478 198402
-399001 558443 -986359 240274
-155252 47209 -418568 -133997
-986359 240274 -418568 -133997
-441859 418942 -487494 761651
-418568 -133997 628963 718936
-155252 47209 661899 -447892
559229 736140 633459 413449
628963 718936 -82156 -346363
559229 736140 -951416 -601941
-399001 558443 296203 -233040
559229 736140 535553 912191
628963 718936 -986359 240274
-82156 -346363 688925 -500591
493478 198402 296203 -233040
-951416 -601941 -340920 604377
-986359 240274 -129386 39105
-951416 -601941 -82156 -346363
661899 -447892 -45138 -608173
-340920 604377 -847675 580213
-986359 240274 996916 -161519
-951416 -601941 688925 -500591
-487494 761651 -82156 -346363
633459 413449 296203 -233040
688925 -500591 -532430 -247902
-986359 240274 688925 -500591
-986359 240274 -201162 155283
-847675 580213 377545 771789
-532430 -247902 -201162 155283
661899 -447892 -986359 240274
996916 -161519 559229 736140
-155252 47209 -532430 -247902
-532430 -247902 -193834 -503572
996916 -161519 633459 413449
688925 -500591 628963 718936
-155252 47209 280514 409368
-418568 -133997 -951416 -601941
628963 718936 -201162 155283
296203 -233040 678464 491857
-532430 -247902 678464 491857
-193834 -503572 -155252 47209
280514 409368 -847675 580213
-487494 761651 633459 413449
-847675 580213 -951416 -601941
678464 491857 535553 912191
559229 736140 -340920 604377
-193834 -503572 -129386 39105
280514 409368 -45138 -608173
493478 198402 -340920 604377
-418568 -133997 535553 912191
-340920 604377 628963 718936
996916 -161519 45921 -974833
-847675 580213 -418568 -133997
-201162 155283 -399001 558443
-418568 -133997 296203 -233040
-986359 240274 -272407 160733
45921 -974833 688925 -500591
-986359 240274 535553 912191
-532430 -247902 633459 413449
628963 718936 559229 736140
-272407 160733 -418568 -133997
377545 771789 -45138 -608173
-193834 -503572 -986359 240274
678464 491857 -487494 761651
-155252 47209 -129386 39105
-272407 160733 493478 198402
493478 198402 377545 771789
-399001 558443 45921 -974833
-487494 761651 -155252 47209
-986359 240274 -847675 580213
45921 -974833 493478 198402
996916 -161519 -399001 558443
633459 413449 -129386 39105
296203 -233040 661899 -447892
559229 736140 -82156 -346363
633459 413449 -155252 47209
296203 -233040 688925 -500591
-129386 39105 996916 -161519
-155252 47209 -340920 604377
-155252 47209 535553 912191
-82156 -346363 493478 198402
-82156 -346363 -272407 160733
280514 409368 493478 198402
-45138 -608173 628963 718936
45921 -974833 280514 409368
-487494 761651 -532430 -247902
-441859 418942 -82156 -346363
-129386 39105 -399001 558443
100
-502983 768238 -662611 -154273
-662611 -154273 -894938 804992
-502983 768238 941192 -541404
-894938 804992 -631594 -797363
-894938 804992 650681 -203650
-894938 804992 -5171 -991348
-5171 -991348 -851228 -301108
-851228 -301108 -844602 115044
941192 -541404 763047 -663424
650681 -203650 442659 357930
941192 -541404 -534709 -472096
-631594 -797363 131849 -436902
-662611 -154273 -756408 79800
-534709 -472096 -202505 868050
-502983 768238 -405239 -399618
-502983 768238 797617 -65567
131849 -436902 -5171 -991348
-502983 768238 -894938 804992
763047 -663424 131849 -436902
442659 357930 275244 -716570
-5171 -991348 650681 -203650
-202505 868050 650681 -203650
442659 357930 -894938 804992
-894938 804992 -162080 982024
763047 -663424 442659 357930
-844602 115044 -663243 -841193
131849 -436902 -502983 768238
-663243 -841193 -631594 -797363
-851228 -301108 131849 -436902
-631594 -797363 442659 357930
-534709 -472096 797617 -65567
-405239 -399618 -162080 982024
-851228 -301108 -631594 -797363
-844602 115044 442659 357930
-162080 982024 650681 -203650
-756408 79800 -290183 -759371
-405239 -399618 941192 -541404
275244 -716570 -663243 -841193
-663243 -841193 -756408 79800
-290183 -759371 131849 -436902
275244 -716570 -202505 868050
275244 -716570 -502983 768238
-534709 -472096 28317 340426
650681 -203650 -631594 -797363
941192 -541404 -860609 -211655
131849 -436902 -534709 -472096
275244 -716570 -290183 -759371
-162080 982024 -5171 -991348
-405239 -399618 -662611 -154273
-860609 -211655 955305 883046
-290183 -759371 -162080 982024
955305 883046 -894938 804992
28317 340426 -202505 868050
28317 340426 131320 202803
-534709 -472096 -662611 -154273
797617 -65567 -162080 982024
131849 -436902 -844602 115044
-405239 -399618 797617 -65567
-162080 982024 -663243 -841193
-405239 -399618 -631594 -797363
-894938 804992 763047 -663424
28317 340426 -894938 804992
28317 340426 -663243 -841193
797617 -65567 28317 340426
131849 -436902 -756408 79800
650681 -203650 275244 -716570
763047 -663424 955305 883046
955305 883046 -844602 115044
-756408 79800 763047 -663424
-662611 -154273 -202505 868050
-662611 -154273 28317 340426
-5171 -991348 -631594 -797363
-663243 -841193 131320 202803
-663243 -841193 518230 -474703
763047 -663424 -405239 -399618
-534709 -472096 -502983 768238
-756408 79800 28317 340426
-663243 -841193 -860609 -211655
-860609 -211655 -851228 -301108
-202505 868050 518230 -474703
-202505 868050 -290183 -759371
941192 -541404 955305 883046
-202505 868050 -851228 -301108
-290183 -759371 -534709 -472096
-5171 -991348 -860609 -211655
28317 340426 -162080 982024
131320 202803 275244 -716570
-502983 768238 763047 -663424
-5171 -991348 797617 -65567
-534709 -472096 131320 202803
-631594 -797363 518230 -474703
131320 202803 -844602 115044
-662611 -154273 131849 -436902
-894938 804992 -663243 -841193
-894938 804992 -685117 -393829
-756408 79800 -894938 804992
941192 -541404 -5171 -991348
-662611 -154273 518230 -474703
-631594 -797363 131320 202803
518230 -474703 763047 -663424
100
811296 152453 305145 122918
305145 122918 540349 -978679
811296 152453 -659525 165942
811296 152453 733047 978930
-659525 165942 -662777 277446
-659525 165942 613895 -885615
733047 978930 804656 -408981
540349 -978679 -369265 -107605
-369265 -107605 759072 709037
804656 -408981 811296 152453
759072 709037 -452538 -564539
804656 -408981 613895 -885615
733047 978930 -659525 165942
811296 152453 -662777 277446
613895 -885615 -495779 -107326
-369265 -107605 -63444 -842335
-63444 -842335 559964 402084
613895 -885615 -809942 980377
804656 -408981 582796 518487
-662777 277446 -585531 998998
-495779 -107326 704701 -647120
-63444 -842335 773300 396580
-495779 -107326 -659525 165942
-369265 -107605 -282138 -465453
804656 -408981 -452538 -564539
-369265 -107605 -452538 -564539
-452538 -564539 -624042 -195239
-659525 165942 559964 402084
582796 518487 -650059 42811
704701 -647120 100891 107280
-624042 -195239 773300 396580
100891 107280 582796 518487
305145 122918 582796 518487
-650059 42811 759072 709037
559964 402084 -650059 42811
-452538 -564539 704701 -647120
-282138 -465453 -585531 998998
733047 978930 305145 122918
540349 -978679 -809942 980377
100891 107280 804656 -408981
582796 518487 912438 41518
540349 -978679 -662777 277446
804656 -408981 540349 -978679
559964 402084 540349 -978679
912438 41518 759072 709037
704701 -647120 -662777 277446
305145 122918 912438 41518
-63444 -842335 -659525 165942
704701 -647120 -369265 -107605
811296 152453 -585531 998998
-282138 -465453 -119627 630424
582796 518487 345426 633374
-369265 -107605 912438 41518
-659525 165942 -585531 998998
-119627 630424 918109 -199180
613895 -885615 -452538 -564539
345426 633374 -63444 -842335
-585531 998998 345426 633374
-662777 277446 582796 518487
-662777 277446 -809942 980377
540349 -978679 918109 -199180
918109 -199180 582796 518487
811296 152453 -624042 -195239
559964 402084 345426 633374
773300 396580 759072 709037
305145 122918 -63444 -842335
-624042 -195239 -119627 630424
-585531 998998 733047 978930
305145 122918 759072 709037
-63444 -842335 -452538 -564539
-282138 -465453 -659525 165942
-650059 42811 811296 152453
100891 107280 345426 633374
-809942 980377 -624042 -195239
-119627 630424 733047 978930
733047 978930 -650059 42811
-650059 42811 -63444 -842335
613895 -885615 -369265 -107605
613895 -885615 -585531 998998
540349 -978679 733047 978930
-282138 -465453 918109 -199180
-809942 980377 100891 107280
-809942 980377 582796 518487
-495779 -107326 100891 107280
804656 -408981 345426 633374
345426 633374 773300 396580
733047 978930 773300 396580
-369265 -107605 -662777 277446
-452538 -564539 559964 402084
759072 709037 559964 402084
345426 633374 759072 709037
345426 633374 -369265 -107605
811296 152453 -119627 630424
100891 107280 912438 41518
-282138 -465453 582796 518487
804656 -408981 -282138 -465453
582796 518487 811296 152453
540349 -978679 773300 396580
582796 518487 540349 -978679
-369265 -107605 804656 -408981
100
-132649 -401515 -514745 131102
-132649 -401515 -218460 499186
-132649 -401515 419219 -770778
-514745 131102 -218460 499186
-514745 131102 15519 709900
-218460 499186 -4320 -130161
419219 -770778 -450703 870396
-450703 870396 -890426 -55371
15519 709900 -4320 -130161
-4320 -130161 -514745 131102
-218460 499186 -585701 -920221
419219 -770778 544191 153932
15519 709900 -122156 762066
544191 153932 709337 818766
-585701 -920221 -28965 -573220
15519 709900 -28965 -573220
15519 709900 -218460 499186
419219 -770778 744137 -130398
744137 -130398 -455357 -66610
-514745 131102 744137 -130398
419219 -770778 117502 -591520
709337 818766 989296 -879547
-450703 870396 -833996 -38723
-4320 -130161 105136 -671931
15519 709900 -585701 -920221
-122156 762066 -833996 -38723
105136 -671931 558103 -475694
105136 -671931 -450703 870396
-833996 -38723 -716859 -862432
558103 -475694 -685531 12383
989296 -879547 957103 -826959
-4320 -130161 -455357 -66610
-716859 -862432 117502 -591520
-716859 -862432 -4320 -130161
558103 -475694 -488520 -415445
117502 -591520 850917 -954656
-890426 -55371 105136 -671931
-585701 -920221 -488520 -415445
744137 -130398 957103 -826959
989296 -879547 433358 770291
957103 -826959 -450703 870396
-716859 -862432 -122156 762066
105136 -671931 419219 -770778
-716859 -862432 -488520 -415445
-132649 -401515 -28965 -573220
558103 -475694 957103 -826959
-833996 -38723 386383 829741
-450703 870396 -585701 -920221
744137 -130398 -890426 -55371
117502 -591520 -455357 -66610
-685531 12383 -488520 -415445
-455357 -66610 544191 153932
433358 770291 386383 829741
-514745 131102 419219 -770778
-585701 -920221 -514745 131102
-890426 -55371 709337 818766
15519 709900 -132649 -401515
544191 153932 -488520 -415445
433358 770291 850917 -954656
-218460 499186 433358 770291
105136 -671931 957103 -826959
419219 -770778 15519 709900
117502 -591520 433358 770291
15519 709900 386383 829741
15519 709900 -36043 -622195
15519 709900 544191 153932
-890426 -55371 -4320 -130161
709337 818766 -122156 762066
386383 829741 105136 -671931
433358 770291 -4320 -130161
-455357 -66610 957103 -826959
-890426 -55371 -716859 -862432
386383 829741 -122156 762066
-132649 -401515 446720 -353985
850917 -954656 -450703 870396
-716859 -862432 989296 -879547
-833996 -38723 558103 -475694
-716859 -862432 957103 -826959
419219 -770778 -4320 -130161
-685531 12383 117502 -591520
-218460 499186 850917 -954656
544191 153932 -122156 762066
-716859 -862432 -685531 12383
419219 -770778 850917 -954656
-36043 -622195 105136 -671931
433358 770291 544191 153932
-36043 -622195 -4320 -130161
-488520 -415445 117502 -591520
-218460 499186 -455357 -66610
-450703 870396 989296 -879547
-585701 -920221 419219 -770778
-685531 12383 419219 -770778
-455357 -66610 -890426 -55371
-716859 -862432 419219 -770778
957103 -826959 419219 -770778
-585701 -920221 -685531 12383
989296 -879547 -218460 499186
544191 153932 386383 829741
117502 -591520 -122156 762066
105136 -671931 850917 -954656
100
128745 -97393 -26200 704273
-26200 704273 -855471 971611
-26200 704273 215429 -962525
128745 -97393 -100544 -760350
215429 -962525 -699031 927428
215429 -962525 -957270 464557
128745 -97393 -699031 927428
-957270 464557 444164 -570364
444164 -570364 -654032 141242
215429 -962525 184269 655234
-100544 -760350 -502390 -461823
-502390 -461823 -699031 927428
-699031 927428 -3124 -139811
-957270 464557 -125628 -639688
444164 -570364 742085 656716
-3124 -139811 -502390 -461823
184269 655234 -100544 -760350
-100544 -760350 -630315 383227
-630315 383227 -957270 464557
-654032 141242 -335213 82467
-26200 704273 -336638 819541
444164 -570364 -630315 383227
-502390 -461823 -128466 -223344
-502390 -461823 -654032 141242
-125628 -639688 -540002 863905
-502390 -461823 -977665 -695578
444164 -570364 -699031 927428
742085 656716 969363 -168933
-977665 -695578 656404 -457859
184269 655234 -26200 704273
-699031 927428 -453576 -324948
-100544 -760350 656404 -457859
-336638 819541 184269 655234
-855471 971611 969363 -168933
128745 -97393 -540002 863905
-957270 464557 -977665 -695578
-335213 82467 184269 655234
-335213 82467 -26200 704273
215429 -962525 -100544 -760350
-957270 464557 -654032 141242
742085 656716 -335213 82467
-977665 -695578 215429 -962525
-540002 863905 -3124 -139811
-654032 141242 742085 656716
-957270 464557 -453576 -324948
742085 656716 708823 812237
-125628 -639688 -3124 -139811
-654032 141242 843623 -372010
-699031 927428 -654032 141242
-699031 927428 708823 812237
656404 -457859 -699031 927428
128745 -97393 -448790 779899
-957270 464557 708823 812237
-630315 383227 708823 812237
-699031 927428 -448790 779899
444164 -570364 -128466 -223344
-502390 -461823 -957270 464557
-100544 -760350 -335213 82467
-335213 82467 656404 -457859
-540002 863905 843623 -372010
969363 -168933 444164 -570364
215429 -962525 708823 812237
843623 -372010 -699031 927428
-26200 704273 -125628 -639688
-3124 -139811 843623 -372010
742085 656716 -125628 -639688
-699031 927428 -540002 863905
444164 -570364 -125628 -639688
-128466 -223344 215429 -962525
-128466 -223344 969363 -168933
843623 -372010 708823 812237
-957270 464557 -100544 -760350
-630315 383227 -448790 779899
-125628 -639688 708823 812237
215429 -962525 -855471 971611
-540002 863905 -100544 -760350
-128466 -223344 -100544 -760350
-335213 82467 -128466 -223344
-855471 971611 -100544 -760350
-630315 383227 -977665 -695578
-3124 -139811 -448790 779899
742085 656716 -128466 -223344
-855471 971611 184269 655234
843623 -372010 -448790 779899
444164 -570364 -453576 -324948
444164 -570364 -335213 82467
-453576 -324948 708823 812237
969363 -168933 128745 -97393
-336638 819541 -630315 383227
742085 656716 -977665 -695578
969363 -168933 843623 -372010
843623 -372010 215429 -962525
-26200 704273 -957270 464557
-855471 971611 742085 656716
-957270 464557 -855471 971611
215429 -962525 969363 -168933
-448790 779899 -26200 704273
-977665 -695578 -855471 971611
969363 -168933 -3124 -139811
-855471 971611 -336638 819541
100
-545790 224380 -71498 -623140
-545790 224380 672458 -793678
-545790 224380 987146 -509890
987146 -509890 -71023 -209949
-71023 -209949 -975701 491032
672458 -793678 -388028 -80957
987146 -509890 -503531 -492493
987146 -509890 -71498 -623140
-71498 -623140 -71023 -209949
672458 -793678 -218939 -322635
987146 -509890 -179759 997934
672458 -793678 -640799 -822692
-179759 997934 -274806 -324827
-503531 -492493 -676043 58492
-218939 -322635 -71023 -209949
-274806 -324827 -71023 -209949
-545790 224380 516014 869004
-545790 224380 -179759 997934
-71023 -209949 -423037 135017
-676043 58492 171164 -734993
171164 -734993 -300296 254956
-503531 -492493 346150 -203196
-640799 -822692 233261 324144
346150 -203196 672458 -793678
516014 869004 -388028 -80957
-975701 491032 -274806 -324827
-676043 58492 -412311 -91045
-412311 -91045 672458 -793678
171164 -734993 -893637 681166
-640799 -822692 -676043 58492
-218939 -322635 648402 153318
171164 -734993 -545790 224380
233261 324144 -423037 135017
-893637 681166 -274806 -324827
516014 869004 -179759 997934
-640799 -822692 -274806 -324827
-676043 58492 -423037 135017
-388028 -80957 -503531 -492493
-274806 -324827 987146 -509890
-975701 491032 233261 324144
171164 -734993 987146 -509890
-71498 -623140 516014 869004
648402 153318 -975701 491032
-71498 -623140 -975701 491032
-218939 -322635 -149763 457934
987146 -509890 -412311 -91045
171164 -734993 -640799 -822692
-676043 58492 -893637 681166
672458 -793678 -71023 -209949
-975701 491032 672458 -793678
346150 -203196 -545790 224380
-71023 -209949 171164 -734993
-149763 457934 -545790 224380
-149763 457934 233261 324144
-218939 -322635 346150 -203196
-893637 681166 987146 -509890
-388028 -80957 -545790 224380
-71498 -623140 -179759 997934
987146 -509890 -975701 491032
-274806 -324827 -423037 135017
672458 -793678 987146 -509890
-300296 254956 -676043 58492
-179759 997934 -218939 -322635
-893637 681166 -423037 135017
-300296 254956 -503531 -492493
-503531 -492493 -149763 457934
171164 -734993 -423037 135017
-149763 457934 516014 869004
-179759 997934 68480 -413317
-149763 457934 -412311 -91045
-975701 491032 -412311 -91045
-676043 58492 -71023 -209949
-503531 -492493 648402 153318
68480 -413317 -71023 -209949
-975701 491032 516014 869004
-71498 -623140 233261 324144
672458 -793678 -503531 -492493
-640799 -822692 -71023 -209949
-179759 997934 429164 -701865
-300296 254956 346150 -203196
-388028 -80957 233261 324144
-412311 -91045 -71023 -209949
648402 153318 -274806 -324827
-975701 491032 346150 -203196
-975701 491032 276670 14856
171164 -734993 -71498 -623140
-423037 135017 648402 153318
-274806 -324827 -71498 -623140
233261 324144 -503531 -492493
233261 324144 -412311 -91045
-71023 -209949 233261 324144
-300296 254956 -975701 491032
-423037 135017 -149763 457934
648402 153318 171164 -734993
-388028 -80957 -149763 457934
-975701 491032 429164 -701865
276670 14856 -423037 135017
-274806 -324827 276670 14856
672458 -793678 -676043 58492
-423037 135017 987146 -509890
100
-285749 -321350 -929552 -840419
-285749 -321350 -786405 448368
-285749 -321350 208486 356507
208486 356507 -96647 408612
-786405 448368 616197 -843986
-96647 408612 -554401 700779
-285749 -321350 185315 -346688
208486 356507 974231 376982
-285749 -321350 -96647 408612
185315 -346688 -96647 408612
185315 -346688 -492031 -517502
-96647 408612 5378 -945014
-96647 408612 561451 -27981
185315 -346688 118158 -343581
208486 356507 -492031 -517502
208486 356507 -554401 700779
-96647 408612 953947 280135
561451 -27981 5378 -945014
616197 -843986 803534 -843983
-285749 -321350 598587 -960074
598587 -960074 -227292 463214
-285749 -321350 -405161 -350290
-492031 -517502 -478378 -754319
208486 356507 -344401 -877250
208486 356507 118158 -343581
-96647 408612 779200 -29803
598587 -960074 208486 356507
5378 -945014 -125170 94105
561451 -27981 -929552 -840419
779200 -29803 -471849 356330
208486 356507 -471849 356330
-125170 94105 323660 532417
-405161 -350290 -926962 834738
-492031 -517502 -96647 408612
974231 376982 616197 -843986
-554401 700779 974231 376982
-285749 -321350 -478378 -754319
5378 -945014 953947 280135
598587 -960074 803534 -843983
616197 -843986 118158 -343581
-929552 -840419 616197 -843986
-125170 94105 -492031 -517502
185315 -346688 5378 -945014
-405161 -350290 -344401 -877250
-96647 408612 -478378 -754319
-478378 -754319 323660 532417
-125170 94105 -96647 408612
-344401 -877250 561451 -27981
-405161 -350290 -945101 -281669
-929552 -840419 -478378 -754319
803534 -843983 -125170 94105
185315 -346688 -227292 463214
-786405 448368 779200 -29803
-125170 94105 208486 356507
-227292 463214 -929552 -840419
323660 532417 616197 -843986
779200 -29803 953947 280135
-405161 -350290 616197 -843986
-227292 463214 946399 963133
803534 -843983 974231 376982
803534 -843983 -554401 700779
185315 -346688 779200 -29803
616197 -843986 598587 -960074
-926962 834738 -227292 463214
-492031 -517502 953947 280135
-786405 448368 561451 -27981
974231 376982 -96647 408612
-405161 -350290 -929552 -840419
974231 376982 -929552 -840419
-554401 700779 -929552 -840419
-929552 -840419 -158776 -108635
185315 -346688 -786405 448368
946399 963133 -158776 -108635
-158776 -108635 -96647 408612
-926962 834738 -945101 -281669
598587 -960074 779200 -29803
-478378 -754319 -125170 94105
-285749 -321350 -158776 -108635
-125170 94105 953947 280135
616197 -843986 -125170 94105
-478378 -754319 561451 -27981
-478378 -754319 946399 963133
-554401 700779 -765343 -824044
-478378 -754319 -945101 -281669
-478378 -754319 779200 -29803
-471849 356330 -945101 -281669
-405161 -350290 5378 -945014
-96647 408612 -786405 448368
208486 356507 561451 -27981
-125170 94105 974231 376982
-158776 -108635 -786405 448368
779200 -29803 -492031 -517502
208486 356507 -945101 -281669
-227292 463214 803534 -843983
185315 -346688 -158776 -108635
-554401 700779 -786405 448368
616197 -843986 -492031 -517502
953947 280135 -227292 463214
779200 -29803 803534 -843983
-765343 -824044 -405161 -350290
100
441871 647910 -652073 891899
441871 647910 601372 197661
-652073 891899 693792 140659
601372 197661 -190168 -987064
601372 197661 693792 140659
-190168 -987064 -158478 -805509
601372 197661 437862 -757476
601372 197661 901993 -117339
437862 -757476 -158478 -805509
441871 647910 156477 207106
-652073 891899 513614 153349
901993 -117339 687080 52255
-190168 -987064 -652073 891899
687080 52255 -663537 -359635
687080 52255 513614 153349
-190168 -987064 -44136 -894398
601372 197661 -652073 891899
601372 197661 513614 153349
441871 647910 693792 140659
513614 153349 515550 870457
-663537 -359635 -44136 -894398
901993 -117339 -190168 -987064
441871 647910 513614 153349
687080 52255 156477 207106
513614 153349 209682 484295
437862 -757476 904402 -133571
687080 52255 601372 197661
-190168 -987064 441871 647910
-158478 -805509 -652073 891899
601372 197661 209682 484295
209682 484295 -389600 354136
-663537 -359635 904402 -133571
-190168 -987064 -622653 920042
513614 153349 895686 815341
-158478 -805509 901993 -117339
209682 484295 -652073 891899
687080 52255 -190168 -987064
156477 207106 -991520 -289321
209682 484295 592959 462118
209682 484295 -991520 -289321
-190168 -987064 209682 484295
601372 197661 456235 533774
687080 52255 209682 484295
-622653 920042 441871 647910
-663537 -359635 592959 462118
513614 153349 -158478 -805509
904402 -133571 -652073 891899
904402 -133571 -389600 354136
456235 533774 -622653 920042
-44136 -894398 601372 197661
456235 533774 724517 -203748
-158478 -805509 -991520 -289321
901993 -117339 -44136 -894398
-44136 -894398 -737195 -423324
904402 -133571 513614 153349
895686 815341 -389600 354136
-737195 -423324 -663537 -359635
-652073 891899 156477 207106
724517 -203748 -155112 -416702
-622653 920042 687080 52255
515550 870457 437862 -757476
693792 140659 -155112 -416702
693792 140659 442987 -913922
437862 -757476 -44136 -894398
-737195 -423324 513614 153349
-44136 -894398 -832057 -752312
-991520 -289321 -190168 -987064
437862 -757476 -622653 920042
-991520 -289321 441871 647910
-832057 -752312 170361 -43840
-652073 891899 592959 462118
-652073 891899 895686 815341
904402 -133571 901993 -117339
442987 -913922 441871 647910
904402 -133571 592959 462118
441871 647910 456235 533774
515550 870457 -190168 -987064
437862 -757476 592959 462118
437862 -757476 895686 815341
901993 -117339 441871 647910
-652073 891899 456235 533774
-190168 -987064 592959 462118
895686 815341 156477 207106
515550 870457 -792413 210738
437862 -757476 442987 -913922
693792 140659 -832057 -752312
904402 -133571 -155112 -416702
456235 533774 -389600 354136
-190168 -987064 156477 207106
-158478 -805509 592959 462118
601372 197661 -389600 354136
895686 815341 -737195 -423324
-832057 -752312 437862 -757476
156477 207106 904402 -133571
-44136 -894398 156477 207106
-158478 -805509 693792 140659
441871 647910 687080 52255
513614 153349 -12181 -633229
515550 870457 592959 462118
170361 -43840 687080 52255
100
-799105 -196925 481165 -640707
481165 -640707 648010 817751
-799105 -196925 -696502 -537316
481165 -640707 -847729 -603514
-847729 -603514 -394238 -525549
481165 -640707 -192864 -488364
-192864 -488364 -474289 -164301
-192864 -488364 -869164 -69634
-799105 -196925 595893 68248
-799105 -196925 577318 426403
-696502 -537316 577318 426403
-696502 -537316 -588349 -476136
577318 426403 595893 68248
-394238 -525549 -224888 388116
-192864 -488364 8869 166392
481165 -640707 -358271 -4117
648010 817751 -224888 388116
-474289 -164301 322695 -132918
-588349 -476136 577318 426403
8869 166392 -358271 -4117
-358271 -4117 322695 -132918
-224888 388116 8869 166392
-224888 388116 577318 426403
-869164 -69634 500140 -581366
500140 -581366 8869 166392
-799105 -196925 793194 -395928
-474289 -164301 649625 700044
-869164 -69634 577318 426403
-394238 -525549 577318 426403
-799105 -196925 -847729 -603514
-869164 -69634 -670751 -85481
481165 -640707 -869164 -69634
649625 700044 481165 -640707
-358271 -4117 -224888 388116
-869164 -69634 45777 808106
45777 808106 650360 -96682
-474289 -164301 435221 -529898
481165 -640707 793194 -395928
-394238 -525549 -358271 -4117
650360 -96682 597723 897365
650360 -96682 322695 -132918
-588349 -476136 45777 808106
-358271 -4117 -799105 -196925
8869 166392 793194 -395928
481165 -640707 -394238 -525549
-224888 388116 45777 808106
8869 166392 595893 68248
595893 68248 649625 700044
435221 -529898 -224888 388116
595893 68248 793194 -395928
597723 897365 577318 426403
648010 817751 -394238 -525549
-192864 -488364 -394238 -525549
-192864 -488364 -482502 -166245
-192864 -488364 -799105 -196925
-799105 -196925 -474289 -164301
-588349 -476136 595893 68248
-482502 -166245 -670751 -85481
597723 897365 793194 -395928
45777 808106 -799105 -196925
-869164 -69634 -224888 388116
-588349 -476136 -394238 -525549
-482502 -166245 650360 -96682
648010 817751 -142845 -482118
-799105 -196925 -471643 -782811
595893 68248 -474289 -164301
595893 68248 -670751 -85481
435221 -529898 45777 808106
-471643 -782811 577318 426403
322695 -132918 793194 -395928
481165 -640707 -224888 388116
-696502 -537316 -192864 -488364
597723 897365 -474289 -164301
-474289 -164301 793194 -395928
-847729 -603514 -869164 -69634
-471643 -782811 -192864 -488364
-482502 -166245 577318 426403
435221 -529898 648010 817751
-847729 -603514 500140 -581366
-358271 -4117 -474289 -164301
-471643 -782811 -588349 -476136
-670751 -85481 -696502 -537316
-394238 -525549 45777 808106
-670751 -85481 649625 700044
597723 897365 595893 68248
-696502 -537316 481165 -640707
650360 -96682 435221 -529898
597723 897365 -696502 -537316
-474289 -164301 650360 -96682
500140 -581366 -471643 -782811
595893 68248 -394238 -525549
435221 -529898 -142845 -482118
577318 426403 650360 -96682
577318 426403 500140 -581366
-799105 -196925 322695 -132918
648010 817751 256107 696228
-192864 -488364 45777 808106
-482502 -166245 -358271 -4117
-394238 -525549 649625 700044
-358271 -4117 650360 -96682
100
-709669 -480452 420681 400065
-709669 -480452 -468318 160001
420681 400065 291808 -666113
-709669 -480452 -887942 -86101
-709669 -480452 629602 366224
-709669 -480452 -395894 842716
291808 -666113 435517 -93073
420681 400065 629602 366224
435517 -93073 -884808 38132
-887942 -86101 -884808 38132
-887942 -86101 930554 299887
420681 400065 996996 -618824
-395894 842716 481685 663300
-887942 -86101 435517 -93073
996996 -618824 528006 833413
996996 -618824 -538660 395726
996996 -618824 118252 482882
996996 -618824 -741638 438458
420681 400065 402660 -616457
118252 482882 -884808 38132
402660 -616457 -468318 160001
930554 299887 118252 482882
930554 299887 -636777 791738
-709669 -480452 118252 482882
291808 -666113 645103 542856
-887942 -86101 481685 663300
645103 542856 448634 -597284
-468318 160001 448634 -597284
402660 -616457 947844 540382
-884808 38132 216279 -717977
-884808 38132 -266121 373188
528006 833413 291808 -666113
-741638 438458 629602 366224
448634 -597284 930554 299887
947844 540382 -803354 479091
645103 542856 -266121 373188
645103 542856 -538660 395726
996996 -618824 481685 663300
402660 -616457 -343825 723643
118252 482882 -741638 438458
118252 482882 645103 542856
-884808 38132 -636777 791738
402660 -616457 291808 -666113
435517 -93073 -709669 -480452
629602 366224 -636777 791738
-884808 38132 528006 833413
-741638 438458 481685 663300
947844 540382 420681 400065
118252 482882 868325 426000
-803354 479091 629602 366224
629602 366224 402660 -616457
-636777 791738 481685 663300
930554 299887 -803354 479091
-395894 842716 118252 482882
868325 426000 645103 542856
448634 -597284 629602 366224
629602 366224 659280 -701821
-538660 395726 -884808 38132
947844 540382 -887942 -86101
996996 -618824 -709669 -480452
420681 400065 -468318 160001
868325 426000 -266121 373188
291808 -666113 -395894 842716
-887942 -86101 -343825 723643
402660 -616457 638501 -265303
947844 540382 -364818 591630
629602 366224 -884808 38132
638501 -265303 -636777 791738
481685 663300 216279 -717977
-343825 723643 947844 540382
659280 -701821 -395894 842716
528006 833413 638501 -265303
291808 -666113 448634 -597284
-343825 723643 -364818 591630
216279 -717977 118252 482882
402660 -616457 -266121 373188
-343825 723643 118252 482882
-468318 160001 638501 -265303
-803354 479091 402660 -616457
291808 -666113 -709669 -480452
638501 -265303 118252 482882
448634 -597284 -343825 723643
-395894 842716 -636777 791738
-343825 723643 -395894 842716
645103 542856 638501 -265303
448634 -597284 -395894 842716
645103 542856 947844 540382
947844 540382 435517 -93073
216279 -717977 645103 542856
947844 540382 -468318 160001
-468318 160001 629602 366224
118252 482882 -636777 791738
481685 663300 629602 366224
216279 -717977 638501 -265303
-468318 160001 -803354 479091
-636777 791738 810160 868519
947844 540382 -636777 791738
-538660 395726 481685 663300
-803354 479091 -709669 -480452
810160 868519 118252 482882
100
853644 109222 742495 -87544
853644 109222 -22679 137929
-22679 137929 -639731 -890458
853644 109222 190812 707466
742495 -87544 -978431 -614700
742495 -87544 598301 -121449
190812 707466 428280 -197538
742495 -87544 923544 958612
-22679 137929 937795 866545
-978431 -614700 -222047 354521
190812 707466 982851 -562422
-978431 -614700 -638032 621797
-222047 354521 853644 109222
-22679 137929 673099 337993
742495 -87544 982851 -562422
923544 958612 961027 653407
190812 707466 562409 -906548
-22679 137929 742495 -87544
-638032 621797 -222047 354521
190812 707466 232916 -494220
190812 707466 649373 166017
232916 -494220 923544 958612
-639731 -890458 -638032 621797
649373 166017 -337565 396914
673099 337993 -638032 621797
232916 -494220 876477 -271778
923544 958612 -827 -703934
-638032 621797 564511 -237365
428280 -197538 -10809 71189
562409 -906548 -10809 71189
-222047 354521 961027 653407
562409 -906548 649373 166017
853644 109222 515682 548315
-337565 396914 -639731 -890458
562409 -906548 543249 -229091
564511 -237365 -978431 -614700
-337565 396914 -10809 71189
-22679 137929 982851 -562422
-222047 354521 982851 -562422
190812 707466 -10809 71189
515682 548315 -270007 -328680
190812 707466 515682 548315
982851 -562422 562409 -906548
428280 -197538 923446 555188
-639731 -890458 428280 -197538
598301 -121449 961027 653407
961027 653407 138356 425310
937795 866545 -337565 396914
649373 166017 -978431 -614700
138356 425310 -10809 71189
853644 109222 598301 -121449
-222047 354521 -652215 851333
742495 -87544 -782241 -130552
-10809 71189 673099 337993
-638032 621797 543249 -229091
-270007 -328680 138356 425310
982851 -562422 923544 958612
-638032 621797 515682 548315
232916 -494220 982851 -562422
-827 -703934 -782241 -130552
923446 555188 -222047 354521
-827 -703934 673099 337993
649373 166017 138356 425310
876477 -271778 428280 -197538
923446 555188 742495 -87544
232916 -494220 -284145 -605020
-782241 -130552 673099 337993
-222047 354521 562409 -906548
673099 337993 138356 425310
742495 -87544 -639731 -890458
937795 866545 -978431 -614700
-652215 851333 -284145 -605020
428280 -197538 961027 653407
-638032 621797 232916 -494220
649373 166017 923544 958612
-284145 -605020 564511 -237365
428280 -197538 138356 425310
982851 -562422 961027 653407
923544 958612 564511 -237365
515682 548315 961027 653407
598301 -121449 -827 -703934
-978431 -614700 -782241 -130552
961027 653407 -827 -703934
937795 866545 961027 653407
-782241 -130552 -270007 -328680
-270007 -328680 562409 -906548
-270007 -328680 -827 -703934
-978431 -614700 232916 -494220
428280 -197538 543249 -229091
-978431 -614700 562409 -906548
515682 548315 937795 866545
-10809 71189 -222047 354521
232916 -494220 543249 -229091
923544 958612 673099 337993
673099 337993 -222047 354521
-652215 851333 923446 555188
649373 166017 -270007 -328680
598301 -121449 428280 -197538
562409 -906548 923544 958612
562409 -906548 428280 -197538
100
840108 -219329 729831 -597537
729831 -597537 -508880 -411106
729831 -597537 -572776 908408
840108 -219329 61746 290727
840108 -219329 -991656 819465
-572776 908408 429979 -451802
-572776 908408 997806 -656532
61746 290727 -29708 239674
61746 290727 581970 -547857
429979 -451802 -183365 763507
581970 -547857 -528744 -854407
-991656 819465 -321330 836514
-991656 819465 429979 -451802
-29708 239674 840108 -219329
429979 -451802 -528744 -854407
-528744 -854407 -508880 -411106
429979 -451802 581970 -547857
-183365 763507 379191 -642181
581970 -547857 -508880 -411106
-528744 -854407 -98241 767300
729831 -597537 26463 -955519
-572776 908408 -954031 910666
-508880 -411106 840108 -219329
-98241 767300 792123 584175
-183365 763507 -502646 -540950
-528744 -854407 287719 -238500
729831 -597537 107331 907129
-98241 767300 -288962 969994
581970 -547857 -288962 969994
-528744 -854407 -321330 836514
429979 -451802 -502646 -540950
-321330 836514 -183365 763507
429979 -451802 997806 -656532
729831 -597537 -183365 763507
-288962 969994 132787 845564
792123 584175 379191 -642181
429979 -451802 840108 -219329
-954031 910666 -98241 767300
-321330 836514 -98241 767300
-528744 -854407 -171344 -555422
581970 -547857 -991656 819465
61746 290727 -528744 -854407
-321330 836514 -288962 969994
287719 -238500 792123 584175
429979 -451802 -29708 239674
132787 845564 997806 -656532
132787 845564 -171344 -555422
429979 -451802 -508880 -411106
61746 290727 26463 -955519
729831 -597537 -540673 610658
-502646 -540950 -508880 -411106
997806 -656532 -288962 969994
26463 -955519 -540673 610658
-540673 610658 -528744 -854407
-288962 969994 -171344 -555422
-98241 767300 581970 -547857
26463 -955519 -288962 969994
-288962 969994 -29708 239674
-288962 969994 -991656 819465
132787 845564 379191 -642181
26463 -955519 107331 907129
581970 -547857 132787 845564
-540673 610658 -568630 371201
-528744 -854407 379191 -642181
-572776 908408 132787 845564
-508880 -411106 379191 -642181
429979 -451802 729831 -597537
-508880 -411106 132787 845564
-29708 239674 287719 -238500
-183365 763507 -528744 -854407
-540673 610658 792123 584175
-288962 969994 -183365 763507
581970 -547857 107331 907129
-508880 -411106 -29708 239674
997806 -656532 -321330 836514
61746 290727 -183365 763507
-98241 767300 -540673 610658
997806 -656532 -29708 239674
997806 -656532 840108 -219329
132787 845564 -540673 610658
61746 290727 -572776 908408
379191 -642181 -321330 836514
107331 907129 -568630 371201
107331 907129 -98241 767300
729831 -597537 -29708 239674
-540673 610658 61746 290727
-991656 819465 -540673 610658
107331 907129 -502646 -540950
-171344 -555422 -502646 -540950
581970 -547857 -171344 -555422
379191 -642181 287719 -238500
-568630 371201 -98241 767300
-528744 -854407 840108 -219329
287719 -238500 -502646 -540950
132787 845564 792123 584175
379191 -642181 -288962 969994
840108 -219329 -568630 371201
379191 -642181 840108 -219329
-991656 819465 -502646 -540950
997806 -656532 -98241 767300
100
-374050 -342994 124156 -374411
-374050 -342994 949231 -529109
949231 -529109 662238 -566591
-374050 -342994 930564 420614
-374050 -342994 125141 700986
930564 420614 949231 -529109
125141 700986 597599 -447195
662238 -566591 -813470 147508
597599 -447195 894207 -592371
597599 -447195 402989 938827
662238 -566591 125141 700986
597599 -447195 598522 -762848
597599 -447195 -988296 -570075
124156 -374411 598522 -762848
402989 938827 662238 -566591
-813470 147508 -526548 -865747
124156 -374411 -450840 -574737
598522 -762848 495618 -552724
597599 -447195 -250277 524552
402989 938827 -156154 587910
-374050 -342994 402989 938827
-250277 524552 -156154 587910
-450840 -574737 -842641 -304271
-813470 147508 763182 453375
125141 700986 949231 -529109
763182 453375 402989 938827
-156154 587910 124156 -374411
597599 -447195 347073 113023
-156154 587910 662238 -566591
894207 -592371 -289566 730944
763182 453375 894207 -592371
597599 -447195 -298372 -389678
347073 113023 -250277 524552
-450840 -574737 -374050 -342994
597599 -447195 -526548 -865747
-289566 730944 125141 700986
402989 938827 124156 -374411
-988296 -570075 721947 577254
-842641 -304271 -374050 -342994
662238 -566591 -526548 -865747
-450840 -574737 -289566 730944
598522 -762848 930564 420614
124156 -374411 -988296 -570075
930564 420614 -450840 -574737
598522 -762848 -250277 524552
402989 938827 598522 -762848
597599 -447195 -374050 -342994
930564 420614 -298372 -389678
347073 113023 -526548 -865747
930564 420614 387853 863484
387853 863484 763182 453375
-526548 -865747 -801399 -227827
-156154 587910 121123 -731757
-450840 -574737 -156154 587910
-374050 -342994 -526548 -865747
597599 -447195 765748 -359496
495618 -552724 -526548 -865747
121123 -731757 626239 -814899
597599 -447195 -450840 -574737
495618 -552724 930564 420614
121123 -731757 -102648 -101525
930564 420614 -156154 587910
121123 -731757 949231 -529109
598522 -762848 387853 863484
121123 -731757 347073 113023
930564 420614 721947 577254
894207 -592371 -988296 -570075
765748 -359496 -801399 -227827
347073 113023 721947 577254
402989 938827 495618 -552724
-813470 147508 598522 -762848
763182 453375 -801399 -227827
-374050 -342994 347073 113023
597599 -447195 949231 -529109
-813470 147508 -842641 -304271
125141 700986 763182 453375
-298372 -389678 -801399 -227827
-988296 -570075 -102648 -101525
-526548 -865747 765748 -359496
597599 -447195 721947 577254
-801399 -227827 402989 938827
662238 -566591 -842641 -304271
-298372 -389678 387853 863484
124156 -374411 626239 -814899
-298372 -389678 894207 -592371
347073 113023 -842641 -304271
-298372 -389678 495618 -552724
949231 -529109 -526548 -865747
-450840 -574737 894207 -592371
-250277 524552 -526548 -865747
125141 700986 -842641 -304271
765748 -359496 -374050 -342994
721947 577254 -102648 -101525
-156154 587910 549340 640322
598522 -762848 -156154 587910
-450840 -574737 549340 640322
930564 420614 549340 640322
626239 -814899 347073 113023
-374050 -342994 -102648 -101525
-813470 147508 597599 -447195
100
611580 289442 -658058 -986768
-658058 -986768 671296 -883379
-658058 -986768 -532616 730544
-658058 -986768 856967 -737201
-658058 -986768 440620 222959
856967 -737201 -830299 548034
-658058 -986768 -45486 -854184
856967 -737201 100759 -178846
-830299 548034 -287576 -285747
671296 -883379 -532616 730544
-532616 730544 -123176 -332523
-532616 730544 -452437 -65658
-287576 -285747 -320038 696275
-45486 -854184 -287576 -285747
671296 -883379 -452437 -65658
-452437 -65658 825238 707087
440620 222959 -588160 -324786
-588160 -324786 -287576 -285747
611580 289442 -452437 -65658
-452437 -65658 401223 -685698
-123176 -332523 100759 -178846
100759 -178846 611580 289442
611580 289442 -532616 730544
-123176 -332523 856967 -737201
-452437 -65658 -287576 -285747
-287576 -285747 -658058 -986768
-658058 -986768 -320038 696275
-320038 696275 504268 663286
-320038 696275 -532616 730544
671296 -883379 440620 222959
671296 -883379 129098 -42623
-320038 696275 211897 -237154
-320038 696275 -706193 -278180
-320038 696275 100759 -178846
-45486 -854184 504268 663286
-830299 548034 -123176 -332523
129098 -42623 -45486 -854184
-123176 -332523 211897 -237154
401223 -685698 856967 -737201
-706193 -278180 856967 -737201
-45486 -854184 671296 -883379
100759 -178846 -287576 -285747
504268 663286 856967 -737201
-830299 548034 504268 663286
-45486 -854184 -452437 -65658
-706193 -278180 671296 -883379
-45486 -854184 211897 -237154
611580 289442 -287576 -285747
-706193 -278180 -45486 -854184
504268 663286 344696 693635
211897 -237154 -452437 -65658
211897 -237154 825238 707087
-287576 -285747 226890 627108
344696 693635 817415 -610610
-706193 -278180 401223 -685698
344696 693635 -658058 -986768
-320038 696275 856967 -737201
226890 627108 440620 222959
-830299 548034 344696 693635
825238 707087 504268 663286
-830299 548034 -320038 696275
100759 -178846 -588160 -324786
-452437 -65658 817415 -610610
671296 -883379 856967 -737201
817415 -610610 -287576 -285747
100759 -178846 112357 202702
611580 289442 -706193 -278180
-658058 -986768 817415 -610610
825238 707087 226890 627108
226890 627108 129098 -42623
-706193 -278180 -830299 548034
671296 -883379 817415 -610610
-287576 -285747 504268 663286
344696 693635 -532616 730544
440620 222959 -287576 -285747
-830299 548034 -452437 -65658
-830299 548034 -658058 -986768
226890 627108 211897 -237154
-588160 -324786 129098 -42623
440620 222959 504268 663286
-45486 -854184 611580 289442
-706193 -278180 440620 222959
-287576 -285747 856967 -737201
-123176 -332523 825238 707087
671296 -883379 825238 707087
344696 693635 100759 -178846
-45486 -854184 112357 202702
-706193 -278180 -452437 -65658
-287576 -285747 112357 202702
344696 693635 825238 707087
-45486 -854184 100759 -178846
817415 -610610 -532616 730544
344696 693635 -588160 -324786
611580 289442 344696 693635
226890 627108 -320038 696275
611580 289442 671296 -883379
112357 202702 856967 -737201
825238 707087 -658058 -986768
440620 222959 112357 202702
211897 -237154 -588160 -324786
100
22976 -180971 614427 -404722
614427 -404722 546124 419733
22976 -180971 734842 -374334
734842 -374334 254004 295353
546124 419733 854973 -660097
854973 -660097 254004 295353
854973 -660097 614427 -404722
614427 -404722 433481 -751961
734842 -374334 967234 615723
546124 419733 672364 -494278
614427 -404722 -470695 -41440
672364 -494278 254004 295353
672364 -494278 -67196 47729
546124 419733 -67196 47729
967234 615723 433481 -751961
254004 295353 -949067 312063
614427 -404722 -488590 271540
-488590 271540 22976 -180971
22976 -180971 854973 -660097
614427 -404722 -67196 47729
254004 295353 -470695 -41440
546124 419733 -488590 271540
22976 -180971 280832 448166
433481 -751961 -904490 -718586
-67196 47729 -904490 -718586
734842 -374334 461718 80050
433481 -751961 -666634 320130
734842 -374334 658307 -443063
-904490 -718586 -475103 -896385
22976 -180971 93389 321359
-470695 -41440 93389 321359
93389 321359 -666634 320130
461718 80050 35490 117360
433481 -751961 -103517 -217969
546124 419733 734842 -374334
93389 321359 -904490 -718586
-67196 47729 -896895 729719
-949067 312063 461718 80050
-103517 -217969 22976 -180971
461718 80050 -142950 -186310
-475103 -896385 -949067 312063
461718 80050 -470695 -41440
546124 419733 -475103 -896385
-904490 -718586 937365 -560554
-470695 -41440 -8670 -497228
-475103 -896385 280832 448166
433481 -751961 546124 419733
658307 -443063 280832 448166
93389 321359 937365 -560554
967234 615723 461718 80050
-904490 -718586 805391 -757537
254004 295353 -488590 271540
-488590 271540 -949067 312063
35490 117360 -129269 394337
-475103 -896385 -8670 -497228
614427 -404722 720120 -883656
461718 80050 672364 -494278
22976 -180971 -129269 394337
-949067 312063 967234 615723
937365 -560554 860396 926032
-67196 47729 734842 -374334
-103517 -217969 805391 -757537
93389 321359 -263309 -105554
-142950 -186310 22976 -180971
-67196 47729 254004 295353
35490 117360 -949067 312063
720120 -883656 860396 926032
967234 615723 -142950 -186310
433481 -751961 35490 117360
-103517 -217969 35490 117360
-8670 -497228 805391 -757537
-475103 -896385 93389 321359
-949067 312063 734842 -374334
614427 -404722 -949067 312063
-129269 394337 -142950 -186310
854973 -660097 937365 -560554
-904490 -718586 -666634 320130
93389 321359 -949067 312063
280832 448166 -142950 -186310
854973 -660097 805391 -757537
672364 -494278 720120 -883656
-666634 320130 -896895 729719
-263309 -105554 -103517 -217969
658307 -443063 93389 321359
-896895 729719 -488590 271540
658307 -443063 805391 -757537
734842 -374334 93389 321359
-8670 -497228 -949067 312063
-666634 320130 805391 -757537
280832 448166 -470695 -41440
-470695 -41440 967234 615723
734842 -374334 -815423 -111930
614427 -404722 -666634 320130
-8670 -497228 967234 615723
254004 295353 -904490 -718586
461718 80050 854973 -660097
720120 -883656 -896895 729719
22976 -180971 860396 926032
35490 117360 -488590 271540
-67196 47729 -8670 -497228
100
-57693 969028 861289 274217
-57693 969028 -823538 -800283
-823538 -800283 39899 -606962
39899 -606962 861289 274217
-823538 -800283 614222 790052
-823538 -800283 872184 -643189
39899 -606962 206782 841850
39899 -606962 605036 -356628
-57693 969028 -133768 949361
206782 841850 -133768 949361
-823538 -800283 -133768 949361
-133768 949361 -521010 802212
-521010 802212 833558 348336
605036 -356628 206782 841850
-57693 969028 833558 348336
872184 -643189 610303 -506283
605036 -356628 -350044 -639038
-133768 949361 528849 652694
833558 348336 950058 310861
-521010 802212 950058 310861
872184 -643189 39899 -606962
39899 -606962 -350044 -639038
872184 -643189 -98679 101523
-350044 -639038 27526 -940672
27526 -940672 610303 -506283
206782 841850 384057 76624
-98679 101523 528849 652694
-133768 949361 861289 274217
-823538 -800283 833558 348336
614222 790052 -762956 566324
-350044 -639038 206782 841850
614222 790052 610303 -506283
614222 790052 861289 274217
-98679 101523 -350044 -639038
-98679 101523 743872 874575
-762956 566324 -521010 802212
-350044 -639038 -338262 -885192
-762956 566324 833558 348336
206782 841850 -521010 802212
-133768 949361 27526 -940672
-823538 -800283 -762956 566324
206782 841850 -191884 -128462
-191884 -128462 -57693 969028
528849 652694 610303 -506283
833558 348336 605036 -356628
-338262 -885192 68112 -121094
610303 -506283 -98679 101523
39899 -606962 -338262 -885192
384057 76624 27526 -940672
-350044 -639038 -743520 -990775
-521010 802212 -98679 101523
-762956 566324 -57693 969028
-521010 802212 -57693 969028
68112 -121094 384057 76624
206782 841850 -743520 -990775
-823538 -800283 616260 97404
861289 274217 605036 -356628
950058 310861 861289 274217
68112 -121094 616260 97404
-338262 -885192 -57693 969028
833558 348336 27526 -940672
68112 -121094 861289 274217
861289 274217 -178099 -751506
-191884 -128462 616260 97404
528849 652694 27526 -940672
68112 -121094 -350044 -639038
833558 348336 -743520 -990775
614222 790052 206782 841850
950058 310861 614222 790052
872184 -643189 950058 310861
-762956 566324 610303 -506283
833558 348336 614222 790052
-743520 -990775 -823538 -800283
-178099 -751506 -521010 802212
-762956 566324 616260 97404
-133768 949361 610303 -506283
-98679 101523 384057 76624
-133768 949361 833558 348336
743872 874575 528849 652694
-133768 949361 743872 874575
-823538 -800283 -191884 -128462
-98679 101523 861289 274217
27526 -940672 -823538 -800283
-57693 969028 610303 -506283
743872 874575 605036 -356628
610303 -506283 950058 310861
833558 348336 -98679 101523
-762956 566324 39899 -606962
-178099 -751506 833558 348336
872184 -643189 -178099 -751506
-133768 949361 -762956 566324
-350044 -639038 614222 790052
-521010 802212 -743520 -990775
950058 310861 68112 -121094
-521010 802212 68112 -121094
384057 76624 -191884 -128462
206782 841850 528849 652694
872184 -643189 -350044 -639038
616260 97404 -57693 969028
206782 841850 -98679 101523
100
-670069 7031 -454996 825534
-454996 825534 -508692 183245
-508692 183245 8414 369723
8414 369723 -223703 905874
-670069 7031 499227 -445139
499227 -445139 -454996 825534
-223703 905874 -440371 385806
499227 -445139 -141635 -5025
8414 369723 92815 -62234
92815 -62234 195977 -790074
-670069 7031 -107183 -920268
-141635 -5025 -447838 -502286
-107183 -920268 232109 592760
92815 -62234 21569 -90433
8414 369723 -249977 627568
8414 369723 573658 -228726
-454996 825534 -484568 331122
-107183 -920268 -351678 110148
-454996 825534 -223703 905874
-223703 905874 209074 290020
232109 592760 821860 -978120
21569 -90433 -249977 627568
92815 -62234 -484568 331122
499227 -445139 377744 -262061
-249977 627568 -351678 110148
232109 592760 -351678 110148
573658 -228726 -223703 905874
-447838 -502286 -440371 385806
-249977 627568 -223703 905874
-447838 -502286 -139080 -733493
-107183 -920268 195977 -790074
-249977 627568 -508692 183245
-351678 110148 195977 -790074
-447838 -502286 209074 290020
-107183 -920268 821860 -978120
209074 290020 -983673 -754049
-223703 905874 499227 -445139
-223703 905874 232109 592760
-107183 -920268 21569 -90433
-670069 7031 195977 -790074
-484568 331122 8414 369723
-508692 183245 377744 -262061
92815 -62234 -351678 110148
-983673 -754049 926921 -494740
232109 592760 21569 -90433
-249977 627568 377744 -262061
-141635 -5025 573658 -228726
-223703 905874 -351678 110148
573658 -228726 -454996 825534
821860 -978120 -447838 -502286
926921 -494740 -508692 183245
-107183 -920268 8414 369723
377744 -262061 821860 -978120
-440371 385806 -139080 -733493
-508692 183245 -139080 -733493
821860 -978120 -223703 905874
-249977 627568 926921 -494740
209074 290020 -153399 657635
-141635 -5025 232109 592760
-454996 825534 -107183 -920268
-670069 7031 8414 369723
21569 -90433 -139080 -733493
926921 -494740 209074 290020
-223703 905874 -153399 657635
-454996 825534 -141635 -5025
-153399 657635 499227 -445139
209074 290020 377744 -262061
377744 -262061 -153399 657635
21569 -90433 573658 -228726
-139080 -733493 821860 -978120
926921 -494740 -484568 331122
-983673 -754049 499227 -445139
-670069 7031 -153399 657635
-141635 -5025 8414 369723
232109 592760 8414 369723
8414 369723 499227 -445139
92815 -62234 947460 -243271
499227 -445139 -440371 385806
821860 -978120 195977 -790074
947460 -243271 573658 -228726
-670069 7031 -141635 -5025
-249977 627568 573658 -228726
-440371 385806 573658 -228726
947460 -243271 195977 -790074
21569 -90433 377744 -262061
21569 -90433 -447838 -502286
-153399 657635 -351678 110148
-447838 -502286 926921 -494740
195977 -790074 -141635 -5025
-153399 657635 573658 -228726
8414 369723 -153399 657635
-670069 7031 947460 -243271
-153399 657635 -484568 331122
926921 -494740 195977 -790074
821860 -978120 209074 290020
926921 -494740 821860 -978120
947460 -243271 -454996 825534
-983673 -754049 -454996 825534
-351678 110148 -447838 -502286
-223703 905874 -139080 -733493
