20
100
578593 -341523 -237810 116860
-237810 116860 -773698 725516
578593 -341523 740423 365412
578593 -341523 -394334 -422724
578593 -341523 953145 383113
578593 -341523 -871459 -441723
-394334 -422724 -806548 770745
-806548 770745 -773698 725516
-237810 116860 484491 -556315
953145 383113 740423 365412
-773698 725516 393189 344281
-871459 -441723 -349068 -638956
-806548 770745 -871459 -441723
578593 -341523 144986 185572
-349068 -638956 904811 -238322
-773698 725516 -349068 -638956
-394334 -422724 -785771 113925
-871459 -441723 144986 185572
-785771 113925 -237810 116860
-773698 725516 292107 -498378
-349068 -638956 578593 -341523
393189 344281 132978 484966
-394334 -422724 -773698 725516
953145 383113 650364 216376
-349068 -638956 484491 -556315
-349068 -638956 132978 484966
144986 185572 -55861 859587
-237810 116860 393189 344281
953145 383113 -237810 116860
292107 -498378 904811 -238322
-773698 725516 -785771 113925
393189 344281 727576 -242544
292107 -498378 926134 927601
650364 216376 -625613 95632
292107 -498378 740423 365412
727576 -242544 -394334 -422724
-55861 859587 137162 -891832
132978 484966 144986 185572
740423 365412 -773698 725516
-806548 770745 -237810 116860
904811 -238322 333729 -136330
-55861 859587 -319313 70614
137162 -891832 650364 216376
484491 -556315 132978 484966
137162 -891832 -871459 -441723
953145 383113 926134 927601
-55861 859587 -237810 116860
292107 -498378 144986 185572
926134 927601 -349068 -638956
740423 365412 -871459 -441723
-871459 -441723 -370585 290001
137162 -891832 -370585 290001
650364 216376 -806548 770745
926134 927601 -394334 -422724
740423 365412 -625613 95632
953145 383113 99151 405975
99151 405975 144986 185572
137162 -891832 926134 927601
393189 344281 -319313 70614
-394334 -422724 740423 365412
926134 927601 484491 -556315
953145 383113 484491 -556315
137162 -891832 -350217 87162
333729 -136330 -350217 87162
-319313 70614 -237810 116860
137162 -891832 99151 405975
-370585 290001 -785771 113925
292107 -498378 -55861 859587
132978 484966 -785771 113925
137162 -891832 484491 -556315
-55861 859587 393189 344281
650364 216376 -55861 859587
-55861 859587 -785771 113925
-806548 770745 -349068 -638956
-350217 87162 -806548 770745
-350217 87162 904811 -238322
-370585 290001 -806548 770745
953145 383113 292107 -498378
904811 -238322 -773698 725516
-806548 770745 740423 365412
904811 -238322 -625613 95632
-785771 113925 740423 365412
-806548 770745 132978 484966
650364 216376 -350217 87162
-625613 95632 -806548 770745
-319313 70614 -394334 -422724
-871459 -441723 727576 -242544
-349068 -638956 144986 185572
926134 927601 -55861 859587
292107 -498378 -370585 290001
132978 484966 292107 -498378
333729 -136330 -237810 116860
740423 365412 325575 -406171
650364 216376 740423 365412
-319313 70614 -785771 113925
-350217 87162 -871459 -441723
99151 405975 650364 216376
-871459 -441723 -625613 95632
727576 -242544 325575 -406171
99151 405975 727576 -242544
100
-286188 -142622 -48687 144950
-48687 144950 -813450 417772
-813450 417772 -579857 9469
-286188 -142622 563441 797610
-813450 417772 -314515 -740693
-579857 9469 -338971 -375317
-314515 -740693 240263 -754848
-579857 9469 117439 239404
117439 239404 -206302 912533
-314515 -740693 -209923 -780477
-206302 912533 778980 681358
-209923 -780477 -715298 447538
240263 -754848 941590 21106
-48687 144950 -715298 447538
778980 681358 710714 -177896
-206302 912533 -641149 -54134
-48687 144950 -284654 820852
117439 239404 842260 685952
-641149 -54134 379105 193433
563441 797610 -206302 912533
-206302 912533 -813450 417772
563441 797610 -499920 237980
-813450 417772 27668 469281
117439 239404 99131 556391
-48687 144950 -209923 -780477
-813450 417772 654935 -216096
842260 685952 -314515 -740693
99131 556391 -209923 -780477
-206302 912533 842260 685952
117439 239404 -48687 144950
-209923 -780477 654935 -216096
654935 -216096 -499920 237980
842260 685952 710714 -177896
-48687 144950 789535 573404
778980 681358 -284654 820852
379105 193433 710714 -177896
-286188 -142622 103772 888525
-284654 820852 -209923 -780477
-284654 820852 379105 193433
-314515 -740693 84445 921585
99131 556391 365103 199312
-579857 9469 -641149 -54134
-579857 9469 -284654 820852
-48687 144950 563441 797610
103772 888525 -314515 -740693
789535 573404 842260 685952
103772 888525 379105 193433
563441 797610 -209923 -780477
-48687 144950 -314515 -740693
-641149 -54134 -314515 -740693
-499920 237980 -715298 447538
-284654 820852 103772 888525
-284654 820852 -813450 417772
-338971 -375317 -813450 417772
778980 681358 84445 921585
379105 193433 570619 -207079
365103 199312 -314515 -740693
99131 556391 -338971 -375317
379105 193433 794927 -221012
-284654 820852 789535 573404
99131 556391 226352 -670169
710714 -177896 941590 21106
570619 -207079 99131 556391
563441 797610 84445 921585
-338971 -375317 84445 921585
99131 556391 794927 -221012
99131 556391 654935 -216096
99131 556391 -48687 144950
84445 921585 -715298 447538
654935 -216096 -206302 912533
794927 -221012 103772 888525
-499920 237980 226352 -670169
778980 681358 27668 469281
-715298 447538 379105 193433
789535 573404 240263 -754848
-314515 -740693 -499920 237980
778980 681358 226352 -670169
-286188 -142622 -715298 447538
842260 685952 -48687 144950
-48687 144950 570619 -207079
-284654 820852 27668 469281
-813450 417772 570619 -207079
-715298 447538 -284654 820852
563441 797610 -579857 9469
117439 239404 27668 469281
-641149 -54134 -499920 237980
365103 199312 117439 239404
103772 888525 226352 -670169
710714 -177896 -715298 447538
-284654 820852 -164547 173527
-499920 237980 710714 -177896
240263 -754848 778980 681358
654935 -216096 240263 -754848
-641149 -54134 -715298 447538
-164547 173527 -499920 237980
-48687 144950 -499920 237980
710714 -177896 -813450 417772
-338971 -375317 27668 469281
84445 921585 -284654 820852
117439 239404 -499920 237980
100
-755783 311855 -475891 -439837
-755783 311855 660372 587154
-755783 311855 -124237 805641
660372 587154 493722 -284614
493722 -284614 131921 224190
660372 587154 131921 224190
-124237 805641 -886958 124127
-475891 -439837 -683683 -231547
131921 224190 -755783 311855
-683683 -231547 -955190 341593
-955190 341593 25266 524177
-755783 311855 997252 81485
25266 524177 351151 898685
-124237 805641 -921721 419903
-921721 419903 997252 81485
131921 224190 -921721 419903
493722 -284614 351151 898685
351151 898685 -921721 419903
-921721 419903 978604 -83313
-475891 -439837 493722 -284614
25266 524177 -16128 372630
-16128 372630 493722 -284614
493722 -284614 -859762 -445522
-859762 -445522 -921721 419903
-755783 311855 -662670 -548902
-955190 341593 -475891 -439837
-683683 -231547 635452 139278
978604 -83313 -694980 118249
-921721 419903 -683683 -231547
635452 139278 974322 903619
635452 139278 -954977 557418
25266 524177 -709729 814385
-16128 372630 -859762 -445522
-475891 -439837 -954977 557418
351151 898685 26067 -996550
-921721 419903 443070 -866886
25266 524177 -475891 -439837
635452 139278 -16128 372630
-694980 118249 -755783 311855
-683683 -231547 351151 898685
-124237 805641 -475891 -439837
-124237 805641 804936 329603
-662670 -548902 25266 524177
804936 329603 -709729 814385
443070 -866886 -124237 805641
443070 -866886 -471799 -537437
351151 898685 974322 903619
-709729 814385 913798 -43418
-694980 118249 -16128 372630
-662670 -548902 804936 329603
-694980 118249 974322 903619
-124237 805641 -775297 -785163
-683683 -231547 131921 224190
635452 139278 -124237 805641
-859762 -445522 997252 81485
131921 224190 -16128 372630
-683683 -231547 -755783 311855
997252 81485 974322 903619
804936 329603 -954977 557418
-475891 -439837 997252 81485
-709729 814385 -124237 805641
997252 81485 -709729 814385
978604 -83313 660372 587154
-775297 -785163 -921721 419903
-954977 557418 -662670 -548902
660372 587154 -804203 -133901
26067 -996550 974322 903619
493722 -284614 -954977 557418
-755783 311855 974322 903619
978604 -83313 -955190 341593
131921 224190 -471799 -537437
913798 -43418 -886958 124127
974322 903619 -886958 124127
26067 -996550 913798 -43418
804936 329603 -775297 -785163
-471799 -537437 -804203 -133901
-694980 118249 -683683 -231547
978604 -83313 -471799 -537437
-859762 -445522 -954977 557418
635452 139278 -921721 419903
-709729 814385 -921721 419903
-804203 -133901 25266 524177
-921721 419903 804936 329603
635452 139278 -709729 814385
-709729 814385 3944 -967139
-694980 118249 131921 224190
351151 898685 -954977 557418
-886958 124127 351151 898685
351151 898685 997252 81485
-124237 805641 -804203 -133901
26067 -996550 -286472 -327560
660372 587154 -954977 557418
25266 524177 -859762 -445522
351151 898685 660372 587154
-694980 118249 804936 329603
913798 -43418 -261921 125307
351151 898685 -471799 -537437
913798 -43418 -955190 341593
804936 329603 -471799 -537437
-775297 -785163 -859762 -445522
100
608376 994571 897480 56821
608376 994571 992787 665302
608376 994571 -908596 46655
608376 994571 -199803 808025
-199803 808025 -47718 -132823
-908596 46655 373626 358652
-908596 46655 389976 -67556
389976 -67556 992787 665302
992787 665302 -273555 -141430
373626 358652 -471755 -956315
-908596 46655 -273555 -141430
-908596 46655 -875505 -596802
-47718 -132823 -410179 628264
608376 994571 79715 -843398
-410179 628264 389976 -67556
79715 -843398 751074 404254
897480 56821 -199803 808025
751074 404254 -235657 139732
-410179 628264 751074 404254
389976 -67556 30941 -186457
-235657 139732 -651310 760847
-651310 760847 994081 -137902
-471755 -956315 -997821 469573
-651310 760847 198620 -950443
897480 56821 992787 665302
-199803 808025 79715 -843398
-875505 -596802 30941 -186457
79715 -843398 -273555 -141430
897480 56821 -195852 536579
79715 -843398 -377876 569830
-377876 569830 994081 -137902
-199803 808025 304458 949478
994081 -137902 897480 56821
389976 -67556 -377876 569830
897480 56821 -592454 565531
-908596 46655 -235657 139732
992787 665302 30941 -186457
-273555 -141430 -789593 -900002
-235657 139732 -368474 955911
373626 358652 -319945 -661749
304458 949478 -47718 -132823
-319945 -661749 304458 949478
992787 665302 -875505 -596802
-368474 955911 79715 -843398
-471755 -956315 897480 56821
-875505 -596802 -651310 760847
198620 -950443 30941 -186457
-410179 628264 608376 994571
-368474 955911 373626 358652
-789593 -900002 -908596 46655
-410179 628264 -98814 693781
-319945 -661749 -26396 -341458
-319945 -661749 79715 -843398
751074 404254 -997821 469573
-410179 628264 -908596 46655
-199803 808025 389976 -67556
-651310 760847 897480 56821
30941 -186457 -273555 -141430
-235657 139732 176503 -5265
304458 949478 -368474 955911
-273555 -141430 -377876 569830
198620 -950443 -471755 -956315
-908596 46655 751074 404254
-319945 -661749 -875505 -596802
994081 -137902 -273555 -141430
992787 665302 -195852 536579
-26396 -341458 897480 56821
-592454 565531 -235657 139732
994081 -137902 -319945 -661749
-199803 808025 992787 665302
-98814 693781 -47718 -132823
992787 665302 -26396 -341458
-195852 536579 304458 949478
-47718 -132823 -908596 46655
-47718 -132823 992787 665302
-875505 -596802 -592454 565531
751074 404254 -273555 -141430
-997821 469573 994081 -137902
-592454 565531 -368474 955911
751074 404254 176503 -5265
-368474 955911 -789593 -900002
-377876 569830 -908596 46655
-651310 760847 30941 -186457
-273555 -141430 -98011 -513900
-997821 469573 30941 -186457
-377876 569830 198620 -950443
-471755 -956315 -875505 -596802
-377876 569830 897480 56821
-26396 -341458 198620 -950443
-789593 -900002 176503 -5265
-195852 536579 -875505 -596802
-368474 955911 -997821 469573
897480 56821 176503 -5265
751074 404254 198620 -950443
-997821 469573 -98814 693781
-199803 808025 373626 358652
-98814 693781 897480 56821
-319945 -661749 -592454 565531
-997821 469573 -98011 -513900
-47718 -132823 -368474 955911
100
-721449 -881158 -236758 -393820
-236758 -393820 255397 -110455
-236758 -393820 873506 -880556
-721449 -881158 -292094 -507270
255397 -110455 629699 661346
-236758 -393820 463484 -198111
-292094 -507270 271663 -904471
255397 -110455 559202 -578457
-721449 -881158 597441 -884847
255397 -110455 -587651 396260
255397 -110455 271663 -904471
873506 -880556 841016 -779100
-587651 396260 597441 -884847
-292094 -507270 518663 -556205
463484 -198111 271663 -904471
271663 -904471 -344504 -966576
463484 -198111 857671 890437
559202 -578457 -899684 278585
463484 -198111 130638 804435
873506 -880556 463484 -198111
463484 -198111 786754 -987186
271663 -904471 199207 -859150
629699 661346 463484 -198111
-344504 -966576 199207 -859150
857671 890437 -102312 744036
-587651 396260 -292094 -507270
597441 -884847 786754 -987186
-292094 -507270 -390116 -481498
-102312 744036 841016 -779100
841016 -779100 786754 -987186
-102312 744036 -721449 -881158
463484 -198111 518663 -556205
-899684 278585 -292094 -507270
559202 -578457 199207 -859150
-587651 396260 583938 347455
-390116 -481498 -129675 362527
518663 -556205 857671 890437
-292094 -507270 -129675 362527
-390116 -481498 199207 -859150
786754 -987186 873506 -880556
-102312 744036 559202 -578457
629699 661346 841016 -779100
629699 661346 -292094 -507270
271663 -904471 729389 882591
199207 -859150 786754 -987186
786754 -987186 -587651 396260
-129675 362527 -236758 -393820
-292094 -507270 583938 347455
841016 -779100 463484 -198111
-390116 -481498 271663 -904471
-587651 396260 -102312 744036
-102312 744036 463484 -198111
583938 347455 518663 -556205
271663 -904471 605998 -932881
-129675 362527 518663 -556205
786754 -987186 255397 -110455
-236758 -393820 597441 -884847
857671 890437 -721449 -881158
255397 -110455 841016 -779100
-292094 -507270 786754 -987186
-587651 396260 -129675 362527
-236758 -393820 729389 882591
463484 -198111 -292094 -507270
873506 -880556 518663 -556205
-390116 -481498 605998 -932881
-102312 744036 -344504 -966576
-129675 362527 583938 347455
463484 -198111 -858837 -34352
629699 661346 -129675 362527
-102312 744036 518663 -556205
-587651 396260 629699 661346
-721449 -881158 559202 -578457
-721449 -881158 255397 -110455
729389 882591 597441 -884847
518663 -556205 559202 -578457
271663 -904471 597441 -884847
-344504 -966576 -721449 -881158
629699 661346 729389 882591
629699 661346 271663 -904471
271663 -904471 -236758 -393820
-721449 -881158 -390116 -481498
597441 -884847 -390116 -481498
-721449 -881158 199207 -859150
873506 -880556 -721449 -881158
841016 -779100 583938 347455
786754 -987186 130638 804435
629699 661346 -236758 -393820
873506 -880556 130638 804435
463484 -198111 -899684 278585
255397 -110455 -102312 744036
-102312 744036 786754 -987186
199207 -859150 -899684 278585
629699 661346 -390116 -481498
199207 -859150 629699 661346
605998 -932881 -129675 362527
-236758 -393820 559202 -578457
199207 -859150 873506 -880556
-344504 -966576 -587651 396260
255397 -110455 130638 804435
-721449 -881158 130638 804435
100
139746 -534436 812595 826161
812595 826161 -525749 -898
139746 -534436 988588 398769
139746 -534436 -60439 145182
-60439 145182 -525749 -898
139746 -534436 -22534 -521830
-60439 145182 336899 726768
336899 726768 -348558 -337051
812595 826161 -304066 351949
988588 398769 -348558 -337051
812595 826161 966315 17597
966315 17597 -40197 -148298
139746 -534436 -85793 -894301
812595 826161 -85793 -894301
-348558 -337051 -40197 -148298
-525749 -898 667512 968883
-348558 -337051 54345 -160872
812595 826161 -60439 145182
-40197 -148298 54345 -160872
-22534 -521830 -315136 968294
-60439 145182 -85793 -894301
54345 -160872 129859 -949138
-348558 -337051 812595 826161
-85793 -894301 -937002 627855
-525749 -898 -937002 627855
-85793 -894301 921091 678489
-85793 -894301 -40197 -148298
54345 -160872 900492 -124
-85793 -894301 -141063 -940861
667512 968883 966315 17597
-40197 -148298 -13110 -577876
336899 726768 900492 -124
-85793 -894301 91633 128890
-141063 -940861 91633 128890
129859 -949138 368323 944554
-22534 -521830 -60439 145182
368323 944554 966315 17597
667512 968883 -22534 -521830
-40197 -148298 921091 678489
-13110 -577876 -315136 968294
966315 17597 -714848 -625799
667512 968883 139746 -534436
-348558 -337051 129859 -949138
54345 -160872 139746 -534436
921091 678489 91633 128890
812595 826161 -468857 306794
-525749 -898 -947077 -556696
91633 128890 139746 -534436
-13110 -577876 988588 398769
-315136 968294 -937002 627855
-468857 306794 988588 398769
139746 -534436 -13110 -577876
-468857 306794 -348558 -337051
139746 -534436 -560762 422830
-22534 -521830 -525749 -898
667512 968883 -947077 -556696
667512 968883 -937002 627855
900492 -124 -560762 422830
812595 826161 900492 -124
-304066 351949 368323 944554
988588 398769 -714848 -625799
-525749 -898 91633 128890
667512 968883 368323 944554
812595 826161 -13110 -577876
54345 -160872 -60439 145182
54345 -160872 -72934 -149311
-560762 422830 -304066 351949
-315136 968294 54345 -160872
-560762 422830 812595 826161
-468857 306794 -72934 -149311
91633 128890 -714848 -625799
-714848 -625799 -525749 -898
-468857 306794 91633 128890
368323 944554 -141063 -940861
-304066 351949 139746 -534436
900492 -124 368323 944554
-348558 -337051 -714848 -625799
-72934 -149311 336899 726768
-141063 -940861 129859 -949138
91633 128890 -560762 422830
-85793 -894301 -13110 -577876
-72934 -149311 921091 678489
-22534 -521830 812595 826161
129859 -949138 966315 17597
-468857 306794 488461 181845
-141063 -940861 -13110 -577876
-60439 145182 -348558 -337051
368323 944554 -22534 -521830
336899 726768 -22534 -521830
488461 181845 368323 944554
-525749 -898 -468857 306794
900492 -124 -22534 -521830
129859 -949138 -468857 306794
988588 398769 -60439 145182
900492 -124 966315 17597
-141063 -940861 966315 17597
-937002 627855 368323 944554
-72934 -149311 -515287 -331940
139746 -534436 336899 726768
-937002 627855 488461 181845
100
-95073 803129 999706 166897
999706 166897 -622737 350808
999706 166897 -612804 -300432
-622737 350808 -628903 -985408
999706 166897 -74344 59775
-622737 350808 -95073 803129
-95073 803129 23147 981567
-622737 350808 484807 -862482
23147 981567 -622737 350808
484807 -862482 -974490 -26893
23147 981567 201424 625179
-628903 -985408 448108 257924
484807 -862482 -252539 488808
23147 981567 448108 257924
-74344 59775 -468179 160667
-74344 59775 167517 97326
-95073 803129 -252539 488808
167517 97326 201424 625179
-622737 350808 -974490 -26893
-974490 -26893 -74344 59775
-974490 -26893 252969 -561493
-252539 488808 900587 -681992
252969 -561493 -550642 -521985
-468179 160667 999706 166897
484807 -862482 250679 59135
-74344 59775 652661 -285803
167517 97326 4910 -449664
23147 981567 900587 -681992
-468179 160667 749308 -634480
-95073 803129 -52018 -567735
167517 97326 -252539 488808
-622737 350808 201424 625179
749308 -634480 484807 -862482
23147 981567 652661 -285803
448108 257924 484807 -862482
250679 59135 -252539 488808
-252539 488808 -461509 895235
999706 166897 900587 -681992
999706 166897 -964228 934624
-628903 -985408 999706 166897
-974490 -26893 250679 59135
-468179 160667 484807 -862482
652661 -285803 -52018 -567735
900587 -681992 -102405 93895
23147 981567 4910 -449664
749308 -634480 163970 -258932
250679 59135 125393 -840309
-622737 350808 -964228 934624
-550642 -521985 759024 56401
484807 -862482 -421027 -754662
250679 59135 -102405 93895
999706 166897 759024 56401
-461509 895235 252969 -561493
-102405 93895 -252539 488808
-421027 -754662 448108 257924
-468179 160667 163970 -258932
-74344 59775 -612804 -300432
900587 -681992 -52018 -567735
-461509 895235 -974490 -26893
-550642 -521985 250679 59135
999706 166897 -421027 -754662
749308 -634480 -964228 934624
900587 -681992 4910 -449664
652661 -285803 484807 -862482
-74344 59775 -95073 803129
-550642 -521985 652661 -285803
-964228 934624 -95073 803129
-102405 93895 -74344 59775
759024 56401 -461509 895235
-52018 -567735 -622737 350808
-964228 934624 759024 56401
484807 -862482 23147 981567
201424 625179 125393 -840309
125393 -840309 -52018 -567735
-102405 93895 -622737 350808
-52018 -567735 -628903 -985408
-468179 160667 -628903 -985408
900587 -681992 250679 59135
-52018 -567735 484807 -862482
652661 -285803 4910 -449664
-461509 895235 -102405 93895
-461509 895235 -74344 59775
900587 -681992 125393 -840309
167517 97326 23147 981567
-628903 -985408 250679 59135
448108 257924 999706 166897
-628903 -985408 201424 625179
-612804 -300432 -102405 93895
163970 -258932 4910 -449664
-468179 160667 652661 -285803
484807 -862482 167517 97326
-252539 488808 -974490 -26893
252969 -561493 -628903 -985408
652661 -285803 163970 -258932
-974490 -26893 -102405 93895
125393 -840309 -612804 -300432
-252539 488808 -612804 -300432
759024 56401 -974490 -26893
-974490 -26893 652661 -285803
484807 -862482 163970 -258932
100
526261 704208 -709855 -758892
526261 704208 67052 -655725
67052 -655725 117986 -7459
117986 -7459 976289 515843
976289 515843 67052 -655725
67052 -655725 617030 409122
976289 515843 526261 704208
117986 -7459 -718462 897657
617030 409122 -224884 864894
526261 704208 117986 -7459
-224884 864894 -86319 25133
976289 515843 -820725 215854
-709855 -758892 -86319 25133
-718462 897657 588795 863262
617030 409122 -72032 290187
976289 515843 -877537 -556869
-877537 -556869 67052 -655725
588795 863262 976289 515843
67052 -655725 -718462 897657
-72032 290187 -758321 309215
67052 -655725 -820725 215854
-718462 897657 -698915 231710
617030 409122 -162066 -539610
588795 863262 526261 704208
588795 863262 224384 -761223
117986 -7459 -224884 864894
-72032 290187 -32292 -246173
67052 -655725 569237 168114
-32292 -246173 67052 -655725
-224884 864894 27643 631276
569237 168114 -224884 864894
588795 863262 -29046 512472
-758321 309215 -224884 864894
-162066 -539610 -877537 -556869
976289 515843 -777434 329718
-86319 25133 -32292 -246173
27643 631276 -32292 -246173
27643 631276 -877537 -556869
-698915 231710 27643 631276
-32292 -246173 -709855 -758892
-162066 -539610 224384 -761223
-29046 512472 67052 -655725
976289 515843 -29046 512472
67052 -655725 -709855 -758892
-29046 512472 -291467 761009
-224884 864894 -771068 999438
-291467 761009 224384 -761223
526261 704208 -32292 -246173
-820725 215854 -709855 -758892
617030 409122 569237 168114
-758321 309215 569237 168114
569237 168114 700000 382743
700000 382743 67052 -655725
569237 168114 -29046 512472
-777434 329718 -162066 -539610
-877537 -556869 -698915 231710
-224884 864894 976289 515843
-771068 999438 -718462 897657
-820725 215854 -718462 897657
224384 -761223 27643 631276
-86319 25133 976289 515843
-162066 -539610 976289 515843
-29046 512472 224384 -761223
-72032 290187 117986 -7459
27643 631276 -29046 512472
-709855 -758892 976289 515843
588795 863262 27643 631276
700000 382743 -72032 290187
569237 168114 670824 512833
700000 382743 -758321 309215
117986 -7459 -162066 -539610
-718462 897657 27643 631276
569237 168114 526261 704208
-877537 -556869 526261 704208
-758321 309215 -291467 761009
-877537 -556869 -72032 290187
569237 168114 27643 631276
-820725 215854 117986 -7459
670824 512833 -72032 290187
224384 -761223 -86319 25133
27643 631276 117986 -7459
-32292 -246173 -777434 329718
67052 -655725 -758321 309215
-718462 897657 700000 382743
224384 -761223 526261 704208
27643 631276 670824 512833
-29046 512472 617030 409122
117986 -7459 -877537 -556869
-162066 -539610 27643 631276
617030 409122 -877537 -556869
569237 168114 -718462 897657
-777434 329718 526261 704208
976289 515843 617030 409122
224384 -761223 -709855 -758892
117986 -7459 -698915 231710
-86319 25133 27643 631276
-291467 761009 976289 515843
-771068 999438 526261 704208
670824 512833 -162066 -539610
617030 409122 -32292 -246173
100
858728 8888 745311 -60077
858728 8888 -220444 -419439
858728 8888 -131120 879950
745311 -60077 -784407 147711
-784407 147711 -920515 807931
745311 -60077 -920515 807931
-220444 -419439 -401059 -496535
-401059 -496535 -920515 807931
-920515 807931 -137923 -203684
-220444 -419439 745311 -60077
-220444 -419439 -784407 147711
-920515 807931 -660963 -420314
-784407 147711 -192435 669042
-137923 -203684 839250 -981189
-220444 -419439 -131120 879950
-784407 147711 -778415 -732242
839250 -981189 -660963 -420314
-401059 -496535 480181 501135
-192435 669042 839250 -981189
839250 -981189 -663520 -556124
-660963 -420314 -192435 669042
-131120 879950 -920515 807931
-137923 -203684 539296 887139
480181 501135 -784407 147711
745311 -60077 -756398 242932
-220444 -419439 -192435 669042
-192435 669042 539296 887139
-192435 669042 -778415 -732242
-778415 -732242 825484 870367
-192435 669042 480181 501135
-401059 -496535 65156 -73139
-131120 879950 839250 -981189
858728 8888 -60873 676838
-192435 669042 -663520 -556124
825484 870367 -131120 879950
825484 870367 -756398 242932
858728 8888 -401059 -496535
539296 887139 839250 -981189
745311 -60077 250642 -704107
480181 501135 -220444 -419439
65156 -73139 539296 887139
-137923 -203684 -401059 -496535
250642 -704107 539296 887139
-784407 147711 -756398 242932
-778415 -732242 81007 831586
-60873 676838 480181 501135
745311 -60077 65156 -73139
839250 -981189 81007 831586
-663520 -556124 827906 -856731
-663520 -556124 -784407 147711
745311 -60077 -137923 -203684
-60873 676838 -778415 -732242
825484 870367 -660963 -420314
-778415 -732242 -131120 879950
-778415 -732242 -660963 -420314
-920515 807931 -663520 -556124
-137923 -203684 -220444 -419439
-60873 676838 250642 -704107
-784407 147711 839250 -981189
-401059 -496535 -663520 -556124
81007 831586 -920515 807931
-663520 -556124 -660963 -420314
827906 -856731 -920515 807931
-778415 -732242 -663520 -556124
-131120 879950 745311 -60077
-778415 -732242 778914 685835
250642 -704107 825484 870367
480181 501135 -137923 -203684
-131120 879950 -706400 -335303
-137923 -203684 -784407 147711
-784407 147711 827906 -856731
858728 8888 827906 -856731
-192435 669042 65156 -73139
65156 -73139 827906 -856731
81007 831586 -131120 879950
-778415 -732242 -137923 -203684
839250 -981189 778914 685835
-920515 807931 778914 685835
-706400 -335303 -192435 669042
-756398 242932 -778415 -732242
-220444 -419439 778914 685835
858728 8888 -778415 -732242
827906 -856731 745311 -60077
-192435 669042 827906 -856731
250642 -704107 827906 -856731
-60873 676838 81007 831586
-784407 147711 -60873 676838
827906 -856731 -220444 -419439
-756398 242932 858728 8888
-137923 -203684 858728 8888
-784407 147711 778914 685835
-920515 807931 -60873 676838
250642 -704107 839250 -981189
745311 -60077 825484 870367
-756398 242932 -706400 -335303
-706400 -335303 839250 -981189
-192435 669042 778914 685835
825484 870367 480181 501135
-401059 -496535 827906 -856731
-756398 242932 827906 -856731
100
-228490 -895267 -445764 -520161
-445764 -520161 214374 -450230
-228490 -895267 377749 -542491
214374 -450230 -552908 581123
377749 -542491 -478381 882746
214374 -450230 408055 -337308
-478381 882746 775379 -759301
408055 -337308 -524515 93104
214374 -450230 397869 -765811
-524515 93104 214374 -450230
775379 -759301 784220 -939438
-478381 882746 -445764 -520161
-228490 -895267 -119268 -28500
784220 -939438 86806 980918
-478381 882746 520875 -322704
-228490 -895267 520875 -322704
86806 980918 389064 386398
397869 -765811 775379 -759301
408055 -337308 857945 992483
214374 -450230 701330 162305
784220 -939438 -282546 205168
520875 -322704 -87792 -553930
-552908 581123 -478381 882746
-282546 205168 -445764 -520161
-119268 -28500 680009 844296
701330 162305 408055 -337308
520875 -322704 327945 276020
680009 844296 775379 -759301
397869 -765811 651307 146167
775379 -759301 -524515 93104
775379 -759301 -905224 -916301
214374 -450230 -929796 923991
-87792 -553930 -524515 93104
-929796 923991 -540762 -565379
377749 -542491 86806 980918
-478381 882746 -524515 93104
377749 -542491 624699 511032
377749 -542491 -445764 -520161
-905224 -916301 -552908 581123
-905224 -916301 -228490 -895267
520875 -322704 377749 -542491
-445764 -520161 701330 162305
-87792 -553930 -445764 -520161
408055 -337308 680009 844296
701330 162305 86806 980918
-478381 882746 857945 992483
701330 162305 857945 992483
-524515 93104 -929796 923991
214374 -450230 624699 511032
-445764 -520161 289163 -849753
289163 -849753 -540762 -565379
-282546 205168 -119268 -28500
624699 511032 452272 -988120
-552908 581123 857945 992483
520875 -322704 -524515 93104
520875 -322704 651307 146167
-524515 93104 86806 980918
651307 146167 857945 992483
-905224 -916301 -445764 -520161
-445764 -520161 624699 511032
651307 146167 214374 -450230
-282546 205168 -929796 923991
289163 -849753 214374 -450230
520875 -322704 -905224 -916301
408055 -337308 289163 -849753
-552908 581123 289163 -849753
-478381 882746 -929796 923991
397869 -765811 701330 162305
701330 162305 -101355 -989317
-478381 882746 651307 146167
-282546 205168 -667043 -583123
624699 511032 86806 980918
624699 511032 857945 992483
389064 386398 -905224 -916301
-667043 -583123 289163 -849753
-552908 581123 408055 -337308
-445764 -520161 389064 386398
624699 511032 651307 146167
327945 276020 214374 -450230
397869 -765811 289163 -849753
408055 -337308 -282546 205168
-478381 882746 86806 980918
-119268 -28500 -524515 93104
377749 -542491 248642 604596
775379 -759301 214374 -450230
775379 -759301 327945 276020
624699 511032 701330 162305
452272 -988120 -552908 581123
624699 511032 408055 -337308
377749 -542491 452272 -988120
86806 980918 397869 -765811
-228490 -895267 86806 980918
389064 386398 397869 -765811
-905224 -916301 -119268 -28500
389064 386398 -119268 -28500
651307 146167 -524515 93104
-667043 -583123 -524515 93104
86806 980918 214374 -450230
-282546 205168 289163 -849753
784220 -939438 624699 511032
100
-289020 -220739 -744693 800045
-744693 800045 244246 39220
244246 39220 -198408 889448
-198408 889448 762091 406682
-198408 889448 598165 465724
-198408 889448 -399613 583586
-198408 889448 -472756 -373176
762091 406682 552271 516221
598165 465724 244246 39220
-289020 -220739 809969 -627745
762091 406682 -289020 -220739
-289020 -220739 -316900 915185
598165 465724 233014 51471
-744693 800045 477812 797602
-316900 915185 616690 363709
-399613 583586 233014 51471
-316900 915185 244246 39220
762091 406682 496214 826471
598165 465724 -522194 -841841
762091 406682 -399613 583586
-198408 889448 526379 -438736
244246 39220 367777 -657522
809969 -627745 496214 826471
-522194 -841841 762091 406682
809969 -627745 233014 51471
616690 363709 -744693 800045
477812 797602 244246 39220
-399613 583586 98428 -780041
616690 363709 -404009 -789723
367777 -657522 809969 -627745
367777 -657522 496214 826471
-472756 -373176 -404009 -789723
496214 826471 616690 363709
-744693 800045 60553 -911113
-472756 -373176 -245900 -618449
60553 -911113 233014 51471
244246 39220 -782121 -891915
-404009 -789723 -876083 -345652
-876083 -345652 -782121 -891915
-522194 -841841 609161 875845
-289020 -220739 -198408 889448
-876083 -345652 -522194 -841841
-876083 -345652 367777 -657522
-472756 -373176 98428 -780041
98428 -780041 -198408 889448
-782121 -891915 937416 -129720
-289020 -220739 244246 39220
477812 797602 -289020 -220739
-472756 -373176 496214 826471
-472756 -373176 244246 39220
244246 39220 369408 964445
-522194 -841841 88194 -718089
477812 797602 -222312 744369
-744693 800045 -198408 889448
-782121 -891915 616690 363709
367777 -657522 -744693 800045
552271 516221 98428 -780041
98428 -780041 616690 363709
369408 964445 616690 363709
367777 -657522 650109 732742
-289020 -220739 369408 964445
650109 732742 -289020 -220739
369408 964445 -806643 277316
369408 964445 88194 -718089
-744693 800045 369408 964445
-782121 -891915 809969 -627745
-876083 -345652 -399613 583586
98428 -780041 -522194 -841841
-222312 744369 -782121 -891915
598165 465724 -245900 -618449
809969 -627745 762091 406682
-399613 583586 -289020 -220739
496214 826471 -245900 -618449
616690 363709 762091 406682
60553 -911113 609161 875845
809969 -627745 60553 -911113
552271 516221 937416 -129720
650109 732742 244246 39220
-222312 744369 616690 363709
-404009 -789723 -198408 889448
598165 465724 -782121 -891915
526379 -438736 496214 826471
496214 826471 552271 516221
-522194 -841841 -316900 915185
526379 -438736 233014 51471
60553 -911113 496214 826471
367777 -657522 762091 406682
-404009 -789723 -399613 583586
477812 797602 809969 -627745
609161 875845 496214 826471
-289020 -220739 -806643 277316
-289020 -220739 -876083 -345652
650109 732742 -245900 -618449
650109 732742 552271 516221
-744693 800045 -222312 744369
809969 -627745 -245900 -618449
609161 875845 477812 797602
496214 826471 88194 -718089
650109 732742 -782121 -891915
552271 516221 233014 51471
100
821725 -361310 -219858 771270
821725 -361310 965202 646093
821725 -361310 584060 -576456
965202 646093 -53082 502298
965202 646093 597025 -93943
-53082 502298 -80266 749267
-219858 771270 -70217 324203
-219858 771270 -298888 311797
-70217 324203 434948 -247070
-70217 324203 597025 -93943
821725 -361310 -80266 749267
-298888 311797 -59778 171655
597025 -93943 -627332 728999
-59778 171655 889059 -105978
821725 -361310 -70217 324203
-219858 771270 584060 -576456
889059 -105978 -619139 -287054
584060 -576456 597025 -93943
965202 646093 -720454 817264
-70217 324203 -619139 -287054
-53082 502298 911465 626805
889059 -105978 -80266 749267
434948 -247070 -31584 590205
-619139 -287054 434948 -247070
-298888 311797 -875927 -55993
-70217 324203 482553 654165
482553 654165 -103666 621687
-70217 324203 965202 646093
911465 626805 -210728 841987
889059 -105978 -210728 841987
-53082 502298 584060 -576456
-70217 324203 -431768 -817893
-627332 728999 -298888 311797
-70217 324203 -103666 621687
889059 -105978 562932 -285343
-210728 841987 792477 -62834
-720454 817264 821725 -361310
-431768 -817893 228220 -100101
-619139 -287054 95870 -387378
-627332 728999 911465 626805
-875927 -55993 821725 -361310
821725 -361310 228220 -100101
434948 -247070 744529 104060
95870 -387378 482553 654165
-70217 324203 -417008 33877
-627332 728999 -875927 -55993
-53082 502298 821725 -361310
95870 -387378 -298888 311797
911465 626805 584060 -576456
-31584 590205 -417008 33877
482553 654165 -720454 817264
434948 -247070 -210728 841987
434948 -247070 -219858 771270
-53082 502298 597025 -93943
792477 -62834 -720454 817264
-210728 841987 -875927 -55993
744529 104060 -627332 728999
95870 -387378 584060 -576456
792477 -62834 447523 -358781
-219858 771270 -103666 621687
482553 654165 744529 104060
482553 654165 -219858 771270
447523 -358781 101981 756675
-80266 749267 792477 -62834
95870 -387378 562932 -285343
-210728 841987 -70217 324203
101981 756675 988585 -779163
-70217 324203 95870 -387378
-417008 33877 911465 626805
744529 104060 447523 -358781
-720454 817264 101981 756675
562932 -285343 -103666 621687
101981 756675 -417008 33877
-720454 817264 -210728 841987
-619139 -287054 -210728 841987
584060 -576456 -298888 311797
911465 626805 -875927 -55993
-53082 502298 -417008 33877
-619139 -287054 -219858 771270
-619139 -287054 -53082 502298
95870 -387378 228220 -100101
965202 646093 -619139 -287054
-103666 621687 821725 -361310
95870 -387378 -720454 817264
562932 -285343 988585 -779163
-619139 -287054 447523 -358781
447523 -358781 -103666 621687
-31584 590205 744529 104060
95870 -387378 -417008 33877
911465 626805 95870 -387378
-431768 -817893 584060 -576456
-219858 771270 -53082 502298
-103666 621687 -31584 590205
744529 104060 101981 756675
95870 -387378 -103666 621687
228220 -100101 -31584 590205
-627332 728999 965202 646093
792477 -62834 597025 -93943
-53082 502298 228220 -100101
-103666 621687 -720454 817264
100
761529 617102 683597 998712
683597 998712 760460 -429646
760460 -429646 -991922 -837667
-991922 -837667 -621412 183982
760460 -429646 -131640 776953
-621412 183982 -164321 -114292
683597 998712 -131640 776953
-164321 -114292 -261974 927984
-991922 -837667 -439648 256834
-621412 183982 760460 -429646
760460 -429646 568240 -429975
761529 617102 -991922 -837667
760460 -429646 -445721 -210662
-439648 256834 -261814 169503
760460 -429646 -801015 -774919
761529 617102 -834031 55665
-801015 -774919 -445721 -210662
-834031 55665 28329 -652756
568240 -429975 -445721 -210662
-131640 776953 936265 854332
28329 -652756 -640143 922774
-640143 922774 -991922 -837667
-445721 -210662 35484 632459
35484 632459 -131640 776953
683597 998712 -261814 169503
760460 -429646 -116334 -834204
568240 -429975 -116334 -834204
-439648 256834 28329 -652756
-131640 776953 -261974 927984
-164321 -114292 -445721 -210662
761529 617102 -261974 927984
-801015 -774919 683597 998712
683597 998712 28329 -652756
568240 -429975 -640143 922774
-445721 -210662 -842379 -615735
760460 -429646 985022 65244
936265 854332 28329 -652756
35484 632459 -640143 922774
-116334 -834204 592596 691303
-640143 922774 354939 859745
761529 617102 -640143 922774
28329 -652756 841865 566340
35484 632459 -801015 -774919
841865 566340 568240 -429975
936265 854332 841865 566340
-131640 776953 761529 617102
761529 617102 -445721 -210662
-445721 -210662 -261814 169503
761529 617102 35484 632459
936265 854332 -842379 -615735
-131640 776953 354939 859745
-261974 927984 250948 -683478
683597 998712 667527 332009
-261814 169503 -261974 927984
28329 -652756 -445721 -210662
28329 -652756 985022 65244
683597 998712 35484 632459
-991922 -837667 -164321 -114292
985022 65244 936265 854332
-164321 -114292 354939 859745
-640143 922774 250948 -683478
760460 -429646 28329 -652756
667527 332009 -131640 776953
760460 -429646 250948 -683478
-131640 776953 592596 691303
-834031 55665 354939 859745
-261974 927984 -842379 -615735
250948 -683478 -164321 -114292
-116334 -834204 250948 -683478
-640143 922774 -164321 -114292
354939 859745 -621412 183982
-801015 -774919 -261974 927984
-116334 -834204 761529 617102
-801015 -774919 841865 566340
841865 566340 667527 332009
-834031 55665 -640143 922774
761529 617102 -842379 -615735
-801015 -774919 -116334 -834204
667527 332009 -640143 922774
35484 632459 -261814 169503
28329 -652756 250948 -683478
35484 632459 -116334 -834204
-621412 183982 985022 65244
761529 617102 841865 566340
-439648 256834 760460 -429646
-842379 -615735 760460 -429646
985022 65244 761529 617102
-261814 169503 -116334 -834204
-131640 776953 -834031 55665
-801015 -774919 -640143 922774
-261974 927984 -834031 55665
-445721 -210662 250948 -683478
-842379 -615735 -640143 922774
-621412 183982 -842379 -615735
985022 65244 -164321 -114292
-261974 927984 985022 65244
760460 -429646 841865 566340
592596 691303 250948 -683478
-801015 -774919 -261814 169503
-991922 -837667 354939 859745
100
-907601 -572628 -615704 -379908
-615704 -379908 932647 847568
-907601 -572628 12239 716006
-615704 -379908 12239 716006
932647 847568 517070 711427
517070 711427 -615704 -379908
12239 716006 -107664 498442
-907601 -572628 895209 201914
932647 847568 -410869 -955113
-107664 498442 -800597 -350435
932647 847568 -151395 -149198
932647 847568 -684709 -26451
895209 201914 -518238 811028
-800597 -350435 115753 905782
115753 905782 358178 -167762
-410869 -955113 -717037 -234809
-684709 -26451 577283 309388
-717037 -234809 895209 201914
517070 711427 857585 -226904
-518238 811028 850560 -402339
850560 -402339 358178 -167762
115753 905782 -518238 811028
-684709 -26451 -800597 -350435
358178 -167762 896348 118365
-684709 -26451 895209 201914
-410869 -955113 -107664 498442
12239 716006 -151395 -149198
895209 201914 358178 -167762
895209 201914 -292086 485036
-518238 811028 15536 -928457
895209 201914 -800597 -350435
-684709 -26451 -518238 811028
517070 711427 -132104 231525
-132104 231525 -717037 -234809
-151395 -149198 669676 -438585
115753 905782 669676 -438585
-292086 485036 -717037 -234809
-684709 -26451 -151395 -149198
517070 711427 895209 201914
577283 309388 896348 118365
12239 716006 669676 -438585
-151395 -149198 -232294 772105
669676 -438585 671810 172166
-132104 231525 -232294 772105
-615704 -379908 669676 -438585
115753 905782 850560 -402339
857585 -226904 -785068 -996405
15536 -928457 577283 309388
671810 172166 358178 -167762
896348 118365 -907601 -572628
577283 309388 -518238 811028
-132104 231525 15536 -928457
671810 172166 850560 -402339
-518238 811028 -615704 -379908
-107664 498442 -232294 772105
-292086 485036 517070 711427
932647 847568 -232294 772105
-684709 -26451 -292086 485036
-107664 498442 896348 118365
-684709 -26451 538234 -496718
-615704 -379908 -132104 231525
15536 -928457 538234 -496718
-907601 -572628 669676 -438585
671810 172166 -518238 811028
-800597 -350435 -717037 -234809
538234 -496718 895209 201914
358178 -167762 -107664 498442
-684709 -26451 -785068 -996405
896348 118365 517070 711427
358178 -167762 15536 -928457
115753 905782 12239 716006
517070 711427 669676 -438585
932647 847568 -107664 498442
358178 -167762 857585 -226904
-107664 498442 -386089 624010
-907601 -572628 577283 309388
517070 711427 358178 -167762
577283 309388 358178 -167762
669676 -438585 -132104 231525
-386089 624010 -800597 -350435
115753 905782 -684709 -26451
671810 172166 -410869 -955113
-615704 -379908 671810 172166
-800597 -350435 577283 309388
895209 201914 -107664 498442
-907601 -572628 115753 905782
-107664 498442 850560 -402339
577283 309388 517070 711427
15536 -928457 -615704 -379908
-292086 485036 -386089 624010
517070 711427 538234 -496718
-518238 811028 -151395 -149198
-785068 -996405 517070 711427
12239 716006 -785068 -996405
896348 118365 895209 201914
517070 711427 671810 172166
-107664 498442 -518238 811028
-800597 -350435 517070 711427
-410869 -955113 850560 -402339
-107664 498442 -131741 -850592
100
-363062 -878398 -541871 -624659
-541871 -624659 -396397 -185102
-541871 -624659 732375 -37499
-363062 -878398 297987 942908
297987 942908 -541871 -624659
732375 -37499 849795 173699
-541871 -624659 233678 -129340
297987 942908 382795 -596676
-541871 -624659 697881 584314
-363062 -878398 289989 -901675
382795 -596676 145699 -78257
297987 942908 -824910 895934
-541871 -624659 -824910 895934
145699 -78257 -541871 -624659
233678 -129340 -245802 279644
-363062 -878398 382795 -596676
849795 173699 652511 -736418
-541871 -624659 951701 844301
697881 584314 382795 -596676
382795 -596676 652511 -736418
951701 844301 372298 291345
289989 -901675 -356907 320757
145699 -78257 -752251 -92279
697881 584314 233678 -129340
-245802 279644 -396397 -185102
372298 291345 -390476 -809940
-396397 -185102 849795 173699
-752251 -92279 69668 -229814
-752251 -92279 382795 -596676
951701 844301 72328 22638
-356907 320757 -752251 -92279
297987 942908 72328 22638
652511 -736418 -783411 -89849
-356907 320757 -390476 -809940
382795 -596676 849795 173699
-824910 895934 -147261 -86994
-396397 -185102 -824910 895934
-245802 279644 -390476 -809940
289989 -901675 382795 -596676
849795 173699 910497 -368350
-752251 -92279 -541871 -624659
382795 -596676 233678 -129340
69668 -229814 -356907 320757
297987 942908 372298 291345
145699 -78257 -303720 115281
-783411 -89849 72328 22638
-783411 -89849 -356907 320757
-356907 320757 297987 942908
-245802 279644 652511 -736418
697881 584314 72328 22638
732375 -37499 396348 -105094
72328 22638 -303720 115281
910497 -368350 -396397 -185102
396348 -105094 297987 942908
-783411 -89849 -147261 -86994
-390476 -809940 396348 -105094
910497 -368350 -363062 -878398
-783411 -89849 732375 -37499
69668 -229814 697881 584314
652511 -736418 -541871 -624659
145699 -78257 396348 -105094
233678 -129340 -824910 895934
-356907 320757 -303720 115281
382795 -596676 301774 -859455
910497 -368350 697881 584314
396348 -105094 289989 -901675
-245802 279644 -363062 -878398
732375 -37499 -879252 -589081
69668 -229814 396348 -105094
-824910 895934 -303720 115281
-541871 -624659 -558640 -125437
372298 291345 -752251 -92279
-356907 320757 -541871 -624659
301774 -859455 -245802 279644
849795 173699 -783411 -89849
849795 173699 -824910 895934
-783411 -89849 -363062 -878398
372298 291345 -303720 115281
-783411 -89849 -396397 -185102
396348 -105094 -356907 320757
-245802 279644 849795 173699
233678 -129340 -783411 -89849
289989 -901675 -824910 895934
-363062 -878398 -752251 -92279
849795 173699 -363062 -878398
301774 -859455 289989 -901675
-147261 -86994 301774 -859455
72328 22638 -363062 -878398
372298 291345 732375 -37499
233678 -129340 849795 173699
652511 -736418 732375 -37499
72328 22638 67586 272219
372298 291345 69668 -229814
-390476 -809940 69668 -229814
396348 -105094 -396397 -185102
372298 291345 301774 -859455
-752251 -92279 697881 584314
-752251 -92279 -390476 -809940
289989 -901675 145699 -78257
301774 -859455 697881 584314
100
127409 -428537 310807 -526267
310807 -526267 -642920 847285
-642920 847285 798974 -897602
-642920 847285 -468389 -728999
310807 -526267 -162433 950798
310807 -526267 832509 485082
-468389 -728999 -656206 -727623
-642920 847285 -158287 853582
310807 -526267 23809 877297
-468389 -728999 613605 -424386
613605 -424386 23809 877297
-642920 847285 -753505 485598
613605 -424386 395564 692996
832509 485082 -158287 853582
832509 485082 -36106 205811
395564 692996 411093 397132
-656206 -727623 23809 877297
127409 -428537 -36106 205811
310807 -526267 -353148 -621765
613605 -424386 -487060 645516
832509 485082 -353148 -621765
395564 692996 758077 799367
613605 -424386 -642920 847285
23809 877297 63680 791650
411093 397132 63680 791650
127409 -428537 198770 570975
23809 877297 758077 799367
832509 485082 -468389 -728999
832509 485082 613605 -424386
23809 877297 -642920 847285
198770 570975 310807 -526267
-353148 -621765 -487060 645516
-162433 950798 613605 -424386
613605 -424386 341442 353597
395564 692996 198770 570975
-468389 -728999 758077 799367
758077 799367 821544 291541
411093 397132 613605 -424386
832509 485082 -162433 950798
821544 291541 -642920 847285
-487060 645516 23809 877297
-753505 485598 127409 -428537
798974 -897602 341442 353597
-753505 485598 798974 -897602
395564 692996 847706 -174042
63680 791650 847706 -174042
127409 -428537 531662 411418
-36106 205811 -487060 645516
341442 353597 411093 397132
23809 877297 832509 485082
127409 -428537 613605 -424386
-158287 853582 -656206 -727623
395564 692996 615779 -438760
613605 -424386 531662 411418
127409 -428537 -158287 853582
-487060 645516 -162433 950798
798974 -897602 -158287 853582
847706 -174042 -753505 485598
-487060 645516 798974 -897602
127409 -428537 -162433 950798
847706 -174042 -642920 847285
832509 485082 798974 -897602
23809 877297 -36106 205811
531662 411418 -487060 645516
-468389 -728999 395564 692996
-353148 -621765 -162433 950798
-158287 853582 758077 799367
-487060 645516 832509 485082
198770 570975 821544 291541
798974 -897602 -596667 304290
411093 397132 798974 -897602
63680 791650 992405 -946485
395564 692996 -642920 847285
-353148 -621765 23809 877297
-656206 -727623 63680 791650
758077 799367 341442 353597
-656206 -727623 20376 -367093
-753505 485598 310807 -526267
-353148 -621765 411093 397132
-596667 304290 -36106 205811
-36106 205811 821544 291541
310807 -526267 613605 -424386
-642920 847285 615779 -438760
-642920 847285 758077 799367
198770 570975 798974 -897602
-36106 205811 310807 -526267
198770 570975 992405 -946485
-162433 950798 -642920 847285
-468389 -728999 -753505 485598
-487060 645516 310807 -526267
531662 411418 341442 353597
613605 -424386 758077 799367
20376 -367093 411093 397132
613605 -424386 -656206 -727623
531662 411418 798974 -897602
821544 291541 832509 485082
-596667 304290 615779 -438760
310807 -526267 341442 353597
531662 411418 -596667 304290
992405 -946485 -162433 950798
100
886421 276756 -67996 470342
-67996 470342 73579 -201559
-67996 470342 -20428 -7572
886421 276756 352336 -837908
-20428 -7572 659574 72488
352336 -837908 24306 184871
-20428 -7572 237944 -952994
886421 276756 -11957 972113
659574 72488 73579 -201559
24306 184871 889800 -763014
889800 -763014 186328 -342911
24306 184871 -751089 858394
-11957 972113 -659421 153668
-751089 858394 237944 -952994
-11957 972113 237944 -952994
-67996 470342 886844 790409
24306 184871 -67996 470342
-20428 -7572 24306 184871
886844 790409 352336 -837908
886421 276756 73579 -201559
237944 -952994 352336 -837908
-751089 858394 509144 348981
73579 -201559 394556 -417540
-11957 972113 886844 790409
24306 184871 659574 72488
-659421 153668 509144 348981
509144 348981 557664 138455
886421 276756 394556 -417540
659574 72488 237944 -952994
-67996 470342 -375929 -567910
659574 72488 889800 -763014
-375929 -567910 237944 -952994
886421 276756 978319 -912358
-659421 153668 237944 -952994
557664 138455 -508409 -48334
978319 -912358 557664 138455
237944 -952994 387272 -6715
394556 -417540 237944 -952994
889800 -763014 -124000 -226671
557664 138455 -125304 -168723
886844 790409 -751089 858394
886844 790409 73579 -201559
509144 348981 886844 790409
-659421 153668 394556 -417540
186328 -342911 -375929 -567910
237944 -952994 -67996 470342
889800 -763014 886844 790409
-124000 -226671 352336 -837908
394556 -417540 557664 138455
394556 -417540 -67996 470342
-11957 972113 325449 685500
73579 -201559 190090 93757
325449 685500 -20428 -7572
-11957 972113 -178324 91477
509144 348981 -124000 -226671
-508409 -48334 886844 790409
886844 790409 -554712 -583625
-125304 -168723 889800 -763014
325449 685500 -554712 -583625
-178324 91477 -375929 -567910
387272 -6715 24306 184871
186328 -342911 -554712 -583625
325449 685500 24306 184871
-178324 91477 -554712 -583625
509144 348981 -20428 -7572
-11957 972113 394556 -417540
-11957 972113 -375929 -567910
-508409 -48334 -20428 -7572
24306 184871 237944 -952994
-20428 -7572 190090 93757
-375929 -567910 889800 -763014
889800 -763014 -20428 -7572
509144 348981 886421 276756
557664 138455 387272 -6715
24306 184871 -659421 153668
394556 -417540 325449 685500
-659421 153668 186328 -342911
978319 -912358 509144 348981
509144 348981 352336 -837908
886421 276756 -751089 858394
-20428 -7572 -751089 858394
352336 -837908 325449 685500
-659421 153668 557664 138455
-508409 -48334 -124000 -226671
557664 138455 -554712 -583625
387272 -6715 73579 -201559
387272 -6715 394556 -417540
-554712 -583625 -125304 -168723
387272 -6715 -124000 -226671
-659421 153668 978319 -912358
509144 348981 -508409 -48334
325449 685500 -178324 91477
-508409 -48334 978319 -912358
-554712 -583625 889800 -763014
325449 685500 886421 276756
-67996 470342 387272 -6715
-508409 -48334 889800 -763014
886844 790409 -178324 91477
352336 -837908 -659421 153668
-20428 -7572 352336 -837908
100
244275 -332069 -1497 750340
244275 -332069 925197 460074
244275 -332069 242451 675615
925197 460074 -654189 -830240
-654189 -830240 -476197 399766
925197 460074 -1497 750340
-476197 399766 -7900 -839152
-654189 -830240 -1497 750340
242451 675615 -648954 344921
-648954 344921 -7900 -839152
-648954 344921 -193686 -441792
242451 675615 -476197 399766
-193686 -441792 -770666 -796633
925197 460074 994143 -870715
-1497 750340 995039 443171
-7900 -839152 -929123 -772893
-1497 750340 -345118 -518515
244275 -332069 -980906 -436797
-980906 -436797 -770666 -796633
244275 -332069 -7900 -839152
-770666 -796633 -141600 -13719
-770666 -796633 244275 -332069
995039 443171 242451 675615
995039 443171 -476197 399766
-7900 -839152 -770666 -796633
242451 675615 925197 460074
-929123 -772893 994143 -870715
-929123 -772893 718143 974423
-1497 750340 518129 376189
995039 443171 994143 -870715
925197 460074 -32247 -324585
-345118 -518515 -141600 -13719
925197 460074 -141600 -13719
-770666 -796633 242451 675615
-32247 -324585 994143 -870715
-193686 -441792 -929123 -772893
-770666 -796633 925197 460074
-7900 -839152 -141600 -13719
-648954 344921 244275 -332069
242451 675615 -345118 -518515
244275 -332069 -32247 -324585
994143 -870715 -141600 -13719
-476197 399766 846735 272470
-770666 -796633 518129 376189
-141600 -13719 -929123 -772893
995039 443171 -337471 754126
-648954 344921 965323 -747378
846735 272470 995039 443171
-929123 -772893 846735 272470
995039 443171 681504 130502
718143 974423 994143 -870715
-7900 -839152 681504 130502
-980906 -436797 242451 675615
995039 443171 -654189 -830240
846735 272470 994143 -870715
681504 130502 -476197 399766
-654189 -830240 -770666 -796633
-929123 -772893 -209335 532069
-141600 -13719 -648954 344921
681504 130502 244275 -332069
-193686 -441792 846735 272470
-193686 -441792 994143 -870715
846735 272470 -1497 750340
-476197 399766 -141600 -13719
-193686 -441792 -32247 -324585
-980906 -436797 -193686 -441792
994143 -870715 -7900 -839152
-654189 -830240 -141600 -13719
-770666 -796633 -32247 -324585
-648954 344921 -337471 754126
-32247 -324585 518129 376189
242451 675615 681504 130502
-476197 399766 994143 -870715
925197 460074 -476197 399766
-1497 750340 543914 -278450
-141600 -13719 -209335 532069
-193686 -441792 925197 460074
543914 -278450 -648954 344921
-7900 -839152 925197 460074
-345118 -518515 846735 272470
518129 376189 -345118 -518515
681504 130502 -654189 -830240
965323 -747378 244275 -332069
-476197 399766 -337471 754126
242451 675615 718143 974423
-209335 532069 -1497 750340
-980906 -436797 994143 -870715
-7900 -839152 965323 -747378
543914 -278450 -7900 -839152
681504 130502 543914 -278450
-337471 754126 518129 376189
965323 -747378 -476197 399766
-32247 -324585 935171 -853702
994143 -870715 244275 -332069
244275 -332069 146376 303503
994143 -870715 518129 376189
146376 303503 -193686 -441792
-1497 750340 935171 -853702
-337471 754126 718143 974423
-193686 -441792 -209335 532069
100
-876148 3340 482155 -229380
-876148 3340 928712 917118
-876148 3340 -50129 -83267
-50129 -83267 -990055 -427046
928712 917118 741254 -583929
741254 -583929 -876148 3340
-50129 -83267 -663344 -491993
-50129 -83267 353036 -326311
-990055 -427046 353036 -326311
-876148 3340 76187 168778
741254 -583929 713917 218916
928712 917118 -397365 377567
353036 -326311 -397365 377567
741254 -583929 559182 -964060
-663344 -491993 285891 195363
482155 -229380 -50129 -83267
-876148 3340 309457 -933322
-397365 377567 285891 195363
-990055 -427046 -776915 -418
-397365 377567 24543 729512
285891 195363 928712 917118
-397365 377567 405107 575546
-990055 -427046 482155 -229380
353036 -326311 309457 -933322
559182 -964060 353036 -326311
928712 917118 559182 -964060
285891 195363 27355 -848199
-776915 -418 928712 917118
-663344 -491993 559182 -964060
482155 -229380 405107 575546
405107 575546 741254 -583929
-776915 -418 559182 -964060
309457 -933322 619312 654428
928712 917118 309457 -933322
482155 -229380 619312 654428
-876148 3340 27355 -848199
619312 654428 -663344 -491993
482155 -229380 928712 917118
-776915 -418 -397365 377567
285891 195363 595643 486899
741254 -583929 595643 486899
559182 -964060 595643 486899
619312 654428 76187 168778
76187 168778 -50129 -83267
-990055 -427046 285891 195363
595643 486899 -876148 3340
-990055 -427046 -876148 3340
-663344 -491993 76187 168778
713917 218916 -397365 377567
76187 168778 649769 -26518
353036 -326311 928712 917118
-663344 -491993 309457 -933322
-990055 -427046 559182 -964060
-50129 -83267 -647803 -478069
-50129 -83267 928712 917118
-397365 377567 -99075 881602
741254 -583929 -776915 -418
713917 218916 24543 729512
-663344 -491993 928712 917118
713917 218916 -663344 -491993
928712 917118 -213931 715522
741254 -583929 24543 729512
-50129 -83267 179586 -994880
-647803 -478069 24543 729512
-990055 -427046 -99075 881602
619312 654428 559182 -964060
-990055 -427046 -984002 -252590
-213931 715522 179586 -994880
-776915 -418 649769 -26518
-213931 715522 595643 486899
595643 486899 619312 654428
309457 -933322 405107 575546
-50129 -83267 741254 -583929
76187 168778 -776915 -418
559182 -964060 -984002 -252590
619312 654428 741254 -583929
76187 168778 24543 729512
559182 -964060 -876148 3340
405107 575546 -647803 -478069
559182 -964060 405107 575546
309457 -933322 595643 486899
24543 729512 -984002 -252590
482155 -229380 741254 -583929
76187 168778 741254 -583929
928712 917118 -647803 -478069
-99075 881602 76187 168778
482155 -229380 -663344 -491993
-876148 3340 619312 654428
-99075 881602 -663344 -491993
619312 654428 -397365 377567
-776915 -418 713917 218916
76187 168778 309457 -933322
285891 195363 -99075 881602
-99075 881602 -776915 -418
595643 486899 405107 575546
-984002 -252590 -50129 -83267
595643 486899 482155 -229380
-99075 881602 619312 654428
649769 -26518 619312 654428
-397365 377567 595643 486899
100
895313 492907 -160198 -882267
-160198 -882267 709611 963434
-160198 -882267 -513238 -425383
-513238 -425383 555913 -350952
895313 492907 931700 394024
-160198 -882267 874445 -590384
709611 963434 895313 492907
931700 394024 906023 -758835
906023 -758835 624253 -977063
-160198 -882267 -894361 414002
906023 -758835 693826 600662
624253 -977063 372676 967874
-513238 -425383 534187 13987
709611 963434 -894361 414002
624253 -977063 -513238 -425383
931700 394024 372676 967874
-513238 -425383 52874 -869905
-160198 -882267 534187 13987
693826 600662 158522 851078
931700 394024 693826 600662
158522 851078 -632429 463838
693826 600662 -155941 513060
52874 -869905 693826 600662
534187 13987 931700 394024
-632429 463838 -894361 414002
-894361 414002 372676 967874
-894361 414002 -513238 -425383
-894361 414002 555913 -350952
906023 -758835 -632429 463838
874445 -590384 155211 435634
-632429 463838 709611 963434
52874 -869905 73262 724727
624253 -977063 -70574 643775
895313 492907 -291650 625076
874445 -590384 372676 967874
-632429 463838 931700 394024
895313 492907 -894361 414002
155211 435634 931700 394024
158522 851078 -160198 -882267
931700 394024 604985 -659682
-70574 643775 -632429 463838
874445 -590384 -632429 463838
-70574 643775 693826 600662
604985 -659682 -64058 468877
-64058 468877 155211 435634
874445 -590384 -70574 643775
158522 851078 52874 -869905
73262 724727 176271 476059
-513238 -425383 50751 -24780
-894361 414002 604985 -659682
931700 394024 -155941 513060
604985 -659682 693826 600662
-894361 414002 52874 -869905
-160198 -882267 50751 -24780
158522 851078 155211 435634
-70574 643775 -513238 -425383
-64058 468877 158522 851078
-70574 643775 158522 851078
931700 394024 -906122 473073
895313 492907 534187 13987
158522 851078 931700 394024
534187 13987 -291650 625076
-70574 643775 -160198 -882267
624253 -977063 -160198 -882267
-513238 -425383 158522 851078
-906122 473073 155211 435634
624253 -977063 693826 600662
-632429 463838 -64058 468877
624253 -977063 931700 394024
176271 476059 693826 600662
-70574 643775 -291650 625076
50751 -24780 906023 -758835
555913 -350952 372676 967874
-513238 -425383 73262 724727
931700 394024 -280575 -320785
-280575 -320785 158522 851078
-513238 -425383 -64058 468877
906023 -758835 -280575 -320785
73262 724727 709611 963434
-155941 513060 -70574 643775
73262 724727 -280575 -320785
874445 -590384 895313 492907
50751 -24780 158522 851078
604985 -659682 -155941 513060
895313 492907 155211 435634
372676 967874 534187 13987
-160198 -882267 927369 -361585
-70574 643775 604985 -659682
-70574 643775 809998 -748192
372676 967874 50751 -24780
155211 435634 372676 967874
-155941 513060 -632429 463838
-894361 414002 624253 -977063
-64058 468877 874445 -590384
372676 967874 -906122 473073
73262 724727 874445 -590384
604985 -659682 52874 -869905
-291650 625076 158522 851078
874445 -590384 624253 -977063
931700 394024 176271 476059
