20
100
648491 23429 -404677 741317
648491 23429 -837793 -861693
648491 23429 53392 -952655
648491 23429 271784 -818158
-837793 -861693 -404677 741317
-404677 741317 -913630 -318710
648491 23429 451991 -16530
53392 -952655 753426 -86723
271784 -818158 53392 -952655
53392 -952655 138577 -447089
53392 -952655 -510365 -17950
-837793 -861693 957784 -312040
753426 -86723 -510365 -17950
-913630 -318710 -179355 -336120
957784 -312040 -510365 -17950
-837793 -861693 961572 -411781
271784 -818158 138577 -447089
753426 -86723 -913630 -318710
-913630 -318710 -491047 -56625
648491 23429 -662166 -347193
-404677 741317 53392 -952655
-404677 741317 753426 -86723
53392 -952655 343113 534821
53392 -952655 322522 -154327
648491 23429 -641072 444095
-179355 -336120 -270763 604074
-510365 -17950 117534 522801
961572 -411781 -553813 477238
957784 -312040 -681453 -931895
753426 -86723 -179355 -336120
343113 534821 395357 -784976
343113 534821 -837793 -861693
961572 -411781 322522 -154327
451991 -16530 -510365 -17950
53392 -952655 -837793 -861693
271784 -818158 -681453 -931895
-270763 604074 117534 522801
753426 -86723 343113 534821
343113 534821 -662166 -347193
-491047 -56625 343113 534821
-404677 741317 -850191 339142
-913630 -318710 -553813 477238
395357 -784976 963141 757539
-681453 -931895 395357 -784976
957784 -312040 -662166 -347193
963141 757539 648491 23429
753426 -86723 -641072 444095
395357 -784976 961572 -411781
117534 522801 271784 -818158
322522 -154327 -270763 604074
963141 757539 -837793 -861693
271784 -818158 753426 -86723
648491 23429 -270763 604074
963141 757539 293394 355829
-553813 477238 -662166 -347193
-510365 -17950 -270763 604074
395357 -784976 383039 559630
293394 355829 819214 -374555
138577 -447089 383039 559630
-662166 -347193 327584 -656350
-179355 -336120 -837793 -861693
53392 -952655 -913630 -318710
819214 -374555 -699751 567207
138577 -447089 963141 757539
-510365 -17950 343113 534821
53392 -952655 961572 -411781
-699751 567207 322522 -154327
-913630 -318710 335514 894765
-404677 741317 -662166 -347193
-913630 -318710 293394 355829
-510365 -17950 383039 559630
-510365 -17950 138577 -447089
-404677 741317 -641072 444095
-850191 339142 -357519 525939
-510365 -17950 -491047 -56625
-641072 444095 343113 534821
327584 -656350 117534 522801
-681453 -931895 -270763 604074
327584 -656350 -270763 604074
395357 -784976 -404677 741317
-270763 604074 963141 757539
53392 -952655 327584 -656350
-270763 604074 -404677 741317
-913630 -318710 -641072 444095
293394 355829 53392 -952655
-179355 -336120 451991 -16530
819214 -374555 -510365 -17950
-179355 -336120 383039 559630
383039 559630 -553813 477238
293394 355829 -681453 -931895
-850191 339142 -270763 604074
-837793 -861693 451991 -16530
-357519 525939 138577 -447089
-641072 444095 961572 -411781
-662166 -347193 -357519 525939
138577 -447089 819214 -374555
383039 559630 648491 23429
-641072 444095 -510365 -17950
648491 23429 -699751 567207
-179355 -336120 819214 -374555
100
-831655 -306155 772494 -818468
-831655 -306155 133101 -475403
772494 -818468 665096 30533
-831655 -306155 -379771 360645
772494 -818468 478006 -153262
478006 -153262 -373937 980096
772494 -818468 -122162 205325
-373937 980096 458616 693197
458616 693197 -879149 897044
133101 -475403 238254 796175
238254 796175 925411 990635
772494 -818468 -264985 -599185
-264985 -599185 -551879 76963
458616 693197 -169572 -670627
925411 990635 186778 -187086
-169572 -670627 772494 -818468
186778 -187086 -379771 360645
478006 -153262 -169572 -670627
665096 30533 186778 -187086
-551879 76963 -373937 980096
-831655 -306155 -122162 205325
458616 693197 -869912 680332
-869912 680332 -879149 897044
478006 -153262 -644843 985904
-831655 -306155 -869912 680332
133101 -475403 772494 -818468
133101 -475403 478006 -153262
925411 990635 231251 -223123
-644843 985904 186778 -187086
133101 -475403 -879149 897044
-373937 980096 -611018 -194249
-122162 205325 458616 693197
925411 990635 -611018 -194249
772494 -818468 -763375 -848307
772494 -818468 651436 -886080
-551879 76963 231251 -223123
-644843 985904 -122162 205325
925411 990635 -122162 205325
133101 -475403 665096 30533
231251 -223123 -169572 -670627
-869912 680332 651436 -886080
-879149 897044 -831655 -306155
-879149 897044 -122162 205325
458616 693197 478006 -153262
-611018 -194249 238254 796175
-869912 680332 -551879 76963
478006 -153262 -763375 -848307
186778 -187086 133101 -475403
-611018 -194249 -831655 -306155
186778 -187086 -169572 -670627
133101 -475403 -575760 -688391
-122162 205325 -611018 -194249
-264985 -599185 665096 30533
-169572 -670627 665096 30533
-379771 360645 651436 -886080
925411 990635 -437162 -184178
-879149 897044 925411 990635
478006 -153262 -879149 897044
-169572 -670627 -122162 205325
-551879 76963 -763375 -848307
186778 -187086 754447 563264
-763375 -848307 665096 30533
-879149 897044 -169572 -670627
-264985 -599185 238254 796175
-644843 985904 -753316 146410
925411 990635 665096 30533
-551879 76963 665096 30533
754447 563264 -575760 -688391
-644843 985904 -611018 -194249
-379771 360645 -373937 980096
925411 990635 -575760 -688391
772494 -818468 458616 693197
-551879 76963 458616 693197
-373937 980096 238254 796175
-644843 985904 -869912 680332
133101 -475403 231251 -223123
-551879 76963 651436 -886080
-575760 -688391 -763375 -848307
-264985 -599185 -763375 -848307
754447 563264 925411 990635
238254 796175 -122162 205325
-575760 -688391 665096 30533
754447 563264 -169572 -670627
238254 796175 -753316 146410
-611018 -194249 478006 -153262
-869912 680332 238254 796175
-753316 146410 -869912 680332
-551879 76963 -644843 985904
-437162 -184178 665096 30533
-763375 -848307 754447 563264
-437162 -184178 -264985 -599185
231251 -223123 754447 563264
-575760 -688391 -879149 897044
478006 -153262 -831655 -306155
133101 -475403 -379771 360645
-264985 -599185 -644843 985904
-879149 897044 -373937 980096
-753316 146410 -575760 -688391
-753316 146410 754447 563264
458616 693197 -644843 985904
100
-625732 187780 444447 831672
444447 831672 789421 -81493
789421 -81493 815512 644204
-625732 187780 317248 -922905
-625732 187780 471122 122479
789421 -81493 52253 -177611
317248 -922905 756890 -675293
756890 -675293 141026 25895
815512 644204 895979 718926
789421 -81493 801067 361163
756890 -675293 198682 -60835
198682 -60835 444447 831672
756890 -675293 -584820 802026
815512 644204 471122 122479
815512 644204 198682 -60835
198682 -60835 -625732 187780
815512 644204 801067 361163
-584820 802026 317248 -922905
317248 -922905 103214 96344
-584820 802026 444447 831672
471122 122479 -584820 802026
317248 -922905 471122 122479
317248 -922905 789421 -81493
444447 831672 -983194 -680396
471122 122479 -969346 -762768
471122 122479 916469 119994
198682 -60835 30293 141032
756890 -675293 -430549 -7952
317248 -922905 -430549 -7952
30293 141032 865336 -468428
865336 -468428 -430549 -7952
317248 -922905 -983194 -680396
815512 644204 -625732 187780
-969346 -762768 895979 718926
-430549 -7952 870657 525637
-430549 -7952 788098 -763990
52253 -177611 -969346 -762768
788098 -763990 103214 96344
198682 -60835 -969346 -762768
-983194 -680396 865336 -468428
756890 -675293 865336 -468428
756890 -675293 -625732 187780
801067 361163 -406171 176422
895979 718926 -584820 802026
801067 361163 103214 96344
141026 25895 800104 -585232
52253 -177611 756890 -675293
-625732 187780 103214 96344
-625732 187780 865336 -468428
52253 -177611 198682 -60835
198682 -60835 679343 645904
800104 -585232 756890 -675293
679343 645904 52253 -177611
800104 -585232 870657 525637
865336 -468428 870657 525637
916469 119994 103214 96344
679343 645904 815512 644204
-584820 802026 -406171 176422
-584820 802026 867031 478153
801067 361163 -355944 -120122
-406171 176422 -355944 -120122
867031 478153 -355944 -120122
679343 645904 801067 361163
471122 122479 895979 718926
30293 141032 471122 122479
30293 141032 52253 -177611
317248 -922905 916469 119994
444447 831672 870657 525637
916469 119994 789421 -81493
30293 141032 871095 684101
30293 141032 -983194 -680396
895979 718926 317248 -922905
444447 831672 471122 122479
800104 -585232 801067 361163
-625732 187780 -987833 922951
-355944 -120122 -969346 -762768
-406171 176422 -987833 922951
444447 831672 30293 141032
801067 361163 353954 703422
317248 -922905 865336 -468428
789421 -81493 895979 718926
788098 -763990 916469 119994
317248 -922905 800104 -585232
916469 119994 198682 -60835
788098 -763990 865336 -468428
141026 25895 -430549 -7952
756890 -675293 916469 119994
916469 119994 -983194 -680396
471122 122479 867031 478153
679343 645904 -430549 -7952
-355944 -120122 870657 525637
471122 122479 353954 703422
895979 718926 52253 -177611
789421 -81493 871095 684101
789421 -81493 -355944 -120122
916469 119994 -969346 -762768
679343 645904 871095 684101
916469 119994 815512 644204
52253 -177611 -430549 -7952
789421 -81493 -584820 802026
100
-975819 346727 726984 414585
726984 414585 -815026 745378
-975819 346727 -125095 210445
-975819 346727 -683600 -160601
-975819 346727 -815026 745378
-125095 210445 -278054 599323
-125095 210445 -183388 -768376
-278054 599323 -938065 499320
-183388 -768376 -628273 707815
-628273 707815 374328 24094
-938065 499320 4842 323784
374328 24094 726984 414585
4842 323784 551755 844067
4842 323784 57952 -881190
57952 -881190 -940192 -905155
-938065 499320 -441833 -754744
4842 323784 -628273 707815
4842 323784 726984 414585
726984 414585 670925 -739401
-940192 -905155 -815026 745378
-975819 346727 832859 53914
-183388 -768376 551755 844067
-975819 346727 -938065 499320
832859 53914 -683600 -160601
374328 24094 -815026 745378
374328 24094 -975819 346727
-683600 -160601 636685 -627756
-183388 -768376 664476 344128
670925 -739401 -851290 -827177
670925 -739401 832859 53914
-938065 499320 -815026 745378
-975819 346727 368508 -241699
-815026 745378 -851290 -827177
-938065 499320 -683600 -160601
-125095 210445 -940192 -905155
-628273 707815 57952 -881190
57952 -881190 368508 -241699
670925 -739401 -125095 210445
726984 414585 -441833 -754744
636685 -627756 4842 323784
-851290 -827177 -278054 599323
636685 -627756 -815026 745378
-938065 499320 368508 -241699
636685 -627756 374328 24094
-940192 -905155 -183388 -768376
636685 -627756 -183388 -768376
-940192 -905155 717093 -641528
-183388 -768376 -815026 745378
4842 323784 670925 -739401
-125095 210445 -202287 -953927
551755 844067 670925 -739401
636685 -627756 717093 -641528
-851290 -827177 551755 844067
-278054 599323 664476 344128
-975819 346727 -278054 599323
368508 -241699 261577 806485
-683600 -160601 -202287 -953927
-683600 -160601 57952 -881190
-940192 -905155 -202287 -953927
-202287 -953927 1275 413605
551755 844067 -125095 210445
374328 24094 832859 53914
-975819 346727 -940192 -905155
664476 344128 4842 323784
670925 -739401 1275 413605
-815026 745378 -628273 707815
-628273 707815 726984 414585
4842 323784 -183388 -768376
-125095 210445 57952 -881190
-815026 745378 1275 413605
-202287 -953927 -278054 599323
374328 24094 717093 -641528
261577 806485 717093 -641528
551755 844067 726984 414585
664476 344128 -975819 346727
-683600 -160601 -125095 210445
261577 806485 4842 323784
726984 414585 -940192 -905155
-202287 -953927 717093 -641528
-628273 707815 636685 -627756
-851290 -827177 -628273 707815
-183388 -768376 57952 -881190
726984 414585 -278054 599323
-278054 599323 1275 413605
832859 53914 368508 -241699
261577 806485 -183388 -768376
-815026 745378 -202287 -953927
261577 806485 -815026 745378
-975819 346727 -851290 -827177
-278054 599323 368508 -241699
726984 414585 1275 413605
-202287 -953927 261577 806485
832859 53914 664476 344128
57952 -881190 261577 806485
-183388 -768376 -683600 -160601
368508 -241699 -628273 707815
-441833 -754744 -975819 346727
-940192 -905155 670925 -739401
664476 344128 636685 -627756
664476 344128 -125095 210445
100
964677 423297 -340095 -421085
-340095 -421085 -609074 991943
-609074 991943 460235 -121621
-340095 -421085 -585733 726022
-609074 991943 675197 828490
460235 -121621 688744 -761771
964677 423297 -290123 390536
-290123 390536 416484 -737919
-290123 390536 676169 -85903
-290123 390536 460235 -121621
-609074 991943 -920136 -190316
-920136 -190316 -107154 -40415
964677 423297 545574 -448766
-609074 991943 -824716 -843209
-107154 -40415 882249 -162246
-920136 -190316 -436464 -278594
545574 -448766 882249 -162246
964677 423297 688744 -761771
882249 -162246 -585733 726022
-436464 -278594 -940714 884805
675197 828490 460235 -121621
-585733 726022 -853220 71800
416484 -737919 834626 835468
688744 -761771 -585733 726022
834626 835468 675197 828490
676169 -85903 -885541 384899
882249 -162246 460235 -121621
-853220 71800 -885541 384899
-585733 726022 -740096 -284138
834626 835468 676169 -85903
-824716 -843209 834325 -836876
964677 423297 882249 -162246
882249 -162246 675197 828490
-853220 71800 -340095 -421085
-436464 -278594 834325 -836876
-340095 -421085 676169 -85903
-436464 -278594 -360110 -851134
-824716 -843209 675197 828490
676169 -85903 962278 403216
675197 828490 -920136 -190316
-885541 384899 545574 -448766
545574 -448766 -436464 -278594
-360110 -851134 111796 84189
834325 -836876 -340095 -421085
688744 -761771 852435 853864
-107154 -40415 -952091 -650877
-740096 -284138 545574 -448766
834325 -836876 545574 -448766
111796 84189 675197 828490
-952091 -650877 -920136 -190316
-952091 -650877 -290123 390536
882249 -162246 -609074 991943
545574 -448766 688744 -761771
-436464 -278594 -853220 71800
545574 -448766 415640 328497
-920136 -190316 111796 84189
964677 423297 834325 -836876
416484 -737919 688744 -761771
-885541 384899 -107154 -40415
545574 -448766 -340095 -421085
415640 328497 -585733 726022
-853220 71800 -360110 -851134
834325 -836876 688744 -761771
-920136 -190316 962278 403216
415640 328497 -940714 884805
111796 84189 -885541 384899
834626 835468 834325 -836876
675197 828490 416484 -737919
852435 853864 415640 328497
-952091 -650877 415640 328497
-940714 884805 -617619 -211767
-290123 390536 -824716 -843209
-940714 884805 852435 853864
415640 328497 834626 835468
675197 828490 -853220 71800
834626 835468 -740096 -284138
-853220 71800 834626 835468
-617619 -211767 -885541 384899
676169 -85903 -436464 -278594
964677 423297 -952091 -650877
545574 -448766 -609074 991943
-952091 -650877 416484 -737919
416484 -737919 834325 -836876
-340095 -421085 -360110 -851134
962278 403216 -290123 390536
111796 84189 852435 853864
415640 328497 964677 423297
964677 423297 676169 -85903
-885541 384899 -290123 390536
962278 403216 -436464 -278594
688744 -761771 -609074 991943
460235 -121621 -340095 -421085
416484 -737919 -920136 -190316
-920136 -190316 852435 853864
-340095 -421085 882249 -162246
-740096 -284138 -617619 -211767
545574 -448766 -107154 -40415
416484 -737919 -585733 726022
-360110 -851134 -920136 -190316
460235 -121621 852435 853864
100
873779 621691 429114 -860772
873779 621691 -114284 -83262
-114284 -83262 -998626 339590
-998626 339590 -916458 -655194
-114284 -83262 169246 873072
-114284 -83262 -957515 -951190
429114 -860772 -114284 -83262
429114 -860772 215191 891037
-998626 339590 610433 -91878
215191 891037 -715116 -367427
873779 621691 463393 727477
-998626 339590 359401 483814
610433 -91878 851313 159821
851313 159821 -897321 540250
359401 483814 215191 891037
215191 891037 808466 489426
610433 -91878 119167 546341
-897321 540250 -834937 -447486
429114 -860772 119167 546341
-715116 -367427 873779 621691
-957515 -951190 873779 621691
119167 546341 215191 891037
-957515 -951190 -447533 398985
-897321 540250 -957515 -951190
808466 489426 -851731 -60468
215191 891037 -83839 179125
359401 483814 851313 159821
-957515 -951190 169246 873072
-897321 540250 169246 873072
-916458 -655194 -83839 179125
-715116 -367427 -142678 -68469
119167 546341 -754123 -157849
-715116 -367427 -834937 -447486
-834937 -447486 -437877 356377
-114284 -83262 851313 159821
-142678 -68469 396865 329616
-142678 -68469 -475121 730313
359401 483814 -957515 -951190
-83839 179125 -715116 -367427
396865 329616 98029 -506601
-754123 -157849 737248 907155
-437877 356377 429114 -860772
-437877 356377 176565 715737
808466 489426 -114284 -83262
463393 727477 359401 483814
359401 483814 737248 907155
-834937 -447486 215191 891037
-897321 540250 -813212 966426
359401 483814 -259635 -205270
-998626 339590 169246 873072
-715116 -367427 463393 727477
808466 489426 880603 -988776
610433 -91878 -851731 -60468
98029 -506601 -851731 -60468
176565 715737 873779 621691
359401 483814 808466 489426
-437877 356377 737248 907155
215191 891037 -851731 -60468
-834937 -447486 -142678 -68469
463393 727477 610433 -91878
-447533 398985 396865 329616
463393 727477 -447533 398985
396865 329616 -83839 179125
-114284 -83262 -83839 179125
396865 329616 359401 483814
429114 -860772 357540 -689300
-897321 540250 873779 621691
610433 -91878 -754123 -157849
429114 -860772 -259635 -205270
-957515 -951190 -475121 730313
429114 -860772 463393 727477
-998626 339590 737248 907155
-897321 540250 737248 907155
610433 -91878 357540 -689300
737248 907155 429114 -860772
-83839 179125 98029 -506601
880603 -988776 -142678 -68469
176565 715737 -83839 179125
359401 483814 -813212 966426
-851731 -60468 -897321 540250
-715116 -367427 -897321 540250
98029 -506601 359401 483814
-437877 356377 359401 483814
737248 907155 610433 -91878
-834937 -447486 -447533 398985
215191 891037 -114284 -83262
429114 -860772 -83839 179125
808466 489426 -475121 730313
169246 873072 -851731 -60468
359401 483814 -897321 540250
-83839 179125 -475121 730313
119167 546341 176565 715737
-916458 -655194 176565 715737
-475121 730313 -834937 -447486
873779 621691 880603 -988776
-142678 -68469 -437877 356377
737248 907155 -259635 -205270
357540 -689300 396865 329616
-259635 -205270 -447533 398985
-813212 966426 -834937 -447486
100
-760299 368323 -645351 -231813
-645351 -231813 -715810 -501557
-645351 -231813 732597 835446
732597 835446 -510653 -582929
-645351 -231813 19721 869271
732597 835446 -760299 368323
-760299 368323 422824 -996150
-715810 -501557 -268098 163338
422824 -996150 -268098 163338
-510653 -582929 422824 -996150
19721 869271 -602997 667575
-715810 -501557 -138383 331825
19721 869271 -195583 -833378
-195583 -833378 -635630 322366
-760299 368323 400005 139992
-635630 322366 -645351 -231813
-715810 -501557 -188235 -5418
-138383 331825 -510653 -582929
422824 -996150 -645351 -231813
400005 139992 -17516 92965
-17516 92965 422824 -996150
-17516 92965 -645351 -231813
-602997 667575 798992 -840629
-17516 92965 894584 353188
400005 139992 422824 -996150
-195583 -833378 798992 -840629
-17516 92965 -138383 331825
-195583 -833378 818854 345596
-645351 -231813 464960 860054
-510653 -582929 464960 860054
-138383 331825 -195583 -833378
798992 -840629 -268098 163338
422824 -996150 -195583 -833378
818854 345596 270478 -373240
400005 139992 894584 353188
270478 -373240 -645351 -231813
732597 835446 147421 369860
147421 369860 422824 -996150
-195583 -833378 455657 877718
270478 -373240 -188235 -5418
-635630 322366 -44502 -959132
-645351 -231813 455657 877718
-510653 -582929 -635630 322366
19721 869271 -760299 368323
-760299 368323 464960 860054
-510653 -582929 400005 139992
464960 860054 -17516 92965
-602997 667575 -715810 -501557
-645351 -231813 -188235 -5418
270478 -373240 455657 877718
-715810 -501557 -555374 -447123
147421 369860 -44502 -959132
-44502 -959132 -510653 -582929
464960 860054 455657 877718
818854 345596 -268098 163338
-138383 331825 798992 -840629
-602997 667575 -510653 -582929
19721 869271 -138383 331825
-188235 -5418 894584 353188
-17516 92965 -602997 667575
-138383 331825 455657 877718
147421 369860 798992 -840629
894584 353188 -602997 667575
-268098 163338 464960 860054
-760299 368323 -715810 -501557
-195583 -833378 -602997 667575
-635630 322366 455657 877718
455657 877718 -555374 -447123
147421 369860 -635630 322366
894584 353188 818854 345596
-195583 -833378 -510653 -582929
455657 877718 798992 -840629
-188235 -5418 422824 -996150
-602997 667575 818854 345596
894584 353188 -138383 331825
422824 -996150 732597 835446
-645351 -231813 894584 353188
-510653 -582929 894584 353188
-17516 92965 19721 869271
-44502 -959132 894584 353188
-138383 331825 147421 369860
-44502 -959132 -17516 92965
-555374 -447123 -44502 -959132
147421 369860 -602997 667575
464960 860054 -138383 331825
798992 -840629 -44502 -959132
732597 835446 -195583 -833378
270478 -373240 400005 139992
-17516 92965 455657 877718
-760299 368323 -602997 667575
-645351 -231813 818854 345596
818854 345596 400005 139992
147421 369860 -760299 368323
-602997 667575 -645351 -231813
455657 877718 -44502 -959132
-715810 -501557 -635630 322366
-268098 163338 19721 869271
798992 -840629 -635630 322366
798992 -840629 -715810 -501557
-268098 163338 732597 835446
100
889109 -69485 -971041 950598
-971041 950598 -918164 -608037
-971041 950598 -359219 -550618
-918164 -608037 232769 240187
-359219 -550618 924213 259536
924213 259536 13974 -95861
924213 259536 193145 -95468
924213 259536 -969818 638466
13974 -95861 -214634 42622
-969818 638466 581448 416107
232769 240187 508692 23165
13974 -95861 109643 416544
581448 416107 232769 240187
924213 259536 540052 920683
232769 240187 957859 -693624
-969818 638466 704773 26727
232769 240187 109643 416544
193145 -95468 -214634 42622
957859 -693624 -281470 -622651
889109 -69485 540052 920683
-918164 -608037 540052 920683
-969818 638466 696024 -850126
696024 -850126 109643 416544
-918164 -608037 924213 259536
889109 -69485 -399844 -1984
-969818 638466 -971041 950598
13974 -95861 -281470 -622651
232769 240187 -784414 285796
-214634 42622 -969818 638466
957859 -693624 -927716 183693
696024 -850126 891254 -300681
109643 416544 -281470 -622651
-399844 -1984 957859 -693624
696024 -850126 -784414 285796
581448 416107 -971041 950598
957859 -693624 891254 -300681
109643 416544 -927716 183693
508692 23165 126011 -442873
-359219 -550618 540052 920683
-784414 285796 -969818 638466
891254 -300681 109643 416544
-281470 -622651 961986 171378
-927716 183693 889109 -69485
961986 171378 -214634 42622
924213 259536 109643 416544
126011 -442873 -969818 638466
-399844 -1984 696024 -850126
-969818 638466 889109 -69485
957859 -693624 540052 920683
508692 23165 13974 -95861
-214634 42622 -918164 -608037
-969818 638466 -918164 -608037
924213 259536 -927716 183693
957859 -693624 177364 835059
232769 240187 -214634 42622
-784414 285796 961986 171378
508692 23165 580486 173849
-214634 42622 109643 416544
-281470 -622651 126011 -442873
-971041 950598 957859 -693624
109643 416544 -784414 285796
581448 416107 -359219 -550618
924213 259536 -399844 -1984
889109 -69485 924213 259536
-281470 -622651 -739005 385720
-971041 950598 280566 583006
961986 171378 280566 583006
232769 240187 540052 920683
13974 -95861 581448 416107
-739005 385720 696024 -850126
-918164 -608037 889109 -69485
-281470 -622651 -927716 183693
-739005 385720 -399844 -1984
704773 26727 280566 583006
-739005 385720 704773 26727
126011 -442873 -971041 950598
280566 583006 177364 835059
704773 26727 957859 -693624
193145 -95468 696024 -850126
280566 583006 -214634 42622
580486 173849 126011 -442873
-927716 183693 891254 -300681
-359219 -550618 696024 -850126
-918164 -608037 -359219 -550618
-971041 950598 -214634 42622
-281470 -622651 924213 259536
-918164 -608037 957859 -693624
-971041 950598 891254 -300681
193145 -95468 280566 583006
957859 -693624 193145 -95468
-359219 -550618 -281470 -622651
280566 583006 -359219 -550618
-739005 385720 961986 171378
581448 416107 889109 -69485
-359219 -550618 -399844 -1984
193145 -95468 704773 26727
232769 240187 -739005 385720
957859 -693624 696024 -850126
581448 416107 540052 920683
889109 -69485 193145 -95468
100
-764082 818665 -957988 -332716
-764082 818665 828649 -678974
828649 -678974 293932 -2505
-764082 818665 70386 -36706
-764082 818665 -399399 542907
828649 -678974 70386 -36706
828649 -678974 -161192 -270354
-764082 818665 -161192 -270354
293932 -2505 -399399 542907
70386 -36706 -310593 -923446
293932 -2505 -2152 258233
70386 -36706 22458 -228427
-764082 818665 -46321 -288705
-764082 818665 401556 -87513
828649 -678974 401556 -87513
-764082 818665 -310593 -923446
-957988 -332716 425086 668041
-764082 818665 -2152 258233
-2152 258233 -161192 -270354
293932 -2505 -764082 818665
401556 -87513 22458 -228427
425086 668041 867090 717749
293932 -2505 -621649 915031
-161192 -270354 -531293 -630269
-764082 818665 576156 292677
867090 717749 712731 120914
401556 -87513 867090 717749
-2152 258233 828649 -678974
-161192 -270354 231871 -985985
828649 -678974 923121 891981
867090 717749 -310593 -923446
-2152 258233 -531293 -630269
-957988 -332716 401556 -87513
425086 668041 828649 -678974
576156 292677 923121 891981
-621649 915031 -46321 -288705
401556 -87513 534851 204344
293932 -2505 425086 668041
534851 204344 -2152 258233
-621649 915031 34214 -290013
34214 -290013 534851 204344
712731 120914 987536 -498044
401556 -87513 70386 -36706
-531293 -630269 401556 -87513
231871 -985985 -957988 -332716
231871 -985985 425086 668041
-46321 -288705 576156 292677
576156 292677 867090 717749
923121 891981 -957988 -332716
-957988 -332716 712731 120914
828649 -678974 -621649 915031
-957988 -332716 70386 -36706
231871 -985985 712731 120914
-2152 258233 -310593 -923446
-957988 -332716 -161192 -270354
-399399 542907 -621649 915031
231871 -985985 -2152 258233
534851 204344 231871 -985985
987536 -498044 -310593 -923446
-310593 -923446 293932 -2505
34214 -290013 -531293 -630269
576156 292677 -161192 -270354
34214 -290013 828649 -678974
401556 -87513 -2152 258233
-621649 915031 401556 -87513
712731 120914 425086 668041
867090 717749 293932 -2505
-957988 -332716 293932 -2505
-2152 258233 -621649 915031
70386 -36706 293932 -2505
231871 -985985 -46321 -288705
34214 -290013 425086 668041
22458 -228427 231871 -985985
-531293 -630269 828649 -678974
22458 -228427 -764082 818665
-399399 542907 231871 -985985
712731 120914 401556 -87513
923121 891981 34214 -290013
828649 -678974 987536 -498044
231871 -985985 401556 -87513
-764082 818665 712731 120914
923121 891981 70386 -36706
534851 204344 867090 717749
-310593 -923446 22458 -228427
712731 120914 70386 -36706
-764082 818665 -284024 -220600
867090 717749 -764082 818665
-161192 -270354 712731 120914
-621649 915031 70386 -36706
712731 120914 -284024 -220600
-284024 -220600 -46321 -288705
-621649 915031 -161192 -270354
-399399 542907 -46321 -288705
231871 -985985 -310593 -923446
-621649 915031 22458 -228427
828649 -678974 534851 204344
923121 891981 987536 -498044
-161192 -270354 70386 -36706
34214 -290013 987536 -498044
22458 -228427 -957988 -332716
100
-883456 -313498 624181 244647
624181 244647 467953 415247
-883456 -313498 888810 -197523
467953 415247 -883456 -313498
467953 415247 -874433 -354747
888810 -197523 624181 244647
467953 415247 -395290 -98194
-395290 -98194 -771524 -833302
624181 244647 -930252 719743
888810 -197523 361810 -710438
-930252 719743 682421 404226
-771524 -833302 624181 244647
-874433 -354747 -432822 288244
361810 -710438 86937 453420
-930252 719743 -822396 775602
361810 -710438 -883456 -313498
-822396 775602 888810 -197523
-771524 -833302 -883456 -313498
888810 -197523 -432822 288244
-874433 -354747 -21936 77617
-395290 -98194 -651833 -515320
-874433 -354747 -919324 782048
-395290 -98194 -919324 782048
361810 -710438 -930252 719743
-432822 288244 -295452 59503
-432822 288244 624181 244647
888810 -197523 308250 656325
-21936 77617 682421 404226
682421 404226 -886146 -193318
-822396 775602 -395290 -98194
-395290 -98194 308250 656325
-21936 77617 624181 244647
888810 -197523 467953 415247
86937 453420 -395290 -98194
361810 -710438 -395290 -98194
-930252 719743 -21936 77617
-432822 288244 -883456 -313498
-886146 -193318 -432822 288244
-919324 782048 888810 -197523
682421 404226 361810 -710438
-771524 -833302 467953 415247
-771524 -833302 682421 404226
-883456 -313498 -492191 235977
-874433 -354747 361810 -710438
86937 453420 -492191 235977
-651833 -515320 308250 656325
361810 -710438 -276154 962438
308250 656325 -886146 -193318
-874433 -354747 86937 453420
361810 -710438 -771524 -833302
-492191 235977 -930252 719743
361810 -710438 -725625 120865
682421 404226 -432822 288244
-874433 -354747 -771524 -833302
-822396 775602 -874433 -354747
467953 415247 -432822 288244
888810 -197523 -771524 -833302
308250 656325 -874433 -354747
-822396 775602 86937 453420
-886146 -193318 -919324 782048
-822396 775602 467953 415247
-492191 235977 467953 415247
-874433 -354747 354491 -286
-874433 -354747 -883456 -313498
-432822 288244 -651833 -515320
-886146 -193318 354491 -286
-651833 -515320 -822396 775602
-771524 -833302 -21936 77617
354491 -286 -395290 -98194
-21936 77617 -492191 235977
-919324 782048 -492191 235977
-651833 -515320 -21936 77617
888810 -197523 -930252 719743
-725625 120865 -492191 235977
354491 -286 -303314 -314250
-822396 775602 -886146 -193318
624181 244647 361810 -710438
361810 -710438 -492191 235977
-395290 -98194 -883456 -313498
-886146 -193318 467953 415247
86937 453420 -303314 -314250
-395290 -98194 -276154 962438
308250 656325 -822396 775602
-303314 -314250 -725625 120865
-725625 120865 -276154 962438
-883456 -313498 -303314 -314250
-930252 719743 -883456 -313498
-295452 59503 -919324 782048
-886146 -193318 -771524 -833302
-883456 -313498 -276154 962438
467953 415247 -930252 719743
624181 244647 308250 656325
-771524 -833302 86937 453420
-395290 -98194 -492191 235977
624181 244647 682421 404226
467953 415247 86937 453420
-395290 -98194 -725625 120865
-919324 782048 -432822 288244
-822396 775602 -295452 59503
-303314 -314250 624181 244647
100
-267043 647289 -470492 524431
-470492 524431 -432800 -792190
-432800 -792190 29588 293105
-432800 -792190 -267043 647289
-432800 -792190 169467 -937307
-432800 -792190 -302267 962919
-432800 -792190 -450998 -649401
-267043 647289 -770692 -652714
-432800 -792190 925790 73866
-770692 -652714 -985871 -859854
925790 73866 -633228 632610
-302267 962919 -779853 -906676
169467 -937307 267220 47149
-985871 -859854 461557 19228
169467 -937307 -556870 520974
29588 293105 -633228 632610
267220 47149 -338586 -967973
-302267 962919 29588 293105
461557 19228 -393662 200097
-770692 -652714 -432800 -792190
-450998 -649401 923108 196666
-470492 524431 927256 -469281
-556870 520974 -324137 -545114
927256 -469281 461557 19228
461557 19228 -338586 -967973
-302267 962919 -393662 200097
-324137 -545114 -985062 358324
-633228 632610 -432800 -792190
927256 -469281 -985871 -859854
461557 19228 -450998 -649401
-770692 -652714 169467 -937307
-985062 358324 925790 73866
-985062 358324 29588 293105
-985062 358324 -698165 887476
-324137 -545114 29588 293105
-985062 358324 -733135 -195161
-324137 -545114 935869 526754
-770692 -652714 -985062 358324
-985871 -859854 -733135 -195161
-633228 632610 -470492 524431
-393662 200097 267220 47149
267220 47149 -470492 524431
-698165 887476 461557 19228
-302267 962919 -698165 887476
-733135 -195161 935869 526754
29588 293105 923108 196666
-633228 632610 461557 19228
-450998 -649401 -779853 -906676
-985871 -859854 -302267 962919
-779853 -906676 -324137 -545114
-985062 358324 -824387 -776156
-556870 520974 -985871 -859854
-698165 887476 -393662 200097
925790 73866 -393662 200097
935869 526754 169467 -937307
-985871 -859854 -698165 887476
-985062 358324 -450998 -649401
-985062 358324 267220 47149
-985062 358324 -470492 524431
-267043 647289 -324137 -545114
935869 526754 927256 -469281
927256 -469281 169467 -937307
-985062 358324 -633228 632610
-698165 887476 -324137 -545114
-733135 -195161 169467 -937307
29588 293105 -450998 -649401
-393662 200097 29588 293105
923108 196666 -779853 -906676
-733135 -195161 29588 293105
-432800 -792190 -824387 -776156
935869 526754 -556870 520974
-267043 647289 29588 293105
-985062 358324 -338586 -967973
-770692 -652714 267220 47149
-770692 -652714 -556870 520974
-733135 -195161 -556870 520974
925790 73866 935869 526754
169467 -937307 -267043 647289
923108 196666 -324137 -545114
935869 526754 267220 47149
-779853 -906676 -393662 200097
-338586 -967973 -470492 524431
-633228 632610 935869 526754
-302267 962919 925790 73866
923108 196666 461557 19228
-450998 -649401 267220 47149
925790 73866 -556870 520974
927256 -469281 -733135 -195161
-450998 -649401 925790 73866
-324137 -545114 -633228 632610
169467 -937307 -698165 887476
267220 47149 927256 -469281
267220 47149 925790 73866
-432800 -792190 935869 526754
935869 526754 -470492 524431
-393662 200097 -432800 -792190
-450998 -649401 -556870 520974
-985871 -859854 925790 73866
-470492 524431 -450998 -649401
-733135 -195161 -338586 -967973
100
593381 -722376 706583 -261782
706583 -261782 -85986 159318
593381 -722376 636217 -926323
-85986 159318 -197273 -884905
-197273 -884905 593381 -722376
593381 -722376 884449 216876
706583 -261782 36762 344366
-85986 159318 -575000 539853
-197273 -884905 -879515 -337600
636217 -926323 512255 -509215
636217 -926323 568233 -550777
-575000 539853 636217 -926323
593381 -722376 171141 35929
171141 35929 -158030 265032
-85986 159318 302823 -531803
36762 344366 -813800 -394040
-813800 -394040 636217 -926323
636217 -926323 -922891 996807
-813800 -394040 -826462 -79751
-575000 539853 -879515 -337600
706583 -261782 -291310 590112
884449 216876 706583 -261782
-197273 -884905 -121317 -528933
-575000 539853 36762 344366
-291310 590112 36762 344366
-85986 159318 636217 -926323
706583 -261782 -974472 557191
36762 344366 -826462 -79751
-575000 539853 568233 -550777
568233 -550777 -606697 354707
-291310 590112 -158030 265032
512255 -509215 -158030 265032
-826462 -79751 -197273 -884905
-879515 -337600 -317130 267417
-922891 996807 -606697 354707
-575000 539853 -922891 996807
636217 -926323 -826462 -79751
-879515 -337600 593381 -722376
-575000 539853 -63944 300442
-974472 557191 -879515 -337600
-197273 -884905 -864127 465228
-575000 539853 512255 -509215
302823 -531803 -291310 590112
512255 -509215 302823 -531803
-922891 996807 -291310 590112
-317130 267417 199555 -743440
593381 -722376 263072 68020
-197273 -884905 802905 -887909
-317130 267417 -922891 996807
802905 -887909 171141 35929
-864127 465228 739239 -837451
-158030 265032 263072 68020
512255 -509215 706583 -261782
199555 -743440 -864127 465228
302823 -531803 -158030 265032
-317130 267417 -864127 465228
-158030 265032 -317130 267417
-922891 996807 512255 -509215
636217 -926323 -864127 465228
568233 -550777 -826462 -79751
-197273 -884905 199555 -743440
-974472 557191 -85986 159318
-63944 300442 -121317 -528933
739239 -837451 512255 -509215
302823 -531803 568233 -550777
802905 -887909 -291310 590112
739239 -837451 302823 -531803
-813800 -394040 -575000 539853
263072 68020 160772 -17509
739239 -837451 199555 -743440
-575000 539853 884449 216876
302823 -531803 -121317 -528933
171141 35929 568233 -550777
-974472 557191 636217 -926323
-158030 265032 739239 -837451
636217 -926323 884449 216876
171141 35929 -879515 -337600
-575000 539853 -197273 -884905
884449 216876 199555 -743440
-813800 -394040 171141 35929
884449 216876 -826462 -79751
-158030 265032 -197273 -884905
-974472 557191 -291310 590112
706583 -261782 -813800 -394040
636217 -926323 171141 35929
-826462 -79751 -121317 -528933
-317130 267417 -197273 -884905
263072 68020 -826462 -79751
302823 -531803 -974472 557191
-158030 265032 -974472 557191
199555 -743440 -922891 996807
-922891 996807 -85986 159318
-575000 539853 -291310 590112
36762 344366 -139015 -755876
36762 344366 -879515 -337600
-317130 267417 -85986 159318
-158030 265032 884449 216876
-139015 -755876 802905 -887909
-974472 557191 -575000 539853
-197273 -884905 263072 68020
100
-48919 -384865 540534 397357
540534 397357 875688 -656600
-48919 -384865 -983353 465419
875688 -656600 -172861 486845
-983353 465419 -711341 -105684
-172861 486845 -879768 987222
875688 -656600 -220544 -189376
-48919 -384865 -303012 71581
-983353 465419 -972530 -247502
-711341 -105684 668605 -505708
875688 -656600 -711341 -105684
-879768 987222 583397 135833
-172861 486845 551811 780579
-983353 465419 -381897 -144196
-220544 -189376 -48919 -384865
540534 397357 551811 780579
875688 -656600 238019 -876794
238019 -876794 -646721 -454264
-972530 -247502 -879768 987222
-983353 465419 -277830 -397576
-277830 -397576 -381897 -144196
551811 780579 -879768 987222
-172861 486845 944124 906022
-48919 -384865 350499 96574
-220544 -189376 350499 96574
540534 397357 -381897 -144196
350499 96574 814729 473035
-48919 -384865 784975 972742
-381897 -144196 -739558 92654
551811 780579 -739558 92654
-381897 -144196 605483 -238914
-983353 465419 668605 -505708
540534 397357 668605 -505708
350499 96574 605483 -238914
-739558 92654 350499 96574
-972530 -247502 586832 141102
605483 -238914 -879768 987222
-879768 987222 814729 473035
540534 397357 -879768 987222
586832 141102 -568311 848192
-711341 -105684 551811 780579
875688 -656600 944124 906022
350499 96574 540534 397357
784975 972742 692668 -618713
692668 -618713 238019 -876794
-381897 -144196 -303012 71581
-972530 -247502 814729 473035
668605 -505708 -303012 71581
-739558 92654 583397 135833
-879768 987222 -983353 465419
350499 96574 -568311 848192
-983353 465419 -568311 848192
814729 473035 -165225 -664903
-739558 92654 -646721 -454264
875688 -656600 551811 780579
-879768 987222 -48919 -384865
668605 -505708 -972530 -247502
-381897 -144196 551811 780579
238019 -876794 -172861 486845
551811 780579 238019 -876794
-220544 -189376 814729 473035
784975 972742 875688 -656600
-165225 -664903 -381897 -144196
692668 -618713 -381897 -144196
814729 473035 668605 -505708
-739558 92654 -277830 -397576
-172861 486845 -568311 848192
605483 -238914 692668 -618713
-48919 -384865 551811 780579
583397 135833 -646721 -454264
-277830 -397576 -972530 -247502
238019 -876794 -879768 987222
-303012 71581 586832 141102
-568311 848192 -277830 -397576
668605 -505708 605483 -238914
-646721 -454264 -277830 -397576
692668 -618713 875688 -656600
-48919 -384865 -172861 486845
-220544 -189376 -277830 -397576
784975 972742 -568311 848192
668605 -505708 -277830 -397576
-739558 92654 -972530 -247502
586832 141102 -172861 486845
-879768 987222 -739558 92654
-220544 -189376 -711341 -105684
238019 -876794 -277830 -397576
-172861 486845 -220544 -189376
-739558 92654 668605 -505708
586832 141102 -739558 92654
875688 -656600 586832 141102
-303012 71581 -879768 987222
-381897 -144196 784975 972742
784975 972742 -711341 -105684
583397 135833 784975 972742
944124 906022 583397 135833
692668 -618713 586832 141102
350499 96574 -983353 465419
784975 972742 -277830 -397576
692668 -618713 -165225 -664903
814729 473035 875688 -656600
100
670547 536711 877236 -75501
670547 536711 663718 510951
663718 510951 899449 47624
663718 510951 -85189 494128
-85189 494128 -779193 372378
877236 -75501 -869205 -576374
-85189 494128 58352 -593030
670547 536711 735888 -33374
-779193 372378 457820 -808130
58352 -593030 -879206 641225
-779193 372378 58352 -593030
670547 536711 -177357 997455
-85189 494128 984749 659863
-879206 641225 282673 -712053
457820 -808130 877236 -75501
-85189 494128 457820 -808130
58352 -593030 -719389 882388
899449 47624 -719389 882388
282673 -712053 984749 659863
-879206 641225 895431 -274616
663718 510951 -719389 882388
735888 -33374 663718 510951
282673 -712053 899449 47624
899449 47624 -894906 154656
895431 -274616 -85189 494128
670547 536711 -85189 494128
663718 510951 984749 659863
-894906 154656 282673 -712053
899449 47624 -879206 641225
-719389 882388 -969327 433562
877236 -75501 -752086 -362973
-969327 433562 383597 -6746
663718 510951 824970 -142672
-779193 372378 -177357 997455
-879206 641225 -719389 882388
877236 -75501 -331149 38766
895431 -274616 -246524 238379
670547 536711 -68540 369044
282673 -712053 824970 -142672
877236 -75501 -779193 372378
-68540 369044 663718 510951
899449 47624 -177357 997455
282673 -712053 794940 -429550
-85189 494128 -246524 238379
-177357 997455 900767 969756
-177357 997455 -246524 238379
-879206 641225 900767 969756
-969327 433562 282673 -712053
877236 -75501 -969327 433562
900767 969756 -969327 433562
58352 -593030 900767 969756
282673 -712053 663718 510951
-68540 369044 -156713 266294
794940 -429550 -879206 641225
794940 -429550 -719389 882388
895431 -274616 -779193 372378
-156713 266294 794940 -429550
-156713 266294 -779193 372378
-177357 997455 -139937 -604884
-331149 38766 -719389 882388
-246524 238379 58352 -593030
-719389 882388 383597 -6746
58352 -593030 794940 -429550
-969327 433562 -156713 266294
457820 -808130 735888 -33374
-68540 369044 877236 -75501
-156713 266294 -879206 641225
735888 -33374 -177357 997455
-177357 997455 -894906 154656
877236 -75501 44374 183170
383597 -6746 663718 510951
900767 969756 794940 -429550
984749 659863 44374 183170
877236 -75501 794940 -429550
670547 536711 -139937 -604884
-139937 -604884 -137226 259155
383597 -6746 -752086 -362973
663718 510951 877236 -75501
824970 -142672 -156713 266294
-331149 38766 794940 -429550
-68540 369044 899449 47624
-894906 154656 824970 -142672
-894906 154656 895431 -274616
-779193 372378 -139937 -604884
-779193 372378 44374 183170
-969327 433562 -879206 641225
900767 969756 -752086 -362973
663718 510951 -246524 238379
457820 -808130 -869205 -576374
282673 -712053 -139937 -604884
984749 659863 900767 969756
282673 -712053 44374 183170
663718 510951 900767 969756
-869205 -576374 -68540 369044
383597 -6746 -68540 369044
-779193 372378 -894906 154656
984749 659863 383597 -6746
-177357 997455 -68540 369044
663718 510951 -331149 38766
-779193 372378 899449 47624
100
181460 -674993 738403 742608
181460 -674993 -713927 -641326
738403 742608 495299 589011
495299 589011 87784 -515955
738403 742608 575795 -236237
495299 589011 -57756 -130950
575795 -236237 748986 687781
738403 742608 520871 428633
495299 589011 854488 -995933
575795 -236237 -444638 -472497
-57756 -130950 -640375 -166476
854488 -995933 -720203 929305
87784 -515955 520871 428633
-57756 -130950 -83473 -279409
854488 -995933 -713927 -641326
-640375 -166476 854488 -995933
495299 589011 89201 668614
-57756 -130950 738403 742608
854488 -995933 748986 687781
-640375 -166476 -663950 -944452
495299 589011 -713927 -641326
854488 -995933 89201 668614
-720203 929305 961830 -779274
89201 668614 520871 428633
854488 -995933 -333284 -352416
961830 -779274 748986 687781
-640375 -166476 623030 213097
623030 213097 -83473 -279409
738403 742608 -16539 269286
181460 -674993 87784 -515955
-640375 -166476 87784 -515955
89201 668614 -333284 -352416
854488 -995933 701428 404264
-713927 -641326 -83473 -279409
495299 589011 181460 -674993
520871 428633 575795 -236237
-57756 -130950 709061 -61225
-663950 -944452 304406 -250093
961830 -779274 575795 -236237
87784 -515955 383446 -417657
709061 -61225 623030 213097
701428 404264 738403 742608
-713927 -641326 304406 -250093
-57756 -130950 -720203 929305
304406 -250093 575795 -236237
575795 -236237 383446 -417657
181460 -674993 -83473 -279409
-333284 -352416 961830 -779274
-57756 -130950 383446 -417657
89201 668614 961830 -779274
-720203 929305 383446 -417657
701428 404264 383446 -417657
304406 -250093 -640375 -166476
383446 -417657 -862692 221546
-713927 -641326 -669889 2555
383446 -417657 -444638 -472497
623030 213097 -669889 2555
-83473 -279409 -227214 461975
-57756 -130950 748986 687781
738403 742608 -444638 -472497
-16539 269286 -83473 -279409
-862692 221546 623030 213097
-640375 -166476 -227214 461975
-713927 -641326 -57756 -130950
-83473 -279409 495299 589011
-83473 -279409 575795 -236237
854488 -995933 -444638 -472497
575795 -236237 89201 668614
-862692 221546 961830 -779274
-444638 -472497 304406 -250093
623030 213097 -663950 -944452
-720203 929305 304406 -250093
-16539 269286 709061 -61225
748986 687781 -83473 -279409
961830 -779274 854488 -995933
-862692 221546 575795 -236237
520871 428633 -640375 -166476
701428 404264 961830 -779274
-713927 -641326 623030 213097
854488 -995933 738403 742608
-862692 221546 701428 404264
-16539 269286 520871 428633
-16539 269286 854488 -995933
-333284 -352416 748986 687781
-57756 -130950 961830 -779274
709061 -61225 -862692 221546
701428 404264 304406 -250093
738403 742608 748986 687781
-227214 461975 748986 687781
-57756 -130950 -333284 -352416
87784 -515955 89201 668614
-16539 269286 -720203 929305
709061 -61225 304406 -250093
-669889 2555 -444638 -472497
89201 668614 623030 213097
854488 -995933 181460 -674993
-713927 -641326 -720203 929305
-713927 -641326 -333284 -352416
89201 668614 304406 -250093
-16539 269286 -669889 2555
100
-223619 323984 -705284 -730581
-705284 -730581 204968 -832246
204968 -832246 -942115 660955
-705284 -730581 -313577 -953275
204968 -832246 769802 -155507
-942115 660955 -7005 382465
204968 -832246 -266804 -643666
769802 -155507 -7005 382465
-705284 -730581 -198980 206157
-7005 382465 -284496 283526
-313577 -953275 981370 -356501
-313577 -953275 56272 560243
204968 -832246 613995 162785
981370 -356501 769802 -155507
-313577 -953275 -362490 -522349
-362490 -522349 -705284 -730581
-7005 382465 897828 803834
897828 803834 -362490 -522349
-7005 382465 -93147 16612
-266804 -643666 -313577 -953275
-93147 16612 -602921 593066
769802 -155507 -602921 593066
-705284 -730581 597627 926720
613995 162785 -30400 -441656
-942115 660955 -705284 -730581
769802 -155507 -285461 396300
-942115 660955 701735 -283242
-223619 323984 -7005 382465
-285461 396300 -705284 -730581
-30400 -441656 -7005 382465
-362490 -522349 -223619 323984
-30400 -441656 162711 476775
-93147 16612 32980 211367
204968 -832246 -30400 -441656
613995 162785 -285461 396300
-313577 -953275 162711 476775
-30400 -441656 -430306 736050
-223619 323984 597627 926720
597627 926720 -56130 975970
-93147 16612 -942115 660955
204968 -832246 981370 -356501
32980 211367 -284496 283526
769802 -155507 -56130 975970
162711 476775 56272 560243
-223619 323984 -30400 -441656
162711 476775 769802 -155507
-284496 283526 -193620 -367490
-942115 660955 -313577 -953275
-266804 -643666 -223619 323984
-7005 382465 841799 -936178
-705284 -730581 759489 458201
32980 211367 162711 476775
981370 -356501 -764607 768921
-284496 283526 56272 560243
701735 -283242 -223619 323984
-285461 396300 204968 -832246
597627 926720 981370 -356501
-7005 382465 162711 476775
-193620 -367490 21682 704201
613995 162785 32980 211367
897828 803834 -266804 -643666
-284496 283526 841799 -936178
-198980 206157 -93147 16612
-266804 -643666 769802 -155507
841799 -936178 -285461 396300
32980 211367 -705284 -730581
-942115 660955 841799 -936178
-7005 382465 597627 926720
897828 803834 -56130 975970
-193620 -367490 -56130 975970
981370 -356501 -942115 660955
-764607 768921 162711 476775
-198980 206157 597627 926720
701735 -283242 -198980 206157
-313577 -953275 204968 -832246
-284496 283526 -93147 16612
981370 -356501 32980 211367
769802 -155507 -198980 206157
701735 -283242 553435 -796153
613995 162785 553435 -796153
-285461 396300 -198980 206157
32980 211367 897828 803834
-313577 -953275 701735 -283242
32980 211367 -362490 -522349
841799 -936178 701735 -283242
-285461 396300 701735 -283242
769802 -155507 -284496 283526
759489 458201 204968 -832246
-764607 768921 -284496 283526
-764607 768921 897828 803834
-93147 16612 162711 476775
897828 803834 -284496 283526
759489 458201 897828 803834
-30400 -441656 -313577 -953275
841799 -936178 -266804 -643666
56272 560243 204968 -832246
897828 803834 -285461 396300
-30400 -441656 553435 -796153
21682 704201 769802 -155507
-313577 -953275 -285461 396300
100
772169 -302054 -167474 212196
772169 -302054 238891 -146908
-167474 212196 -340437 -285162
772169 -302054 626071 510970
238891 -146908 132187 -102768
-340437 -285162 -151484 -319613
-151484 -319613 50987 629873
50987 629873 654448 756069
50987 629873 -340437 -285162
50987 629873 -167474 212196
626071 510970 -426195 -465540
-426195 -465540 814368 -301631
772169 -302054 -340437 -285162
132187 -102768 626071 510970
772169 -302054 657689 316014
654448 756069 657689 316014
132187 -102768 -92657 401904
132187 -102768 -417300 -435062
132187 -102768 -147596 309853
132187 -102768 654448 756069
238891 -146908 -15825 11609
132187 -102768 -263166 362910
626071 510970 -115039 87360
657689 316014 541228 -678753
-167474 212196 -151484 -319613
772169 -302054 -676368 -805997
238891 -146908 814368 -301631
-167474 212196 814368 -301631
654448 756069 -44180 303873
-676368 -805997 204216 -333287
772169 -302054 654448 756069
-426195 -465540 204216 -333287
626071 510970 -671861 494321
-263166 362910 772169 -302054
204216 -333287 201636 -428066
-44180 303873 949043 686757
204216 -333287 772169 -302054
-151484 -319613 204216 -333287
541228 -678753 -340437 -285162
814368 -301631 -15825 11609
-340437 -285162 238891 -146908
-671861 494321 654448 756069
-167474 212196 -263166 362910
-426195 -465540 -263166 362910
654448 756069 814368 -301631
-115039 87360 -167474 212196
-147596 309853 949043 686757
-671861 494321 132187 -102768
-671861 494321 -417300 -435062
-417300 -435062 772169 -302054
132187 -102768 297364 -995779
-44180 303873 772169 -302054
297364 -995779 -92657 401904
132187 -102768 -676368 -805997
814368 -301631 132187 -102768
-417300 -435062 201636 -428066
-671861 494321 -115039 87360
-417300 -435062 -167474 212196
-115039 87360 132187 -102768
204216 -333287 -671861 494321
-151484 -319613 654448 756069
204216 -333287 50987 629873
-151484 -319613 541228 -678753
772169 -302054 -147596 309853
626071 510970 -167474 212196
-44180 303873 297364 -995779
204216 -333287 654448 756069
-417300 -435062 -263166 362910
-676368 -805997 626071 510970
238891 -146908 297364 -995779
201636 -428066 132187 -102768
-115039 87360 -44180 303873
814368 -301631 -417300 -435062
-167474 212196 238891 -146908
-115039 87360 772169 -302054
814368 -301631 772169 -302054
-147596 309853 626071 510970
772169 -302054 541228 -678753
949043 686757 -115039 87360
-92657 401904 657689 316014
-676368 -805997 -337305 699516
-151484 -319613 -115039 87360
-263166 362910 -44180 303873
-15825 11609 949043 686757
-676368 -805997 -417300 -435062
204216 -333287 -337305 699516
-340437 -285162 -15825 11609
-426195 -465540 201636 -428066
50987 629873 -115039 87360
-167474 212196 297364 -995779
657689 316014 -147596 309853
949043 686757 132187 -102768
50987 629873 541228 -678753
541228 -678753 -263166 362910
-15825 11609 204216 -333287
-15825 11609 657689 316014
132187 -102768 541228 -678753
626071 510970 654448 756069
238891 -146908 -337305 699516
-115039 87360 -263166 362910
100
373041 326718 826987 499360
373041 326718 -472005 -642799
826987 499360 779386 224464
779386 224464 -472005 -642799
826987 499360 -329664 -192758
-472005 -642799 -3676 -541640
826987 499360 -19153 -933930
826987 499360 519127 899426
826987 499360 134597 -855866
-19153 -933930 865701 -83438
134597 -855866 -967135 -592426
-329664 -192758 -279756 -101611
-279756 -101611 928571 761324
-472005 -642799 826987 499360
519127 899426 -19153 -933930
373041 326718 -989138 -409340
134597 -855866 865701 -83438
-472005 -642799 983800 463905
-989138 -409340 -164631 -978103
928571 761324 826987 499360
519127 899426 -967135 -592426
-329664 -192758 -967135 -592426
865701 -83438 565947 -318194
-3676 -541640 928571 761324
983800 463905 373041 326718
779386 224464 -3676 -541640
983800 463905 -717081 -928342
-329664 -192758 -868854 765725
826987 499360 -532514 -54452
-868854 765725 779386 224464
-967135 -592426 565947 -318194
779386 224464 519127 899426
983800 463905 -532514 -54452
-19153 -933930 -66476 -894791
-532514 -54452 -164631 -978103
779386 224464 -532514 -54452
-279756 -101611 -19153 -933930
-532514 -54452 -279756 -101611
-329664 -192758 983800 463905
-3676 -541640 -868854 765725
134597 -855866 -329664 -192758
865701 -83438 -164631 -978103
-164631 -978103 519127 899426
-532514 -54452 -66476 -894791
-967135 -592426 -3676 -541640
373041 326718 -820445 400198
-989138 -409340 169042 -352117
983800 463905 169042 -352117
-19153 -933930 779386 224464
134597 -855866 928571 761324
865701 -83438 373041 326718
-472005 -642799 -967135 -592426
-3676 -541640 565947 -318194
519127 899426 -532514 -54452
-989138 -409340 446168 257322
519127 899426 928571 761324
-989138 -409340 983800 463905
-820445 400198 -472005 -642799
-164631 -978103 565947 -318194
779386 224464 134597 -855866
169042 -352117 519127 899426
-66476 -894791 -472005 -642799
-820445 400198 -989138 -409340
-868854 765725 -717081 -928342
928571 761324 865701 -83438
-279756 -101611 983800 463905
446168 257322 -164631 -978103
-472005 -642799 -164631 -978103
-532514 -54452 -989138 -409340
983800 463905 -3676 -541640
519127 899426 -717081 -928342
-66476 -894791 -868854 765725
983800 463905 134597 -855866
565947 -318194 779386 224464
-868854 765725 -820445 400198
169042 -352117 -472005 -642799
-868854 765725 -532514 -54452
-19153 -933930 -164631 -978103
-989138 -409340 -967135 -592426
-164631 -978103 -279756 -101611
-279756 -101611 865701 -83438
928571 761324 -717081 -928342
565947 -318194 928571 761324
-279756 -101611 373041 326718
373041 326718 -532514 -54452
-989138 -409340 -329664 -192758
-19153 -933930 -329664 -192758
134597 -855866 -279756 -101611
134597 -855866 519127 899426
-66476 -894791 -717081 -928342
-868854 765725 373041 326718
-66476 -894791 -279756 -101611
-820445 400198 -164631 -978103
446168 257322 865701 -83438
-820445 400198 446168 257322
-66476 -894791 661747 -928377
865701 -83438 -989138 -409340
779386 224464 -967135 -592426
-329664 -192758 865701 -83438
134597 -855866 -164631 -978103
100
614738 380193 -452882 -862839
614738 380193 152752 285357
614738 380193 744376 -470615
744376 -470615 528265 463925
152752 285357 324253 470975
-452882 -862839 -870095 -5862
152752 285357 994197 -929955
994197 -929955 178439 -79979
-870095 -5862 -197791 -135703
152752 285357 -452882 -862839
614738 380193 170239 604234
528265 463925 -85317 -105173
528265 463925 666950 -967370
994197 -929955 -197791 -135703
-870095 -5862 152752 285357
178439 -79979 528265 463925
994197 -929955 -85317 -105173
614738 380193 666950 -967370
528265 463925 -101613 726180
178439 -79979 -85317 -105173
528265 463925 -70638 -595569
528265 463925 994197 -929955
324253 470975 -749727 -191849
614738 380193 -870095 -5862
666950 -967370 404942 -213571
-197791 -135703 -669050 -49799
528265 463925 -468951 -182871
152752 285357 443635 -423766
-669050 -49799 -468951 -182871
666950 -967370 -252136 -565256
-452882 -862839 994197 -929955
170239 604234 -197791 -135703
666950 -967370 744376 -470615
-669050 -49799 178439 -79979
-197791 -135703 443635 -423766
994197 -929955 -70638 -595569
324253 470975 16602 195157
-669050 -49799 994197 -929955
-468951 -182871 539595 182686
-749727 -191849 528265 463925
404942 -213571 614738 380193
-101613 726180 122632 900780
-101613 726180 994197 -929955
324253 470975 528265 463925
-870095 -5862 539595 182686
404942 -213571 135139 403022
-85317 -105173 324253 470975
135139 403022 -749727 -191849
-252136 -565256 -197791 -135703
122632 900780 994197 -929955
-468951 -182871 -197791 -135703
-101613 726180 152752 285357
152752 285357 16602 195157
-468951 -182871 994197 -929955
614738 380193 -70638 -595569
-252136 -565256 -749727 -191849
-101613 726180 950904 60777
178439 -79979 -468951 -182871
-870095 -5862 -669050 -49799
443635 -423766 -870095 -5862
122632 900780 744376 -470615
950904 60777 -870095 -5862
170239 604234 539595 182686
-452882 -862839 324253 470975
950904 60777 443635 -423766
-70638 -595569 443635 -423766
324253 470975 178439 -79979
-101613 726180 170239 604234
-70638 -595569 -669050 -49799
-749727 -191849 347025 219459
170239 604234 324253 470975
950904 60777 152752 285357
152752 285357 135139 403022
539595 182686 -326304 174587
443635 -423766 539595 182686
744376 -470615 -452882 -862839
135139 403022 -870095 -5862
-749727 -191849 404942 -213571
539595 182686 122632 900780
404942 -213571 -101613 726180
152752 285357 404942 -213571
950904 60777 744376 -470615
539595 182686 -749727 -191849
528265 463925 950904 60777
614738 380193 -749727 -191849
324253 470975 404942 -213571
152752 285357 -70638 -595569
-452882 -862839 -70638 -595569
135139 403022 -669050 -49799
170239 604234 152752 285357
-669050 -49799 -101613 726180
-326304 174587 -70638 -595569
-197791 -135703 122632 900780
994197 -929955 950904 60777
-101613 726180 135139 403022
324253 470975 -70638 -595569
-197791 -135703 -749727 -191849
-326304 174587 122632 900780
-749727 -191849 666950 -967370
-70638 -595569 950904 60777
100
-798895 -102929 -303414 399825
-798895 -102929 215485 720783
215485 720783 158272 538753
158272 538753 -303414 399825
-798895 -102929 -243925 253160
215485 720783 203516 600637
203516 600637 506736 -378717
-303414 399825 19753 -900949
19753 -900949 -188093 -186749
158272 538753 506736 -378717
-188093 -186749 203516 600637
-243925 253160 491043 -741614
491043 -741614 562185 859005
158272 538753 491043 -741614
562185 859005 209153 187644
203516 600637 -162891 520199
209153 187644 -165112 673809
203516 600637 -244301 847805
-798895 -102929 146360 -102436
-162891 520199 -798895 -102929
-165112 673809 -201005 -94215
203516 600637 912702 641432
203516 600637 -602050 833053
562185 859005 -244301 847805
-162891 520199 209153 187644
-162891 520199 491043 -741614
-244301 847805 -476062 -816027
215485 720783 -786300 -621075
-201005 -94215 506736 -378717
-201005 -94215 -244301 847805
146360 -102436 -339935 899041
-339935 899041 -243925 253160
-602050 833053 -188093 -186749
-201005 -94215 -476062 -816027
491043 -741614 -798895 -102929
-303414 399825 146360 -102436
215485 720783 -75699 -143550
-243925 253160 -385154 885842
-201005 -94215 209153 187644
215485 720783 203237 273886
506736 -378717 215485 720783
912702 641432 -828401 -896399
158272 538753 -188093 -186749
-786300 -621075 -828401 -896399
-602050 833053 158272 538753
-339935 899041 562185 859005
562185 859005 -201005 -94215
-798895 -102929 -345018 827429
-385154 885842 -165112 673809
491043 -741614 -244301 847805
912702 641432 -243925 253160
-303414 399825 -162891 520199
146360 -102436 969323 894160
-828401 -896399 -75699 -143550
-345018 827429 -786300 -621075
209153 187644 -476062 -816027
-244301 847805 912702 641432
-201005 -94215 215485 720783
-339935 899041 -476062 -816027
158272 538753 209153 187644
-798895 -102929 -476062 -816027
-385154 885842 -201005 -94215
-786300 -621075 -339935 899041
-476062 -816027 -345018 827429
-244301 847805 -165112 673809
-385154 885842 -798895 -102929
-476062 -816027 203237 273886
-345018 827429 969323 894160
-188093 -186749 -345018 827429
-828401 -896399 203516 600637
-339935 899041 -75699 -143550
-243925 253160 -602050 833053
969323 894160 -243925 253160
912702 641432 146360 -102436
203516 600637 94976 -998031
94976 -998031 -602050 833053
-345018 827429 491043 -741614
-339935 899041 -828401 -896399
-201005 -94215 -339935 899041
146360 -102436 -75699 -143550
969323 894160 -798895 -102929
562185 859005 912702 641432
491043 -741614 -476062 -816027
-602050 833053 -339935 899041
-476062 -816027 -786300 -621075
215485 720783 -345018 827429
-243925 253160 158272 538753
94976 -998031 209153 187644
-244301 847805 158272 538753
562185 859005 -303414 399825
203237 273886 -243925 253160
-828401 -896399 843753 101120
-798895 -102929 -786300 -621075
-75699 -143550 203516 600637
506736 -378717 209153 187644
-786300 -621075 -602050 833053
-828401 -896399 -476062 -816027
-188093 -186749 94976 -998031
843753 101120 -786300 -621075
-476062 -816027 -602050 833053
