20
100
-268984 206332 -607591 -193966
-607591 -193966 -206333 -957747
-268984 206332 121391 -870073
-206333 -957747 635026 898642
635026 898642 437499 529216
121391 -870073 -76743 592087
-76743 592087 151188 559605
-206333 -957747 -418626 90268
-206333 -957747 -870673 -401375
437499 529216 -410365 438839
-418626 90268 995192 -693214
-607591 -193966 -563236 636117
-268984 206332 -206333 -957747
-563236 636117 -426763 300017
-607591 -193966 -665936 -132884
437499 529216 -607591 -193966
635026 898642 -870673 -401375
-870673 -401375 -219084 437722
-410365 438839 -246139 88120
-870673 -401375 121391 -870073
121391 -870073 430171 -609798
-607591 -193966 -219084 437722
-665936 -132884 483863 201858
430171 -609798 704303 -756386
-563236 636117 140557 -599968
-563236 636117 -206333 -957747
121391 -870073 704303 -756386
995192 -693214 -76743 592087
995192 -693214 151188 559605
-206333 -957747 -665936 -132884
430171 -609798 -696994 -126622
704303 -756386 437499 529216
-219084 437722 -335460 102512
-246139 88120 151188 559605
995192 -693214 -410365 438839
-607591 -193966 -696994 -126622
-268984 206332 -457068 737907
635026 898642 732174 44411
-870673 -401375 -335460 102512
430171 -609798 151188 559605
151188 559605 -426763 300017
-426763 300017 -962660 -365625
-268984 206332 -219084 437722
-426763 300017 -206333 -957747
-962660 -365625 437499 529216
-696994 -126622 437499 529216
704303 -756386 -219084 437722
-457068 737907 -162227 -335039
483863 201858 -418626 90268
483863 201858 -268984 206332
732174 44411 -268984 206332
-563236 636117 -418626 90268
483863 201858 -410365 438839
-457068 737907 995192 -693214
995192 -693214 -426763 300017
483863 201858 -962660 -365625
-206333 -957747 995192 -693214
-335460 102512 -206333 -957747
-418626 90268 -899076 848251
121391 -870073 -899076 848251
-335460 102512 121391 -870073
-206333 -957747 483863 201858
-410365 438839 635301 489929
-335460 102512 -76743 592087
995192 -693214 -335460 102512
-219084 437722 635026 898642
-246139 88120 995192 -693214
635301 489929 -962660 -365625
635301 489929 -607591 -193966
-246139 88120 704303 -756386
-426763 300017 -410365 438839
635301 489929 -696994 -126622
-696994 -126622 -870673 -401375
-76743 592087 -219084 437722
151188 559605 704303 -756386
-607591 -193966 -962660 -365625
-335460 102512 -665936 -132884
-899076 848251 704303 -756386
437499 529216 -665936 -132884
-162227 -335039 -962660 -365625
732174 44411 437499 529216
151188 559605 437499 529216
-962660 -365625 -219084 437722
-899076 848251 635301 489929
-696994 -126622 -426763 300017
-219084 437722 -899076 848251
151188 559605 -563236 636117
-219084 437722 -418626 90268
-457068 737907 430171 -609798
-246139 88120 -268984 206332
-162227 -335039 437499 529216
-426763 300017 635026 898642
-219084 437722 -410365 438839
-665936 -132884 -76743 592087
-335460 102512 635026 898642
-335460 102512 -607591 -193966
995192 -693214 635026 898642
-899076 848251 732174 44411
635026 898642 151188 559605
140557 -599968 732174 44411
100
-764697 528165 -47585 684750
-764697 528165 -231431 987609
-47585 684750 296850 738017
296850 738017 -955435 -328403
-955435 -328403 -459072 -143681
-955435 -328403 -96819 673023
-96819 673023 808372 247137
-96819 673023 -394254 -435467
-955435 -328403 -791204 702050
296850 738017 -231431 987609
-791204 702050 964102 108128
808372 247137 -231431 987609
-96819 673023 600289 868938
296850 738017 -999389 404328
-999389 404328 738029 485856
-791204 702050 -95463 369650
808372 247137 -955435 -328403
-459072 -143681 -449104 678028
-449104 678028 -764697 528165
-764697 528165 -791204 702050
-999389 404328 -400851 99635
-791204 702050 628427 -881439
-999389 404328 -47585 684750
808372 247137 -449104 678028
-47585 684750 682820 -890235
-459072 -143681 687261 -101971
-999389 404328 -719972 164519
-764697 528165 808372 247137
628427 -881439 296850 738017
-394254 -435467 687261 -101971
-394254 -435467 -400851 99635
682820 -890235 -791204 702050
296850 738017 -719972 164519
296850 738017 910650 -804274
-764697 528165 -394254 -435467
-231431 987609 738029 485856
738029 485856 -955435 -328403
-955435 -328403 -400851 99635
600289 868938 964102 108128
296850 738017 442628 10279
-955435 -328403 -811017 320526
964102 108128 -394254 -435467
964102 108128 -25431 584438
910650 -804274 -999389 404328
-719972 164519 717181 -245522
682820 -890235 -234018 565953
-764697 528165 -811017 320526
-234018 565953 964102 108128
-999389 404328 -234018 565953
628427 -881439 -811017 320526
-449104 678028 600289 868938
-449104 678028 964102 108128
-791204 702050 808372 247137
687261 -101971 -95463 369650
-400851 99635 687261 -101971
-96819 673023 321683 -998054
-96819 673023 861245 -991476
-95463 369650 -234018 565953
321683 -998054 -699421 -177444
682820 -890235 -449104 678028
628427 -881439 682820 -890235
296850 738017 -764697 528165
861245 -991476 -25431 584438
-811017 320526 600289 868938
738029 485856 -394254 -435467
-400851 99635 -234018 565953
628427 -881439 -699421 -177444
-999389 404328 -459072 -143681
861245 -991476 -999389 404328
-400851 99635 -772423 -318101
-231431 987609 -772423 -318101
-811017 320526 717181 -245522
600289 868938 -719972 164519
442628 10279 -772423 -318101
-96819 673023 -719972 164519
-25431 584438 -400851 99635
-96819 673023 628427 -881439
-811017 320526 910650 -804274
-449104 678028 628427 -881439
964102 108128 -699421 -177444
296850 738017 738029 485856
808372 247137 442628 10279
-234018 565953 717181 -245522
682820 -890235 -999389 404328
-449104 678028 -791204 702050
-95463 369650 682820 -890235
-719972 164519 -231431 987609
-25431 584438 -459072 -143681
-999389 404328 -955435 -328403
600289 868938 -95463 369650
-764697 528165 321683 -998054
-47585 684750 687261 -101971
628427 -881439 -25431 584438
-791204 702050 -96819 673023
-811017 320526 -96819 673023
687261 -101971 296850 738017
682820 -890235 -955435 -328403
-791204 702050 717181 -245522
-791204 702050 910650 -804274
808372 247137 -772423 -318101
100
-459954 -762366 727335 -669356
727335 -669356 157613 229686
157613 229686 -526181 911913
-459954 -762366 239367 -344575
-526181 911913 918252 -438870
-526181 911913 727335 -669356
239367 -344575 -360805 880061
-459954 -762366 440945 322592
727335 -669356 918252 -438870
157613 229686 -510029 28127
-360805 880061 -981449 -671482
918252 -438870 -981449 -671482
-981449 -671482 510355 197553
918252 -438870 440945 322592
-459954 -762366 -526181 911913
440945 322592 239367 -344575
510355 197553 -654281 -962844
-526181 911913 67204 466627
239367 -344575 -793559 -541744
440945 322592 565255 864495
-793559 -541744 -981449 -671482
-654281 -962844 -526181 911913
-459954 -762366 67204 466627
-459954 -762366 918252 -438870
-459954 -762366 330494 -340586
918252 -438870 565255 864495
-793559 -541744 440945 322592
727335 -669356 235249 -752306
-526181 911913 565255 864495
918252 -438870 510355 197553
-360805 880061 -654281 -962844
-510029 28127 -459954 -762366
-981449 -671482 -510029 28127
-360805 880061 -510029 28127
565255 864495 -510029 28127
727335 -669356 -582952 769224
67204 466627 565255 864495
-582952 769224 565255 864495
510355 197553 -506775 -446014
727335 -669356 -640218 -990684
918252 -438870 67204 466627
-981449 -671482 -582952 769224
-360805 880061 510355 197553
235249 -752306 -506775 -446014
-510029 28127 310570 -836778
235249 -752306 -459954 -762366
235249 -752306 -640218 -990684
510355 197553 -459954 -762366
235249 -752306 755658 -32980
-654281 -962844 -510029 28127
157613 229686 -654281 -962844
235249 -752306 91556 -593122
-981449 -671482 565255 864495
-506775 -446014 -582952 769224
67204 466627 510355 197553
239367 -344575 -506775 -446014
157613 229686 -506775 -446014
310570 -836778 239367 -344575
157613 229686 918252 -438870
-360805 880061 310570 -836778
440945 322592 -526181 911913
235249 -752306 -981449 -671482
91556 -593122 -510029 28127
-981449 -671482 440945 322592
-793559 -541744 565255 864495
-360805 880061 -929138 -528189
-654281 -962844 -506775 -446014
157613 229686 -360805 880061
-582952 769224 -654281 -962844
-506775 -446014 727335 -669356
91556 -593122 -640218 -990684
-510029 28127 -582952 769224
67204 466627 727335 -669356
330494 -340586 -582952 769224
440945 322592 755658 -32980
510355 197553 157613 229686
91556 -593122 440945 322592
-459954 -762366 -640218 -990684
510355 197553 727335 -669356
-526181 911913 239367 -344575
755658 -32980 -582952 769224
-360805 880061 91556 -593122
-640218 -990684 918252 -438870
67204 466627 -506775 -446014
239367 -344575 755658 -32980
-459954 -762366 91556 -593122
755658 -32980 918252 -438870
157613 229686 67204 466627
239367 -344575 -929138 -528189
310570 -836778 330494 -340586
-506775 -446014 -640218 -990684
310570 -836778 -654281 -962844
-929138 -528189 235249 -752306
330494 -340586 239367 -344575
-459954 -762366 310570 -836778
235249 -752306 565255 864495
440945 322592 510355 197553
-640218 -990684 755658 -32980
310570 -836778 727335 -669356
440945 322592 67204 466627
100
-803245 -972298 -655550 -915113
-655550 -915113 296953 648357
-655550 -915113 637992 -541460
637992 -541460 87121 279733
87121 279733 -279889 -150766
-803245 -972298 -123334 900940
-279889 -150766 -128898 581801
-279889 -150766 -399760 557107
-123334 900940 466561 221320
-803245 -972298 -795086 -176555
-399760 557107 637992 -541460
296953 648357 943947 272523
-795086 -176555 466561 221320
-803245 -972298 143350 523701
87121 279733 -655550 -915113
-128898 581801 -123334 900940
-803245 -972298 -279889 -150766
-655550 -915113 143350 523701
-128898 581801 143350 523701
943947 272523 -925195 -678916
637992 -541460 -803245 -972298
-795086 -176555 -950345 -967722
466561 221320 143350 523701
-950345 -967722 207811 334097
-925195 -678916 -563724 -723967
143350 523701 -950345 -967722
637992 -541460 466561 221320
296953 648357 488927 -67181
-399760 557107 943947 272523
143350 523701 207811 334097
488927 -67181 -742985 -944445
207811 334097 943947 272523
-795086 -176555 296953 648357
488927 -67181 -863899 -634081
-950345 -967722 -128898 581801
637992 -541460 -950345 -967722
207811 334097 -803245 -972298
-123334 900940 143350 523701
-655550 -915113 -795086 -176555
-655550 -915113 497412 -758158
-803245 -972298 -563724 -723967
87121 279733 -950345 -967722
207811 334097 -399760 557107
-399760 557107 192282 815241
-795086 -176555 143350 523701
-123334 900940 -655550 -915113
-128898 581801 596910 -484643
497412 -758158 -123334 900940
143350 523701 87121 279733
-123334 900940 -950345 -967722
-795086 -176555 488927 -67181
497412 -758158 -673060 468130
-863899 -634081 448161 -376821
-742985 -944445 87121 279733
207811 334097 -563724 -723967
497412 -758158 143350 523701
488927 -67181 -655550 -915113
-673060 468130 -128898 581801
-399760 557107 448161 -376821
943947 272523 -742985 -944445
-950345 -967722 663749 305267
596910 -484643 -655550 -915113
296953 648357 -950345 -967722
637992 -541460 -279889 -150766
637992 -541460 663749 305267
-399760 557107 -925195 -678916
-673060 468130 -795086 -176555
296953 648357 -300548 466658
943947 272523 -795086 -176555
-128898 581801 448161 -376821
663749 305267 466561 221320
637992 -541460 488927 -67181
663749 305267 943947 272523
-863899 -634081 936190 908747
-300548 466658 207811 334097
637992 -541460 143350 523701
-563724 -723967 637992 -541460
-673060 468130 -655550 -915113
637992 -541460 -863899 -634081
-742985 -944445 448161 -376821
-925195 -678916 207811 334097
-795086 -176555 87121 279733
87121 279733 -925195 -678916
-300548 466658 637992 -541460
-950345 -967722 -863899 -634081
497412 -758158 -128898 581801
466561 221320 -399760 557107
488927 -67181 -204828 609076
143350 523701 -279889 -150766
448161 -376821 296953 648357
-279889 -150766 936190 908747
-803245 -972298 -950345 -967722
497412 -758158 663749 305267
-300548 466658 488927 -67181
143350 523701 -300548 466658
596910 -484643 -742985 -944445
207811 334097 -128898 581801
-300548 466658 -863899 -634081
637992 -541460 936190 908747
448161 -376821 -655550 -915113
100
283493 -671256 781116 -649504
781116 -649504 554597 714168
283493 -671256 -873276 881816
781116 -649504 80258 115299
283493 -671256 834097 -727011
80258 115299 166138 -520771
781116 -649504 -332685 -200937
-332685 -200937 -167762 711897
80258 115299 112905 -732351
-167762 711897 -303203 406984
166138 -520771 781116 -649504
554597 714168 697452 -731817
-332685 -200937 874451 -11346
112905 -732351 -688527 860075
554597 714168 545291 -613422
-303203 406984 283493 -671256
-873276 881816 -426004 353205
-873276 881816 876945 470959
834097 -727011 -159421 -395577
-167762 711897 385063 -430030
545291 -613422 283493 -671256
781116 -649504 545291 -613422
545291 -613422 -405531 -223898
283493 -671256 -405531 -223898
385063 -430030 -405531 -223898
874451 -11346 -426004 353205
-426004 353205 385063 -430030
166138 -520771 697452 -731817
-688527 860075 874451 -11346
166138 -520771 756839 997672
112905 -732351 166138 -520771
283493 -671256 876945 470959
554597 714168 -405531 -223898
-167762 711897 -688527 860075
834097 -727011 -567690 -190192
876945 470959 -159421 -395577
-159421 -395577 166138 -520771
-167762 711897 -873276 881816
80258 115299 -405531 -223898
756839 997672 112905 -732351
-159421 -395577 874451 -11346
385063 -430030 -688527 860075
697452 -731817 112905 -732351
-426004 353205 -159421 -395577
545291 -613422 -303203 406984
-332685 -200937 554597 714168
80258 115299 876945 470959
756839 997672 682012 413556
-873276 881816 874451 -11346
-303203 406984 -688527 860075
697452 -731817 756839 997672
112905 -732351 -873276 881816
385063 -430030 -754861 -660076
-405531 -223898 -303203 406984
-303203 406984 -159421 -395577
-688527 860075 -754861 -660076
697452 -731817 781116 -649504
554597 714168 283493 -671256
756839 997672 -303203 406984
-426004 353205 -167762 711897
545291 -613422 166138 -520771
-688527 860075 -873276 881816
545291 -613422 -688527 860075
834097 -727011 385063 -430030
80258 115299 746420 73302
554597 714168 756839 997672
-426004 353205 746420 73302
876945 470959 -303203 406984
545291 -613422 -567690 -190192
385063 -430030 -332685 -200937
682012 413556 697452 -731817
-873276 881816 756839 997672
874451 -11346 385063 -430030
-688527 860075 -426004 353205
756839 997672 283493 -671256
874451 -11346 876945 470959
-332685 -200937 876945 470959
781116 -649504 746420 73302
385063 -430030 545291 -613422
-567690 -190192 746420 73302
-754861 -660076 -426004 353205
-754861 -660076 283493 -671256
554597 714168 385063 -430030
545291 -613422 -456258 684364
-332685 -200937 112905 -732351
-159421 -395577 385063 -430030
-754861 -660076 -167762 711897
-567690 -190192 -754861 -660076
80258 115299 -303203 406984
876945 470959 834097 -727011
756839 997672 -426004 353205
876945 470959 682012 413556
-873276 881816 -332685 -200937
-754861 -660076 682012 413556
-159421 -395577 781116 -649504
876945 470959 -456258 684364
-873276 881816 -456258 684364
385063 -430030 166138 -520771
-754861 -660076 -405531 -223898
-456258 684364 781116 -649504
100
-819349 -604712 150447 -542435
150447 -542435 656129 817665
150447 -542435 -640043 406797
-640043 406797 -474507 754845
150447 -542435 -740255 -58481
-740255 -58481 -640043 406797
-474507 754845 292620 -758495
292620 -758495 -648801 841838
-740255 -58481 126337 964156
-648801 841838 497759 -83493
292620 -758495 -640043 406797
-640043 406797 907464 -799594
907464 -799594 -474507 754845
-648801 841838 -474507 754845
150447 -542435 516195 472420
126337 964156 -64007 48652
-648801 841838 656129 817665
656129 817665 994285 27359
150447 -542435 -64007 48652
-640043 406797 795211 -929462
516195 472420 -867630 235313
907464 -799594 -228685 -166939
150447 -542435 822123 216902
-640043 406797 -113615 934767
150447 -542435 -470571 334359
497759 -83493 805042 -291889
292620 -758495 126337 964156
994285 27359 805042 -291889
-474507 754845 875174 257212
150447 -542435 736407 -216472
805042 -291889 -64007 48652
-640043 406797 822123 216902
-470571 334359 -113615 934767
822123 216902 -64007 48652
-867630 235313 -228685 -166939
994285 27359 292620 -758495
875174 257212 994285 27359
-819349 -604712 752707 579730
736407 -216472 656129 817665
-648801 841838 -640043 406797
-470571 334359 994285 27359
907464 -799594 126337 964156
-64007 48652 -474507 754845
-640043 406797 -593122 -168760
-867630 235313 752707 579730
-648801 841838 805042 -291889
126337 964156 -819349 -604712
-648801 841838 -228685 -166939
-867630 235313 -361033 269803
-648801 841838 904021 30376
875174 257212 805042 -291889
805042 -291889 822123 216902
907464 -799594 805042 -291889
-819349 -604712 -470571 334359
907464 -799594 -867630 235313
795211 -929462 904021 30376
-740255 -58481 904021 30376
822123 216902 126337 964156
150447 -542435 994285 27359
795211 -929462 -867630 235313
-740255 -58481 656129 817665
-228685 -166939 875174 257212
150447 -542435 458021 308020
497759 -83493 -867630 235313
-593122 -168760 904021 30376
994285 27359 -819349 -604712
-361033 269803 -740255 -58481
-361033 269803 292620 -758495
-740255 -58481 458021 308020
904021 30376 -640043 406797
126337 964156 150447 -542435
875174 257212 907464 -799594
-867630 235313 150447 -542435
656129 817665 -867630 235313
292620 -758495 497759 -83493
497759 -83493 907464 -799594
-228685 -166939 -361033 269803
-64007 48652 994285 27359
656129 817665 904021 30376
-648801 841838 907464 -799594
656129 817665 516195 472420
805042 -291889 -819349 -604712
458021 308020 -819349 -604712
994285 27359 -361033 269803
904021 30376 -361033 269803
875174 257212 -361033 269803
907464 -799594 292620 -758495
736407 -216472 822123 216902
656129 817665 -470571 334359
-648801 841838 822123 216902
516195 472420 -113615 934767
736407 -216472 -64007 48652
-361033 269803 150447 -542435
-867630 235313 -593122 -168760
822123 216902 -474507 754845
292620 -758495 752707 579730
904021 30376 126337 964156
-648801 841838 994285 27359
-470571 334359 292620 -758495
-819349 -604712 292620 -758495
100
-529345 498738 -939465 243004
-939465 243004 180177 940127
180177 940127 488740 27859
-529345 498738 180177 940127
180177 940127 381082 -375365
-939465 243004 -598535 -615237
381082 -375365 -791324 -339570
180177 940127 -791324 -339570
381082 -375365 488740 27859
-529345 498738 -378003 -600825
-529345 498738 -271161 41034
180177 940127 -161979 -337434
-939465 243004 -198114 197042
-378003 -600825 -325728 21069
-161979 -337434 596217 -466521
-271161 41034 -598535 -615237
596217 -466521 381082 -375365
-198114 197042 381082 -375365
-271161 41034 381082 -375365
180177 940127 -198114 197042
-198114 197042 -271161 41034
-271161 41034 -744470 -937677
488740 27859 -295077 -768519
488740 27859 -598535 -615237
-198114 197042 738326 -989531
-161979 -337434 844242 -154047
-939465 243004 -907015 -374923
488740 27859 -652000 -812697
-198114 197042 -652000 -812697
-378003 -600825 613269 229583
-271161 41034 -652000 -812697
-907015 -374923 -660299 674672
-652000 -812697 381082 -375365
381082 -375365 -167486 -878229
-167486 -878229 844242 -154047
-167486 -878229 -744470 -937677
-271161 41034 -660299 674672
738326 -989531 -378003 -600825
-167486 -878229 738326 -989531
381082 -375365 -378003 -600825
-660299 674672 -598535 -615237
-598535 -615237 -378150 378014
-652000 -812697 613269 229583
738326 -989531 -161979 -337434
-791324 -339570 613269 229583
-598535 -615237 381082 -375365
-939465 243004 -791324 -339570
-652000 -812697 613837 905725
-660299 674672 -744470 -937677
-660299 674672 -378003 -600825
-295077 -768519 596217 -466521
613269 229583 -271161 41034
-378150 378014 -295077 -768519
844242 -154047 -744470 -937677
-161979 -337434 -325728 21069
-167486 -878229 -114062 -809979
-378150 378014 -493707 937172
613837 905725 488740 27859
738326 -989531 -939465 243004
738326 -989531 -325728 21069
-744470 -937677 -529345 498738
-652000 -812697 -791324 -339570
-791324 -339570 -598535 -615237
-167486 -878229 180177 940127
381082 -375365 738326 -989531
-378003 -600825 -791324 -339570
613837 905725 -429061 120977
-167486 -878229 -907015 -374923
596217 -466521 738326 -989531
180177 940127 -378003 -600825
-271161 41034 -939465 243004
613269 229583 -529345 498738
-167486 -878229 613837 905725
596217 -466521 -429061 120977
-378003 -600825 613837 905725
844242 -154047 -660299 674672
-271161 41034 -161979 -337434
-598535 -615237 613837 905725
-598535 -615237 -167486 -878229
-529345 498738 -325728 21069
596217 -466521 -271161 41034
-325728 21069 -429061 120977
-295077 -768519 -167486 -878229
844242 -154047 -325728 21069
-378003 -600825 844242 -154047
-114062 -809979 844242 -154047
613269 229583 -198114 197042
-493707 937172 -198114 197042
-295077 -768519 -198114 197042
-378150 378014 -791324 -339570
-378003 -600825 -939465 243004
-161979 -337434 -378003 -600825
-907015 -374923 -652000 -812697
-744470 -937677 381082 -375365
613269 229583 -378150 378014
-198114 197042 -598535 -615237
180177 940127 -598535 -615237
-939465 243004 844242 -154047
613837 905725 -114062 -809979
-744470 -937677 596217 -466521
100
528562 338567 -316992 -67433
528562 338567 -487033 616400
-316992 -67433 -923375 291344
528562 338567 978966 453892
-487033 616400 164884 -243318
-316992 -67433 -81975 -333280
978966 453892 -678266 589312
-316992 -67433 588513 852858
-81975 -333280 978966 453892
-487033 616400 501313 378119
-678266 589312 72206 -197827
-678266 589312 609991 467510
164884 -243318 978966 453892
164884 -243318 -150807 642441
72206 -197827 978966 453892
-316992 -67433 -566382 245031
164884 -243318 328506 -962888
501313 378119 588513 852858
-81975 -333280 927395 739743
-678266 589312 -948914 95824
-566382 245031 983028 -261227
588513 852858 -566382 245031
328506 -962888 927395 739743
528562 338567 164884 -243318
983028 -261227 -81975 -333280
-150807 642441 -923375 291344
-150807 642441 -948914 95824
983028 -261227 978966 453892
-923375 291344 336341 -248752
72206 -197827 336341 -248752
978966 453892 -948914 95824
983028 -261227 336341 -248752
-948914 95824 655973 -847678
501313 378119 617745 -229821
501313 378119 328506 -962888
328506 -962888 -948914 95824
-487033 616400 588513 852858
609991 467510 655973 -847678
-923375 291344 528562 338567
336341 -248752 655973 -847678
983028 -261227 -864702 -129691
927395 739743 -150807 642441
617745 -229821 -487033 616400
609991 467510 336341 -248752
-864702 -129691 -566382 245031
328506 -962888 983028 -261227
978966 453892 927395 739743
-566382 245031 978966 453892
978966 453892 905353 797681
588513 852858 -678266 589312
609991 467510 377137 799644
655973 -847678 -566382 245031
377137 799644 -923375 291344
927395 739743 -316992 -67433
-678266 589312 336341 -248752
588513 852858 978966 453892
609991 467510 978966 453892
609991 467510 -566382 245031
617745 -229821 328506 -962888
609991 467510 -81975 -333280
905353 797681 528562 338567
617745 -229821 -566382 245031
-566382 245031 927395 739743
927395 739743 501313 378119
336341 -248752 -566382 245031
528562 338567 -150807 642441
655973 -847678 528562 338567
905353 797681 -566382 245031
501313 378119 905353 797681
-150807 642441 -678266 589312
-150807 642441 978966 453892
-948914 95824 -566382 245031
-864702 -129691 588513 852858
-316992 -67433 -678266 589312
-923375 291344 328506 -962888
336341 -248752 -150807 642441
501313 378119 377137 799644
-487033 616400 609991 467510
-81975 -333280 501313 378119
72206 -197827 927395 739743
-923375 291344 501313 378119
-81975 -333280 -487033 616400
328506 -962888 528562 338567
905353 797681 164884 -243318
-487033 616400 72206 -197827
377137 799644 164884 -243318
328506 -962888 -150807 642441
978966 453892 377137 799644
72206 -197827 164884 -243318
377137 799644 -316992 -67433
905353 797681 -948914 95824
72206 -197827 905353 797681
72206 -197827 -316992 -67433
927395 739743 617745 -229821
-150807 642441 -566382 245031
-864702 -129691 -150807 642441
-678266 589312 -487033 616400
655973 -847678 501313 378119
164884 -243318 588513 852858
-487033 616400 328506 -962888
100
904117 651822 -459446 -343138
-459446 -343138 -745224 156233
-459446 -343138 219020 496019
219020 496019 -210474 704530
904117 651822 -784433 -932602
904117 651822 792602 538526
792602 538526 -329296 -118497
792602 538526 67623 -547273
-329296 -118497 664790 347877
664790 347877 -210474 704530
-745224 156233 792602 538526
-329296 -118497 418839 -864428
-459446 -343138 -784433 -932602
-459446 -343138 721277 493587
-459446 -343138 67623 -547273
418839 -864428 792602 538526
-329296 -118497 -784433 -932602
792602 538526 -556801 -72554
664790 347877 150278 378643
-556801 -72554 -459446 -343138
904117 651822 531687 532948
150278 378643 531687 532948
-459446 -343138 -390760 234193
-210474 704530 531687 532948
-784433 -932602 903396 977055
904117 651822 418839 -864428
903396 977055 418839 -864428
-329296 -118497 -556801 -72554
-556801 -72554 -210474 704530
-329296 -118497 -993203 419834
904117 651822 393057 -341195
792602 538526 -993203 419834
-459446 -343138 588987 986437
67623 -547273 760667 77382
-390760 234193 721277 493587
904117 651822 -329296 -118497
-784433 -932602 -821945 -905225
219020 496019 664790 347877
418839 -864428 -821945 -905225
-329296 -118497 -802874 -438368
904117 651822 16599 338522
760667 77382 150278 378643
664790 347877 760667 77382
-784433 -932602 -745224 156233
904117 651822 -993203 419834
531687 532948 393057 -341195
903396 977055 225568 217394
664790 347877 -802874 -438368
-329296 -118497 -821945 -905225
588987 986437 150278 378643
721277 493587 792602 538526
792602 538526 -784433 -932602
760667 77382 -784433 -932602
16599 338522 -141625 496799
-329296 -118497 150278 378643
760667 77382 -766031 676186
225568 217394 -766031 676186
-993203 419834 -837113 -868825
-556801 -72554 -766031 676186
219020 496019 -556801 -72554
-821945 -905225 -993203 419834
225568 217394 -141625 496799
-837113 -868825 883327 918828
-802874 -438368 -845008 -532198
16599 338522 67623 -547273
760667 77382 -459446 -343138
418839 -864428 721277 493587
792602 538526 -210474 704530
67623 -547273 -210474 704530
-802874 -438368 143849 724603
531687 532948 -845008 -532198
-784433 -932602 219020 496019
-993203 419834 67623 -547273
-459446 -343138 143849 724603
225568 217394 -745224 156233
-745224 156233 -556801 -72554
143849 724603 -845008 -532198
792602 538526 664790 347877
531687 532948 418839 -864428
-784433 -932602 16599 338522
588987 986437 904117 651822
-802874 -438368 904117 651822
903396 977055 -329296 -118497
-993203 419834 -745224 156233
219020 496019 225568 217394
531687 532948 588987 986437
883327 918828 904117 651822
903396 977055 -556801 -72554
760667 77382 225568 217394
225568 217394 418839 -864428
792602 538526 -837113 -868825
-390760 234193 67623 -547273
16599 338522 393057 -341195
225568 217394 -556801 -72554
67623 -547273 904117 651822
-766031 676186 -802874 -438368
-141625 496799 531687 532948
904117 651822 225568 217394
883327 918828 225568 217394
531687 532948 67623 -547273
100
-988447 -654150 510858 -657900
510858 -657900 732246 968997
-988447 -654150 493605 -356400
732246 968997 71034 -883818
71034 -883818 -350883 761986
-988447 -654150 -723954 -336394
493605 -356400 633131 334486
510858 -657900 -733945 736654
633131 334486 -988447 -654150
-723954 -336394 344209 -4577
633131 334486 684345 -744683
-350883 761986 732246 968997
-350883 761986 493605 -356400
-350883 761986 -974360 752296
-988447 -654150 654895 251214
493605 -356400 693386 -30700
654895 251214 -159964 -608057
-733945 736654 -918668 956265
493605 -356400 71262 967580
71034 -883818 684345 -744683
-974360 752296 693386 -30700
-918668 956265 71262 967580
633131 334486 188693 -626161
-350883 761986 907154 -523570
633131 334486 732246 968997
-974360 752296 -918668 956265
693386 -30700 -918668 956265
-974360 752296 71262 967580
344209 -4577 663204 999673
344209 -4577 164842 703851
493605 -356400 -974360 752296
684345 -744683 654895 251214
71262 967580 -159964 -608057
-159964 -608057 -350883 761986
-733945 736654 344209 -4577
71034 -883818 -988447 -654150
510858 -657900 -786184 646655
188693 -626161 344209 -4577
-350883 761986 188693 -626161
-350883 761986 293477 195594
293477 195594 -953487 -241891
633131 334486 663204 999673
293477 195594 -285358 -871180
693386 -30700 732246 968997
684345 -744683 -786184 646655
188693 -626161 693386 -30700
907154 -523570 633131 334486
188693 -626161 -172458 -964704
-953487 -241891 71034 -883818
-733945 736654 -172458 -964704
-285358 -871180 188693 -626161
-988447 -654150 663204 999673
71262 967580 164842 703851
-733945 736654 493605 -356400
-350883 761986 -285358 -871180
907154 -523570 -159964 -608057
663204 999673 71262 967580
-723954 -336394 188693 -626161
684345 -744683 -733945 736654
654895 251214 164842 703851
-786184 646655 -733945 736654
-285358 -871180 633131 334486
-918668 956265 633131 334486
633131 334486 344209 -4577
344209 -4577 684345 -744683
693386 -30700 71034 -883818
-974360 752296 -159964 -608057
-723954 -336394 293477 195594
71034 -883818 -918668 956265
188693 -626161 684345 -744683
-159964 -608057 -786184 646655
71034 -883818 188693 -626161
510858 -657900 -918668 956265
907154 -523570 -953487 -241891
71034 -883818 -974360 752296
-723954 -336394 -350883 761986
-953487 -241891 633131 334486
907154 -523570 -918668 956265
164842 703851 -953487 -241891
654895 251214 -786184 646655
-953487 -241891 71262 967580
-733945 736654 -159964 -608057
71034 -883818 -723954 -336394
71262 967580 907154 -523570
-988447 -654150 188693 -626161
344209 -4577 -918668 956265
732246 968997 493605 -356400
188693 -626161 663204 999673
293477 195594 732246 968997
654895 251214 188693 -626161
510858 -657900 -723954 -336394
-786184 646655 -350883 761986
732246 968997 -172458 -964704
293477 195594 188693 -626161
732246 968997 -285358 -871180
510858 -657900 -953487 -241891
-733945 736654 71034 -883818
-723954 -336394 164842 703851
-723954 -336394 654895 251214
71262 967580 -786184 646655
100
624676 269024 -77553 -27093
-77553 -27093 -460895 602340
624676 269024 214271 -368560
624676 269024 -136416 506197
214271 -368560 -864597 292867
624676 269024 -680237 -705875
-77553 -27093 -661110 -858933
-136416 506197 450875 872762
214271 -368560 -680237 -705875
-460895 602340 -864597 292867
214271 -368560 794765 762374
214271 -368560 -761610 738117
-864597 292867 450875 872762
-680237 -705875 -136416 506197
-661110 -858933 -224829 185564
-761610 738117 -136416 506197
624676 269024 605920 -769102
-77553 -27093 -808517 -430938
605920 -769102 -224829 185564
-864597 292867 837844 107213
-661110 -858933 434351 320145
450875 872762 -661110 -858933
434351 320145 -77553 -27093
-224829 185564 214271 -368560
434351 320145 -63622 656530
837844 107213 -442132 -604401
-442132 -604401 -77553 -27093
-661110 -858933 -525429 881754
794765 762374 26496 155792
605920 -769102 134367 -282666
-77553 -27093 214271 -368560
134367 -282666 425417 -515427
-442132 -604401 -224829 185564
-460895 602340 -55195 289747
605920 -769102 854837 -72592
-864597 292867 -442132 -604401
837844 107213 854837 -72592
794765 762374 -203894 -617641
-808517 -430938 134367 -282666
-808517 -430938 -224829 185564
-63622 656530 214271 -368560
425417 -515427 434351 320145
425417 -515427 398380 -280520
-136416 506197 794765 762374
425417 -515427 794765 762374
-442132 -604401 26496 155792
-864597 292867 -808517 -430938
-661110 -858933 -641639 635135
-641639 635135 -136416 506197
-136416 506197 837844 107213
837844 107213 214271 -368560
-55195 289747 -63622 656530
854837 -72592 -641639 635135
794765 762374 450875 872762
-808517 -430938 -63622 656530
-525429 881754 -808517 -430938
854837 -72592 -460895 602340
-77553 -27093 -369981 -870675
854837 -72592 -864597 292867
-661110 -858933 214271 -368560
-808517 -430938 434351 320145
-77553 -27093 425417 -515427
-661110 -858933 -369981 -870675
-808517 -430938 -658601 -192691
-203894 -617641 -63622 656530
-680237 -705875 -442132 -604401
624676 269024 398380 -280520
-658601 -192691 450875 872762
-203894 -617641 -525429 881754
-525429 881754 -680237 -705875
-77553 -27093 -136416 506197
-808517 -430938 -661110 -858933
398380 -280520 605920 -769102
-661110 -858933 -680237 -705875
-63622 656530 -680237 -705875
398380 -280520 -136416 506197
837844 107213 605920 -769102
-864597 292867 26496 155792
134367 -282666 624676 269024
-55195 289747 -203894 -617641
-369981 -870675 134367 -282666
-864597 292867 425417 -515427
-864597 292867 -63622 656530
-460895 602340 -661110 -858933
26496 155792 425417 -515427
-864597 292867 -680237 -705875
-641639 635135 -77553 -27093
134367 -282666 -55195 289747
-761610 738117 -369981 -870675
-761610 738117 434351 320145
-369981 -870675 794765 762374
214271 -368560 134367 -282666
450875 872762 26496 155792
-224829 185564 -77553 -27093
624676 269024 -761610 738117
-460895 602340 -525429 881754
-658601 -192691 837844 107213
624676 269024 837844 107213
-761610 738117 251240 -36919
-661110 -858933 -658601 -192691
100
-866766 -468115 227130 522097
-866766 -468115 176403 -176528
227130 522097 581359 -480190
227130 522097 -854455 -597471
-866766 -468115 227284 885252
-866766 -468115 -330366 -645412
-330366 -645412 515769 -685805
-866766 -468115 328402 791704
227284 885252 887935 555312
581359 -480190 -866766 -468115
-330366 -645412 -602985 -456518
515769 -685805 227284 885252
328402 791704 -185839 553608
887935 555312 -607806 -644695
581359 -480190 176403 -176528
227130 522097 968138 -844948
-854455 -597471 651400 708918
-602985 -456518 227130 522097
887935 555312 -602985 -456518
968138 -844948 118107 -343797
-607806 -644695 118107 -343797
-607806 -644695 858276 687030
176403 -176528 515769 -685805
227130 522097 -884425 -58796
581359 -480190 651400 708918
-866766 -468115 858276 687030
-602985 -456518 -866766 -468115
515769 -685805 -854455 -597471
-866766 -468115 -699846 -867698
581359 -480190 887935 555312
968138 -844948 -38183 266094
227284 885252 -809467 814337
-602985 -456518 -723489 135071
-602985 -456518 581359 -480190
227284 885252 968138 -844948
227284 885252 -843250 379808
-723489 135071 -607806 -644695
-723489 135071 373388 408826
581359 -480190 118107 -343797
-884425 -58796 827408 493043
-699846 -867698 -330366 -645412
-602985 -456518 -699846 -867698
651400 708918 291454 -777560
-38183 266094 -602985 -456518
328402 791704 -699846 -867698
-809467 814337 -330366 -645412
118107 -343797 931250 56744
-699846 -867698 515769 -685805
581359 -480190 -723489 135071
858276 687030 -602985 -456518
-699846 -867698 581359 -480190
-330366 -645412 176403 -176528
-843250 379808 515769 -685805
651400 708918 968138 -844948
-809467 814337 118107 -343797
-843250 379808 -185839 553608
858276 687030 -185839 553608
176403 -176528 -884425 -58796
515769 -685805 581359 -480190
-884425 -58796 858276 687030
-866766 -468115 -723489 135071
373388 408826 118107 -343797
-602985 -456518 -809467 814337
827408 493043 -699846 -867698
858276 687030 515769 -685805
581359 -480190 -607806 -644695
-723489 135071 328402 791704
827408 493043 -854455 -597471
968138 -844948 -607806 -644695
227130 522097 -38183 266094
373388 408826 -866766 -468115
-607806 -644695 -330366 -645412
-809467 814337 968138 -844948
-843250 379808 -602985 -456518
176403 -176528 373388 408826
-602985 -456518 968138 -844948
-723489 135071 841623 -74295
-607806 -644695 328402 791704
-854455 -597471 -699846 -867698
651400 708918 -884425 -58796
887935 555312 651400 708918
-330366 -645412 -38183 266094
-723489 135071 515769 -685805
968138 -844948 -854455 -597471
-330366 -645412 -723489 135071
291454 -777560 373388 408826
651400 708918 899336 749086
-602985 -456518 176403 -176528
515769 -685805 118107 -343797
-607806 -644695 -884425 -58796
328402 791704 -38183 266094
899336 749086 -866766 -468115
-809467 814337 651400 708918
581359 -480190 227284 885252
887935 555312 899336 749086
-809467 814337 581359 -480190
291454 -777560 -602985 -456518
291454 -777560 227284 885252
651400 708918 -330366 -645412
227284 885252 931250 56744
100
496819 -851886 837785 755963
496819 -851886 648546 -540205
648546 -540205 -217287 -780084
496819 -851886 -217287 -780084
-217287 -780084 355098 486603
648546 -540205 -511249 335706
837785 755963 350144 617460
496819 -851886 -872531 -126822
-217287 -780084 -221280 -843478
648546 -540205 837785 755963
-872531 -126822 109645 -659623
109645 -659623 496819 -851886
648546 -540205 270952 -593338
355098 486603 837785 755963
355098 486603 419546 49880
419546 49880 -439841 -968374
-511249 335706 -221280 -843478
355098 486603 -100089 309244
-439841 -968374 -823431 254266
109645 -659623 182221 870337
-823431 254266 435316 555327
-511249 335706 -450542 306496
355098 486603 -450542 306496
182221 870337 -221280 -843478
837785 755963 -213437 400438
-221280 -843478 37838 918477
-872531 -126822 -306048 -341939
435316 555327 109645 -659623
109645 -659623 -217287 -780084
-450542 306496 116116 280031
116116 280031 -217287 -780084
-100089 309244 -306048 -341939
-213437 400438 435316 555327
-872531 -126822 648546 -540205
37838 918477 -439841 -968374
116116 280031 -823431 254266
-450542 306496 435316 555327
-823431 254266 109645 -659623
-439841 -968374 270952 -593338
419546 49880 -511249 335706
419546 49880 116116 280031
-450542 306496 350144 617460
-306048 -341939 419546 49880
648546 -540205 116116 280031
-213437 400438 622185 -5713
-221280 -843478 648546 -540205
837785 755963 419546 49880
350144 617460 496819 -851886
-213437 400438 419546 49880
270952 -593338 419546 49880
-100089 309244 -144753 -691169
-100089 309244 350144 617460
-439841 -968374 182221 870337
37838 918477 435316 555327
182221 870337 -872531 -126822
-217287 -780084 -511249 335706
-144753 -691169 109645 -659623
-439841 -968374 350144 617460
-100089 309244 622185 -5713
37838 918477 -131207 -889844
-144753 -691169 -217287 -780084
-100089 309244 -823431 254266
-306048 -341939 355098 486603
355098 486603 648546 -540205
419546 49880 350144 617460
435316 555327 -217287 -780084
-144753 -691169 116116 280031
-450542 306496 -306048 -341939
837785 755963 -217287 -780084
-306048 -341939 837785 755963
419546 49880 -823431 254266
496819 -851886 419546 49880
-221280 -843478 435316 555327
-221280 -843478 355098 486603
-823431 254266 182221 870337
109645 -659623 648546 -540205
-217287 -780084 -872531 -126822
182221 870337 837785 755963
270952 -593338 -872531 -126822
350144 617460 355098 486603
419546 49880 -144753 -691169
-144753 -691169 182221 870337
837785 755963 37838 918477
837785 755963 -511249 335706
182221 870337 270952 -593338
-131207 -889844 270952 -593338
270952 -593338 -144753 -691169
-823431 254266 -144753 -691169
270952 -593338 -217287 -780084
622185 -5713 -872531 -126822
-100089 309244 -213437 400438
-100089 309244 37838 918477
270952 -593338 -306048 -341939
-439841 -968374 435316 555327
-100089 309244 435316 555327
-144753 -691169 37838 918477
-511249 335706 -144753 -691169
-823431 254266 -306048 -341939
355098 486603 -144753 -691169
648546 -540205 -823431 254266
100
-472851 854013 873161 -184090
873161 -184090 418370 754821
418370 754821 121136 -997373
873161 -184090 -710307 326828
873161 -184090 -97339 -492004
-472851 854013 530070 -208765
-97339 -492004 539820 309383
-97339 -492004 961486 974900
961486 974900 864863 738247
418370 754821 -605986 236951
864863 738247 -393470 -486415
961486 974900 -539908 -568087
530070 -208765 164688 -107214
-710307 326828 517651 -566293
530070 -208765 -769041 154137
539820 309383 151521 483220
530070 -208765 -100133 256112
164688 -107214 -438737 936124
-393470 -486415 185116 579878
539820 309383 185116 579878
164688 -107214 961486 974900
-539908 -568087 -365929 -782205
864863 738247 -53041 106289
185116 579878 517651 -566293
151521 483220 -539908 -568087
961486 974900 539820 309383
-769041 154137 539820 309383
121136 -997373 743134 -794755
864863 738247 517651 -566293
121136 -997373 -97339 -492004
-710307 326828 -419792 137706
-97339 -492004 -809888 -772909
743134 -794755 -769041 154137
517651 -566293 -605986 236951
-472851 854013 164688 -107214
-438737 936124 743134 -794755
539820 309383 -809888 -772909
-365929 -782205 743134 -794755
-539908 -568087 743134 -794755
151521 483220 -472851 854013
743134 -794755 -53041 106289
864863 738247 -710307 326828
-53041 106289 185116 579878
-710307 326828 243009 831771
185116 579878 -419792 137706
-710307 326828 -393470 -486415
-472851 854013 -539908 -568087
-769041 154137 -472851 854013
873161 -184090 243009 831771
-605986 236951 530070 -208765
-710307 326828 151521 483220
-365929 -782205 -710307 326828
-769041 154137 -605986 236951
530070 -208765 -393470 -486415
418370 754821 539820 309383
185116 579878 -472851 854013
743134 -794755 -551749 404344
-100133 256112 -539908 -568087
743134 -794755 873161 -184090
151521 483220 873161 -184090
-539908 -568087 -53041 106289
-472851 854013 794399 678682
-551749 404344 -472851 854013
-53041 106289 794399 678682
-53041 106289 -769041 154137
243009 831771 -419792 137706
151521 483220 -769041 154137
530070 -208765 873161 -184090
121136 -997373 -438737 936124
185116 579878 961486 974900
243009 831771 418370 754821
-438737 936124 539820 309383
961486 974900 -551749 404344
243009 831771 151521 483220
864863 738247 -551749 404344
-539908 -568087 173259 -680238
-809888 -772909 -419792 137706
164688 -107214 743134 -794755
-53041 106289 418370 754821
-97339 -492004 185116 579878
539820 309383 300104 -58444
-419792 137706 -472851 854013
-419792 137706 -100133 256112
-769041 154137 517651 -566293
-365929 -782205 418370 754821
-365929 -782205 961486 974900
-605986 236951 -551749 404344
-100133 256112 121136 -997373
-100133 256112 539820 309383
-539908 -568087 185116 579878
-419792 137706 864863 738247
864863 738247 185116 579878
-472851 854013 517651 -566293
-809888 -772909 -605986 236951
743134 -794755 794399 678682
-97339 -492004 -53041 106289
539820 309383 243009 831771
164688 -107214 -551749 404344
539820 309383 -419792 137706
530070 -208765 185116 579878
100
-559680 160793 -749550 168272
-559680 160793 276048 -36328
276048 -36328 -11936 -967147
-559680 160793 752754 898182
-559680 160793 863930 874606
-11936 -967147 -559680 160793
752754 898182 -550654 364331
863930 874606 844423 -991009
752754 898182 -709673 -973924
863930 874606 -702619 121674
-702619 121674 869049 335387
844423 -991009 396387 -412709
869049 335387 -608621 -708125
-749550 168272 386755 -382553
863930 874606 396387 -412709
869049 335387 353934 58631
396387 -412709 386755 -382553
844423 -991009 752754 898182
-709673 -973924 -749550 168272
-608621 -708125 -751675 257131
863930 874606 -751675 257131
-749550 168272 -550654 364331
276048 -36328 -749550 168272
869049 335387 -709673 -973924
-709673 -973924 944468 262272
863930 874606 353934 58631
-559680 160793 -608621 -708125
-550654 364331 -991939 133246
396387 -412709 276048 -36328
863930 874606 869049 335387
-559680 160793 -709673 -973924
844423 -991009 -550654 364331
-709673 -973924 -50576 -768402
-709673 -973924 844423 -991009
-550654 364331 43410 -654305
396387 -412709 944468 262272
43410 -654305 869049 335387
-749550 168272 844423 -991009
-11936 -967147 -550654 364331
43410 -654305 -608621 -708125
-751675 257131 -550654 364331
-550654 364331 276048 -36328
-50576 -768402 353934 58631
-550654 364331 -702619 121674
944468 262272 752754 898182
-702619 121674 944468 262272
276048 -36328 670572 -656104
752754 898182 160395 733330
752754 898182 -634071 533146
-608621 -708125 35071 -613009
-751675 257131 -749550 168272
-634071 533146 353934 58631
844423 -991009 276048 -36328
-559680 160793 43410 -654305
43410 -654305 -50576 -768402
-608621 -708125 353934 58631
-702619 121674 -634071 533146
869049 335387 944468 262272
-702619 121674 -751675 257131
844423 -991009 -634071 533146
844423 -991009 869049 335387
-11936 -967147 670572 -656104
43410 -654305 -749550 168272
-709673 -973924 -550654 364331
-991939 133246 -11936 -967147
-50576 -768402 944468 262272
-50576 -768402 -559680 160793
863930 874606 944468 262272
944468 262272 -634071 533146
43410 -654305 670572 -656104
-709673 -973924 -751675 257131
160395 733330 -11936 -967147
869049 335387 752754 898182
944468 262272 -991939 133246
-991939 133246 396387 -412709
35071 -613009 -50576 -768402
-702619 121674 386755 -382553
353934 58631 -702619 121674
35071 -613009 160395 733330
-749550 168272 -558798 950205
-751675 257131 752754 898182
-558798 950205 386755 -382553
752754 898182 43410 -654305
752754 898182 276048 -36328
869049 335387 -991939 133246
944468 262272 -558798 950205
-991939 133246 -749550 168272
-558798 950205 -702619 121674
396387 -412709 670572 -656104
-558798 950205 43410 -654305
386755 -382553 944468 262272
-751675 257131 795441 940040
-702619 121674 -991939 133246
-550654 364331 863930 874606
869049 335387 795441 940040
670572 -656104 -709673 -973924
160395 733330 869049 335387
-702619 121674 -749550 168272
944468 262272 844423 -991009
-50576 -768402 670572 -656104
100
-872 -77380 -234566 615075
-872 -77380 -593601 -1883
-234566 615075 -633625 472870
-593601 -1883 447118 -713673
-234566 615075 78989 634535
78989 634535 -976904 750999
78989 634535 355859 -620251
355859 -620251 415345 -414450
-633625 472870 -210587 -254111
-633625 472870 908641 719785
447118 -713673 485723 -370191
908641 719785 -674139 172407
-674139 172407 258368 759539
485723 -370191 -169809 -670885
-169809 -670885 115389 800888
355859 -620251 -674139 172407
415345 -414450 447118 -713673
78989 634535 -155548 494547
78989 634535 651995 386005
-976904 750999 -674139 172407
415345 -414450 -530961 -346376
908641 719785 651995 386005
-633625 472870 -976904 750999
447118 -713673 -564996 943287
908641 719785 -976904 750999
115389 800888 651995 386005
485723 -370191 218867 37789
415345 -414450 651995 386005
-530961 -346376 447118 -713673
-872 -77380 355859 -620251
415345 -414450 -815318 555623
355859 -620251 3049 -329007
-564996 943287 -773873 515022
-976904 750999 -752854 -534570
-976904 750999 -162265 673579
-234566 615075 -162265 673579
-976904 750999 447118 -713673
485723 -370191 -773873 515022
-773873 515022 -752854 -534570
115389 800888 -780138 428970
3049 -329007 -564996 943287
-674139 172407 651995 386005
485723 -370191 -780138 428970
-815318 555623 355859 -620251
485723 -370191 355859 -620251
-530961 -346376 -564996 943287
258368 759539 -291579 102031
-234566 615075 -530961 -346376
-210587 -254111 258368 759539
-976904 750999 -872 -77380
-291579 102031 -430544 4041
-815318 555623 -210587 -254111
-593601 -1883 -210719 487205
-752854 -534570 485723 -370191
-752854 -534570 258368 759539
258368 759539 485723 -370191
-780138 428970 -169809 -670885
651995 386005 -530961 -346376
-210587 -254111 218867 37789
-564996 943287 561910 -972687
-564996 943287 -593601 -1883
-210719 487205 3049 -329007
78989 634535 258368 759539
-752854 -534570 -564996 943287
-633625 472870 -780138 428970
485723 -370191 -633625 472870
-773873 515022 -210587 -254111
-976904 750999 -155548 494547
-815318 555623 -162265 673579
561910 -972687 908641 719785
908641 719785 -162265 673579
-564996 943287 -155548 494547
355859 -620251 -564996 943287
-291579 102031 78989 634535
561910 -972687 -752854 -534570
-633625 472870 3049 -329007
-162265 673579 -773873 515022
-210719 487205 -780138 428970
-234566 615075 -210719 487205
-564996 943287 -872 -77380
-155548 494547 -780138 428970
115389 800888 -872 -77380
-780138 428970 -291579 102031
-210719 487205 -155548 494547
355859 -620251 561910 -972687
-815318 555623 -593601 -1883
-530961 -346376 485723 -370191
447118 -713673 -674139 172407
-169809 -670885 908641 719785
-430544 4041 561910 -972687
-773873 515022 -430544 4041
218867 37789 -169809 -670885
651995 386005 -976904 750999
-430544 4041 78989 634535
258368 759539 115389 800888
-234566 615075 -674139 172407
-430544 4041 908641 719785
-155548 494547 218867 37789
-530961 -346376 -593601 -1883
561910 -972687 -773873 515022
100
-182472 486924 201172 -612600
-182472 486924 920110 -991030
920110 -991030 464850 125201
-182472 486924 406468 -168210
-182472 486924 204215 137105
920110 -991030 704014 155400
920110 -991030 -694252 -751696
201172 -612600 -577747 849113
-182472 486924 -227574 983459
-182472 486924 -694252 -751696
-227574 983459 451895 -683848
-577747 849113 333817 972323
-182472 486924 -628643 179034
-628643 179034 -334622 -162435
920110 -991030 -999584 -372667
-182472 486924 464850 125201
-628643 179034 -694252 -751696
704014 155400 -694252 -751696
204215 137105 745303 182114
204215 137105 293723 -204033
201172 -612600 293723 -204033
-628643 179034 219841 767366
704014 155400 103039 -495800
103039 -495800 -628643 179034
204215 137105 -694252 -751696
704014 155400 -334622 -162435
-227574 983459 333817 972323
293723 -204033 -182472 486924
201172 -612600 215589 -354029
293723 -204033 621809 396263
451895 -683848 745303 182114
103039 -495800 -577747 849113
293723 -204033 -694252 -751696
219841 767366 -409081 -642730
704014 155400 -97808 -996131
745303 182114 -334622 -162435
103039 -495800 -694252 -751696
293723 -204033 215589 -354029
201172 -612600 745303 182114
-227574 983459 -694252 -751696
215589 -354029 502673 -312825
451895 -683848 608972 -966209
215589 -354029 920110 -991030
293723 -204033 608972 -966209
-97808 -996131 -999584 -372667
-694252 -751696 621809 396263
464850 125201 -946768 714080
-694252 -751696 -97808 -996131
745303 182114 -694252 -751696
-97808 -996131 702292 -124631
702292 -124631 -209601 -591510
-209601 -591510 204215 137105
103039 -495800 293723 -204033
-409081 -642730 -628643 179034
920110 -991030 -409081 -642730
219841 767366 -577747 849113
-577747 849113 -186722 603343
-334622 -162435 621809 396263
451895 -683848 -97808 -996131
333817 972323 704014 155400
704014 155400 -182472 486924
219841 767366 -694252 -751696
464850 125201 451895 -683848
-628643 179034 920110 -991030
-946768 714080 -334622 -162435
215589 -354029 406468 -168210
-946768 714080 -227574 983459
406468 -168210 704014 155400
702292 -124631 -577747 849113
103039 -495800 464850 125201
-97808 -996131 201172 -612600
621809 396263 704014 155400
-628643 179034 702292 -124631
621809 396263 103039 -495800
704014 155400 540580 -258838
621809 396263 702292 -124631
103039 -495800 540580 -258838
745303 182114 -182472 486924
451895 -683848 -209601 -591510
621809 396263 -946768 714080
464850 125201 -694252 -751696
-628643 179034 464850 125201
293723 -204033 745303 182114
103039 -495800 -186722 603343
608972 -966209 -97808 -996131
-409081 -642730 502673 -312825
704014 155400 502673 -312825
621809 396263 333817 972323
-209601 -591510 215589 -354029
201172 -612600 702292 -124631
-628643 179034 201172 -612600
204215 137105 451895 -683848
451895 -683848 702292 -124631
-946768 714080 215589 -354029
103039 -495800 502673 -312825
103039 -495800 333817 972323
502673 -312825 540580 -258838
204215 137105 201172 -612600
-999584 -372667 333817 972323
-97808 -996131 204215 137105
100
978739 64229 427331 -222941
978739 64229 153870 354571
153870 354571 -875443 572924
153870 354571 -106088 151538
-875443 572924 -473579 556102
-875443 572924 415948 50759
-875443 572924 74077 -727375
-875443 572924 -287275 -953630
-473579 556102 419289 -596516
-473579 556102 -155624 -43962
-106088 151538 -864021 380252
-473579 556102 -72088 -28431
-155624 -43962 -85503 894764
-72088 -28431 -106088 151538
153870 354571 419289 -596516
74077 -727375 476023 -450058
-72088 -28431 -603632 805099
-864021 380252 -72088 -28431
-864021 380252 415948 50759
978739 64229 419289 -596516
978739 64229 694109 -505880
-72088 -28431 427331 -222941
74077 -727375 153870 354571
-72088 -28431 -480869 787349
694109 -505880 153870 354571
-287275 -953630 -256021 674030
74077 -727375 -603632 805099
476023 -450058 -155624 -43962
-473579 556102 -864021 380252
153870 354571 427331 -222941
-155624 -43962 -106088 151538
-287275 -953630 419289 -596516
415948 50759 -31531 104749
-603632 805099 -864021 380252
694109 -505880 -875443 572924
-473579 556102 193130 311854
193130 311854 978739 64229
153870 354571 -256021 674030
193130 311854 476023 -450058
193130 311854 760434 834337
-473579 556102 -732423 -56474
193130 311854 -346573 -501992
-732423 -56474 476023 -450058
760434 834337 901208 -285060
760434 834337 -505817 582745
-155624 -43962 -256021 674030
-155624 -43962 193130 311854
-287275 -953630 153870 354571
-864021 380252 -256021 674030
415948 50759 -732423 -56474
901208 -285060 -106088 151538
694109 -505880 760434 834337
-505817 582745 -875443 572924
427331 -222941 -256021 674030
-603632 805099 419289 -596516
-31531 104749 419289 -596516
153870 354571 -603632 805099
-603632 805099 -732423 -56474
901208 -285060 -603632 805099
901208 -285060 -473579 556102
427331 -222941 -480869 787349
193130 311854 -732423 -56474
153870 354571 -85503 894764
-72088 -28431 -732423 -56474
-72088 -28431 760434 834337
901208 -285060 -505817 582745
901208 -285060 -85503 894764
694109 -505880 -732423 -56474
-287275 -953630 193130 311854
-346573 -501992 427331 -222941
-732423 -56474 -346573 -501992
-480869 787349 978739 64229
-480869 787349 -287275 -953630
-875443 572924 -31531 104749
193130 311854 694109 -505880
-72088 -28431 193130 311854
-106088 151538 74077 -727375
-256021 674030 978739 64229
419289 -596516 415948 50759
419289 -596516 427331 -222941
-875443 572924 -732423 -56474
419289 -596516 476023 -450058
-875443 572924 -72088 -28431
-155624 -43962 -346573 -501992
-31531 104749 901208 -285060
-875443 572924 -19996 -692727
-106088 151538 978739 64229
694109 -505880 -155624 -43962
415948 50759 -473579 556102
-85503 894764 415948 50759
74077 -727375 -72088 -28431
-85503 894764 -864021 380252
74077 -727375 -19996 -692727
-473579 556102 -287275 -953630
-155624 -43962 427331 -222941
760434 834337 153870 354571
-864021 380252 -346573 -501992
978739 64229 -505817 582745
-155624 -43962 -505817 582745
-85503 894764 74077 -727375
100
533491 -302059 94338 -431798
533491 -302059 284665 -5667
94338 -431798 -546089 -190212
533491 -302059 83107 -563844
94338 -431798 -657012 602095
-657012 602095 813732 -448247
83107 -563844 -657012 602095
-546089 -190212 423868 -938725
83107 -563844 -61072 -875858
-61072 -875858 -652012 144273
-652012 144273 -534605 -704906
-546089 -190212 -534605 -704906
533491 -302059 -515882 411751
284665 -5667 -926947 -808703
94338 -431798 -967081 -310356
-546089 -190212 547352 623229
-657012 602095 -546089 -190212
-61072 -875858 -657012 602095
83107 -563844 780059 896190
813732 -448247 -96789 26448
-967081 -310356 -531958 -619981
-652012 144273 488474 645557
-657012 602095 284665 -5667
488474 645557 -612538 444289
780059 896190 -926947 -808703
423868 -938725 -652012 144273
-652012 144273 355319 -725195
-657012 602095 761241 -611241
-967081 -310356 355319 -725195
-546089 -190212 -531958 -619981
-967081 -310356 -96789 26448
-515882 411751 -612538 444289
-515882 411751 488474 645557
94338 -431798 -515882 411751
83107 -563844 -429396 112176
780059 896190 -652012 144273
-61072 -875858 -471141 -953536
-61072 -875858 423868 -938725
780059 896190 214858 -564580
94338 -431798 -543734 517873
-546089 -190212 761241 -611241
284665 -5667 -252332 394987
-543734 517873 488474 645557
-612538 444289 -304233 365042
284665 -5667 -96789 26448
-546089 -190212 708008 -442760
94338 -431798 547352 623229
-96789 26448 94338 -431798
-967081 -310356 -652012 144273
-652012 144273 -304233 365042
780059 896190 813732 -448247
355319 -725195 -531958 -619981
-252332 394987 -61072 -875858
-967081 -310356 813732 -448247
-96789 26448 -546089 -190212
-657012 602095 355319 -725195
780059 896190 -61072 -875858
214858 -564580 -96789 26448
83107 -563844 94338 -431798
-429396 112176 813732 -448247
-471141 -953536 -254208 745023
-531958 -619981 -61072 -875858
284665 -5667 -304233 365042
-515882 411751 708008 -442760
-534605 -704906 355319 -725195
488474 645557 547352 623229
488474 645557 83107 -563844
-657012 602095 -429396 112176
94338 -431798 708008 -442760
-546089 -190212 434850 -220815
-254208 745023 708008 -442760
-612538 444289 -926947 -808703
-967081 -310356 -429396 112176
-252332 394987 355319 -725195
-515882 411751 -652012 144273
434850 -220815 780059 896190
-546089 -190212 -254208 745023
-471141 -953536 533491 -302059
284665 -5667 547352 623229
-926947 -808703 -61072 -875858
-254208 745023 -612538 444289
-534605 -704906 434850 -220815
780059 896190 -531958 -619981
-967081 -310356 -546089 -190212
-652012 144273 -612538 444289
761241 -611241 214858 -564580
-471141 -953536 -657012 602095
547352 623229 -304233 365042
-429396 112176 434850 -220815
214858 -564580 -612538 444289
-926947 -808703 94338 -431798
-967081 -310356 214858 -564580
-967081 -310356 -515882 411751
-531958 -619981 83107 -563844
-304233 365042 533491 -302059
-657012 602095 -967081 -310356
-612538 444289 -429396 112176
-254208 745023 761241 -611241
708008 -442760 -429396 112176
355319 -725195 -543734 517873
100
-470766 503530 211577 189320
-470766 503530 -977450 386995
211577 189320 912664 -816556
-977450 386995 -290652 -608560
912664 -816556 -37929 34056
-977450 386995 686745 937193
912664 -816556 -903820 377138
-977450 386995 959695 920645
-290652 -608560 912664 -816556
-37929 34056 -816537 361845
211577 189320 -49652 -893509
211577 189320 -569725 -355306
-903820 377138 686745 937193
-37929 34056 -977450 386995
-290652 -608560 -644005 -147989
959695 920645 -569725 -355306
-903820 377138 112918 940619
112918 940619 912664 -816556
959695 920645 -37929 34056
-470766 503530 546684 743620
959695 920645 211577 189320
211577 189320 -977450 386995
-290652 -608560 -331451 833000
-903820 377138 49568 -563853
-977450 386995 -569725 -355306
959695 920645 -720803 980770
-644005 -147989 211577 189320
-977450 386995 6649 638287
546684 743620 112918 940619
546684 743620 -903820 377138
912664 -816556 -331451 833000
546684 743620 -816537 361845
6649 638287 546684 743620
-37929 34056 6649 638287
49568 -563853 6649 638287
112918 940619 211577 189320
-816537 361845 -470766 503530
49568 -563853 -644005 -147989
-37929 34056 -49652 -893509
-977450 386995 -644005 -147989
-49652 -893509 -720803 980770
-720803 980770 -290652 -608560
-290652 -608560 271745 352884
-470766 503530 684699 -98225
912664 -816556 160148 981030
-49652 -893509 -224013 50617
912664 -816556 380873 202917
686745 937193 684699 -98225
686745 937193 -470766 503530
211577 189320 -331451 833000
160148 981030 380873 202917
-644005 -147989 -569725 -355306
-644005 -147989 546684 743620
160148 981030 -644005 -147989
684699 -98225 6649 638287
-37929 34056 211577 189320
380873 202917 271745 352884
-644005 -147989 686745 937193
959695 920645 112918 940619
-37929 34056 -877044 -652682
-224013 50617 546684 743620
-569725 -355306 -877044 -652682
684699 -98225 112918 940619
-903820 377138 160148 981030
546684 743620 160148 981030
-331451 833000 684699 -98225
380873 202917 686745 937193
-224013 50617 -720803 980770
-877044 -652682 271745 352884
-977450 386995 912664 -816556
686745 937193 -816537 361845
546684 743620 -877044 -652682
-331451 833000 546684 743620
684699 -98225 959695 920645
684699 -98225 -720803 980770
-903820 377138 -720803 980770
112918 940619 -49652 -893509
-470766 503530 -644005 -147989
-470766 503530 -37929 34056
-224013 50617 684699 -98225
-877044 -652682 -903820 377138
912664 -816556 684699 -98225
-470766 503530 -903820 377138
-644005 -147989 -37929 34056
686745 937193 546684 743620
686745 937193 959695 920645
380873 202917 -816537 361845
-49652 -893509 160148 981030
-224013 50617 -644005 -147989
112918 940619 380873 202917
6649 638287 271745 352884
684699 -98225 -816537 361845
112918 940619 -977450 386995
49568 -563853 -290652 -608560
959695 920645 -644005 -147989
380873 202917 -49652 -893509
546684 743620 912664 -816556
380873 202917 -977450 386995
211577 189320 160148 981030
-816537 361845 271745 352884
