10
200
-82 -106 -447 -91
-447 -91 528 -140
528 -140 411 -9
411 -9 574 -601
528 -140 579 947
528 -140 245 60
245 60 482 -682
528 -140 954 -804
-447 -91 -768 -380
528 -140 455 782
455 782 711 901
245 60 -937 662
711 901 826 -987
-82 -106 -466 -332
579 947 826 -189
-82 -106 68 75
826 -189 840 -63
482 -682 313 2
313 2 979 108
979 108 64 -786
455 782 209 499
711 901 -81 212
840 -63 -883 -691
245 60 -742 -636
579 947 215 -538
64 -786 972 -889
972 -889 -250 -650
-447 -91 -943 996
215 -538 -412 -729
-447 -91 677 -819
68 75 305 202
-768 -380 -38 520
455 782 600 -618
-883 -691 656 678
313 2 -924 127
954 -804 539 92
482 -682 -72 35
-883 -691 396 847
840 -63 -131 -678
711 901 445 619
840 -63 318 771
954 -804 -955 -613
305 202 -482 -431
445 619 321 732
455 782 -802 691
711 901 -333 405
600 -618 -519 988
-924 127 88 -149
-924 127 -744 -100
-82 -106 -34 -212
-924 127 -365 -243
-131 -678 -383 -675
-72 35 987 425
528 -140 113 -119
-412 -729 842 352
482 -682 278 623
-72 35 -956 553
-742 -636 777 438
445 619 693 559
693 559 -374 -409
411 -9 929 -272
979 108 599 -164
215 -538 -392 829
-38 520 -746 790
656 678 550 783
-802 691 880 -219
600 -618 17 -61
209 499 9 -765
-956 553 544 239
-955 -613 -827 -561
-742 -636 325 -553
411 -9 -754 -969
777 438 -453 -206
656 678 -398 716
-802 691 -506 724
-365 -243 -478 -20
313 2 51 -805
-742 -636 986 788
411 -9 347 -981
-412 -729 957 535
321 732 -819 67
-943 996 -959 24
693 559 -783 -505
-924 127 146 -160
-478 -20 297 222
-82 -106 -76 -214
-768 -380 -400 -202
455 782 -386 -517
-398 716 877 -727
539 92 718 -141
677 -819 936 6
986 788 -948 656
-466 -332 784 990
957 535 60 893
574 -601 794 698
-34 -212 -785 -203
880 -219 588 -37
51 -805 -614 -539
574 -601 143 -212
550 783 938 342
-785 -203 -143 -4
-333 405 -990 210
-34 -212 952 897
-783 -505 -301 -404
-398 716 -595 -284
445 619 -193 845
-956 553 -380 696
842 352 -687 931
784 990 -44 -83
579 947 55 -56
544 239 463 -711
-412 -729 -755 213
574 -601 -59 618
-365 -243 457 -577
-447 -91 -902 308
-44 -83 731 -653
-595 -284 -441 -104
-466 -332 -284 416
-937 662 -297 -376
-76 -214 352 174
-44 -83 435 281
-76 -214 -517 789
455 782 -701 745
245 60 79 175
-924 127 145 -985
-447 -91 -90 -41
-193 845 -330 261
544 239 545 6
245 60 208 -861
297 222 725 842
600 -618 -900 20
693 559 -448 619
-448 619 994 836
-754 -969 740 -592
-687 931 864 743
-955 -613 241 159
929 -272 319 179
208 -861 -331 996
-755 213 -649 -934
-330 261 176 677
-924 127 581 686
936 6 342 -807
740 -592 879 -177
-34 -212 243 -492
-333 405 785 319
656 678 594 753
411 -9 -953 512
-959 24 399 624
68 75 199 -859
936 6 -545 514
68 75 -989 647
528 -140 460 -758
-956 553 348 561
957 535 155 540
979 108 -395 -965
-143 -4 -276 517
-331 996 537 -286
545 6 -637 776
208 -861 771 309
784 990 -434 -75
656 678 732 482
864 743 -774 -306
784 990 -348 -985
-902 308 907 686
-90 -41 140 863
785 319 216 -306
545 6 655 -507
731 -653 244 781
907 686 172 -341
-250 -650 -639 590
579 947 424 199
740 -592 45 211
305 202 910 875
-380 696 -503 96
-400 -202 -279 553
-503 96 201 -191
-519 988 799 -9
655 -507 229 471
51 -805 312 400
172 -341 -666 140
-900 20 -673 512
-989 647 971 -21
-447 -91 973 -284
-400 -202 440 -716
545 6 -152 -470
-331 996 764 268
936 6 -707 -538
-131 -678 -836 697
771 309 792 -476
771 309 -898 470
994 836 43 384
318 771 -713 784
319 179 95 478
-441 -104 -363 -615
957 535 999 -704
732 482 -96 -863
457 -577 664 998
880 -219 -730 -310
-707 -538 -490 -755
244 781 -996 -149
200
669 374 498 995
498 995 -79 -292
498 995 -581 239
-79 -292 -566 371
669 374 -39 959
-581 239 915 634
-581 239 73 -305
669 374 616 905
73 -305 457 285
498 995 961 848
669 374 910 -510
-581 239 495 -211
-566 371 883 133
-39 959 150 195
-79 -292 99 168
-79 -292 -570 -114
669 374 549 428
73 -305 590 519
150 195 -81 520
73 -305 219 -75
-581 239 898 617
669 374 729 126
-566 371 195 -267
-79 -292 -482 759
961 848 -92 -547
-570 -114 386 -751
150 195 -184 714
-81 520 -639 -369
883 133 -364 -566
498 995 8 958
498 995 339 -567
590 519 -661 -165
457 285 170 260
-661 -165 914 480
-81 520 -526 -914
961 848 -179 978
219 -75 -520 181
457 285 125 -315
-566 371 429 970
910 -510 -887 165
125 -315 -729 -456
-526 -914 117 923
-81 520 209 467
-526 -914 750 -881
883 133 -385 -689
-639 -369 -538 -609
590 519 655 532
457 285 -223 572
616 905 -190 326
910 -510 -303 -550
-81 520 971 972
883 133 -122 505
590 519 -853 643
170 260 257 -437
750 -881 703 -404
669 374 -107 485
-538 -609 238 -212
549 428 -814 122
-184 714 -214 103
257 -437 295 832
729 126 -580 -165
195 -267 -603 268
729 126 382 911
703 -404 -631 388
238 -212 -676 453
209 467 547 -376
971 972 -740 420
295 832 -718 -173
117 923 -981 -155
-385 -689 215 -587
729 126 165 547
-81 520 -41 709
295 832 767 -261
-39 959 654 -98
654 -98 -586 562
669 374 903 657
-740 420 41 854
915 634 328 -782
-107 485 -608 -303
328 -782 -277 -268
-581 239 -38 407
616 905 967 809
-814 122 -272 -917
328 -782 526 -726
898 617 732 -465
-718 -173 700 605
961 848 -344 507
195 -267 155 -170
-586 562 687 601
-526 -914 746 -349
-853 643 988 -116
-740 420 -236 12
-79 -292 -399 259
125 -315 -944 -224
-214 103 -545 -244
-107 485 -770 -248
967 809 738 -675
-190 326 301 -387
-179 978 220 -300
-344 507 454 -876
-223 572 -36 -358
-981 -155 989 -850
-81 520 226 -625
-570 -114 851 250
220 -300 969 -619
429 970 123 -438
967 809 -254 -316
-676 453 -801 -451
655 532 -219 498
-79 -292 243 -739
-661 -165 963 -233
-887 165 749 937
165 547 -530 -899
989 -850 367 -121
301 -387 -948 265
-79 -292 -792 888
457 285 -445 -423
429 970 -951 -805
967 809 527 -868
215 -587 -201 -538
295 832 173 -990
165 547 314 -217
-445 -423 441 -524
-887 165 968 -162
700 605 -993 -297
-81 520 -776 -217
746 -349 1000 -931
-603 268 167 313
-399 259 -427 -698
549 428 322 -118
-214 103 -629 149
-545 -244 -109 197
-993 -297 643 -983
746 -349 218 -520
-944 -224 255 114
123 -438 557 636
-254 -316 -270 -731
-179 978 761 -620
-538 -609 -252 -277
969 -619 269 683
429 970 -9 224
-109 197 -938 -765
616 905 -464 -858
-272 -917 368 199
-364 -566 388 -463
-277 -268 -751 -664
220 -300 658 -817
-344 507 768 -283
498 995 859 -61
-631 388 201 204
195 -267 561 295
382 911 -850 722
527 -868 427 -214
-981 -155 -627 505
968 -162 -859 -628
-639 -369 -377 -566
170 260 -64 518
-530 -899 -44 648
1000 -931 918 692
968 -162 -904 -928
898 617 57 329
243 -739 512 766
-214 103 -247 -609
729 126 575 439
-9 224 -643 -334
117 923 -534 768
170 260 -299 -141
561 295 180 626
-377 -566 741 -65
-740 420 -666 -642
-107 485 -63 -624
-580 -165 -104 -75
117 923 320 -372
-299 -141 947 -370
851 250 618 -181
-377 -566 985 324
209 467 -903 -182
170 260 -980 191
-586 562 -860 -334
557 636 217 832
-676 453 960 865
729 126 -650 -209
918 692 814 -942
-272 -917 569 465
-980 191 823 533
-377 -566 -266 695
618 -181 474 -771
-666 -642 -779 328
590 519 981 3
-36 -358 -62 713
41 854 298 -461
57 329 -154 672
903 657 390 -388
219 -75 202 824
427 -214 169 -261
-718 -173 248 -927
989 -850 550 806
-252 -277 112 -127
301 -387 -133 -734
-981 -155 65 -432
200
280 -943 -568 -350
-568 -350 -287 357
-287 357 -466 -438
-568 -350 -779 995
-779 995 372 467
-287 357 -435 -623
280 -943 429 263
-287 357 239 360
239 360 305 625
372 467 667 -1
-779 995 -610 -760
239 360 -247 863
429 263 -134 -200
-779 995 424 162
372 467 754 604
-134 -200 -339 -9
-779 995 -182 547
-182 547 838 -463
-182 547 -18 925
-779 995 -690 137
372 467 976 784
-18 925 378 -224
305 625 393 -690
-466 -438 -953 -418
754 604 396 22
378 -224 213 212
393 -690 639 107
-690 137 603 314
-610 -760 120 825
120 825 308 -542
280 -943 -431 930
-247 863 332 336
378 -224 -301 274
-134 -200 -758 603
754 604 -729 -661
-301 274 -199 -776
332 336 -396 776
396 22 970 -737
-758 603 -906 -39
396 22 550 -773
-758 603 -6 -767
372 467 -744 -420
-906 -39 546 -359
424 162 502 964
-610 -760 -782 -234
-247 863 -698 889
429 263 -334 -873
-287 357 -509 433
550 -773 790 -11
308 -542 613 -774
-339 -9 862 -135
280 -943 -8 595
838 -463 -790 532
-182 547 -155 113
-18 925 -138 -313
-396 776 -964 -39
-247 863 801 -928
280 -943 -563 319
-782 -234 -120 -722
-953 -418 16 754
-758 603 279 572
-964 -39 551 -558
754 604 740 762
970 -737 -833 -913
-134 -200 956 -115
639 107 432 -356
-6 -767 446 -433
-953 -418 342 987
342 987 -880 957
801 -928 -333 899
-301 274 198 34
280 -943 -958 -663
-790 532 -112 -653
-6 -767 899 -238
-138 -313 916 677
396 22 -303 -647
-466 -438 920 589
-964 -39 -483 -456
-563 319 529 -234
-782 -234 708 -261
16 754 752 -410
429 263 328 -221
-958 -663 -157 885
-333 899 873 327
740 762 126 347
396 22 415 -538
393 -690 -697 696
424 162 -427 -599
424 162 651 -443
-182 547 908 917
-906 -39 694 233
-334 -873 758 826
-833 -913 -951 831
429 263 -216 789
838 -463 961 -320
790 -11 -132 -300
529 -234 -966 -64
790 -11 -699 336
-138 -313 -585 -203
-699 336 451 -953
-880 957 -682 -301
372 467 -986 -80
-833 -913 -506 785
916 677 55 -933
-951 831 -457 -537
976 784 780 194
-966 -64 -72 555
-958 -663 375 -44
780 194 116 735
372 467 219 912
280 -943 596 -539
976 784 185 239
-509 433 -769 -682
126 347 -490 -587
-155 113 -293 261
-247 863 289 -441
55 -933 -778 -485
-697 696 -745 -958
213 212 654 593
-610 -760 972 -490
372 467 781 655
-490 -587 -528 -171
-745 -958 -27 -452
-155 113 -432 237
972 -490 718 553
961 -320 -557 -693
-563 319 356 -620
429 263 118 -67
305 625 -794 468
-199 -776 508 -5
920 589 -35 27
-8 595 -982 -140
-699 336 -86 432
116 735 537 -138
-303 -647 536 579
603 314 196 -602
920 589 828 433
536 579 144 917
537 -138 -883 143
639 107 882 328
508 -5 -402 -667
-8 595 -201 -53
752 -410 454 510
375 -44 -379 887
446 -433 122 -313
603 314 574 589
-509 433 -529 827
-745 -958 577 -168
454 510 821 804
546 -359 -3 -158
-906 -39 -632 487
873 327 732 259
-953 -418 143 -744
-301 274 626 -145
613 -774 717 -286
396 22 93 455
529 -234 704 737
-157 885 -731 880
-563 319 -210 650
-690 137 -832 174
-568 -350 88 -940
801 -928 2 799
899 -238 -515 169
-698 889 -606 -683
88 -940 522 -678
305 625 -263 -658
-301 274 688 651
-27 -452 296 946
-529 827 -39 -464
-758 603 951 732
522 -678 -561 173
-698 889 -452 -742
-779 995 795 -252
-778 -485 -113 -822
415 -538 -750 77
144 917 825 -598
502 964 -288 -439
758 826 -260 -5
-563 319 234 919
-379 887 -358 -2
-699 336 -212 944
-113 -822 -136 567
-396 776 -197 601
-334 -873 -742 173
-610 -760 -648 306
613 -774 -459 -229
-157 885 -890 40
-515 169 -446 -399
-210 650 12 -567
-682 -301 -22 -199
-490 -587 -173 739
-173 739 404 217
280 -943 -534 -448
790 -11 -391 -30
951 732 926 -754
574 589 113 28
-457 -537 576 177
-173 739 575 -602
613 -774 146 -647
-466 -438 512 -240
200
-700 558 583 212
-700 558 418 -230
583 212 -804 -113
583 212 -403 -976
-804 -113 154 -360
-700 558 -324 -619
418 -230 -743 423
-403 -976 817 511
-403 -976 -407 587
-804 -113 -994 -154
-403 -976 -975 -355
-403 -976 884 848
-700 558 864 934
-804 -113 332 -950
817 511 -845 -109
-700 558 -653 853
154 -360 182 -758
-700 558 -472 -559
154 -360 879 -995
879 -995 593 -191
-804 -113 -765 -29
-804 -113 990 -678
154 -360 -925 -475
879 -995 -7 -635
879 -995 648 -992
879 -995 -788 40
-472 -559 284 945
593 -191 -678 725
817 511 457 381
879 -995 -220 935
-653 853 -813 608
990 -678 -990 157
648 -992 272 26
-220 935 -887 486
879 -995 -337 -943
-887 486 569 398
154 -360 -642 26
-324 -619 -169 -445
154 -360 395 -128
-169 -445 705 -30
884 848 -157 882
-157 882 -760 674
648 -992 428 -629
884 848 -829 -624
332 -950 -265 40
-887 486 483 -942
-642 26 -293 -836
-7 -635 30 231
-472 -559 -834 833
879 -995 829 938
457 381 -770 573
457 381 -327 -873
418 -230 475 -943
-407 587 -319 575
-337 -943 -344 -599
-845 -109 -589 252
-319 575 200 189
-220 935 -96 49
-220 935 -952 616
483 -942 318 -498
-589 252 217 -4
332 -950 526 992
990 -678 -639 437
-925 -475 752 -937
272 26 -228 -741
-324 -619 547 925
-743 423 41 281
318 -498 -896 -797
217 -4 -848 409
879 -995 -413 -967
-413 -967 245 -28
-994 -154 962 -529
272 26 -431 -282
648 -992 979 -666
-804 -113 560 -646
-407 587 751 -682
979 -666 478 -837
428 -629 197 -86
418 -230 11 917
478 -837 -738 187
-834 833 770 618
318 -498 590 569
-293 -836 360 -194
-413 -967 -661 913
-319 575 910 759
-829 -624 495 -974
-169 -445 442 -166
182 -758 153 -236
-169 -445 -430 -945
-813 608 47 789
-431 -282 588 -646
962 -529 148 -455
-430 -945 -147 542
-700 558 -342 944
-653 853 -539 969
990 -678 -901 -998
-653 853 684 -70
475 -943 498 -9
770 618 -855 922
475 -943 -532 961
569 398 -119 258
153 -236 -816 -194
182 -758 -665 -621
-834 833 -789 -915
395 -128 738 172
-532 961 -529 -811
-472 -559 510 -406
272 26 226 -857
583 212 -697 -683
-887 486 -693 713
864 934 -225 434
-342 944 -348 -387
-855 922 -565 -978
705 -30 -536 387
457 381 240 324
41 281 -59 -335
418 -230 987 -206
879 -995 -872 912
-653 853 480 -598
-529 -811 -836 -767
990 -678 307 -559
428 -629 79 280
560 -646 -41 -277
-788 40 -14 -910
240 324 185 -274
-319 575 -478 449
-665 -621 248 -94
879 -995 536 445
-413 -967 -753 -476
307 -559 390 208
148 -455 563 -269
-829 -624 366 -405
-41 -277 -917 460
829 938 326 354
-565 -978 133 236
563 -269 -528 388
-528 388 -210 -434
-337 -943 620 -858
752 -937 785 -413
-529 -811 465 -18
879 -995 126 552
197 -86 -347 -422
738 172 645 923
785 -413 -195 706
-975 -355 -874 363
785 -413 -851 -39
154 -360 -93 52
684 -70 -972 -483
-693 713 -577 -822
-119 258 -74 -862
-639 437 -415 593
751 -682 -67 290
-834 833 -628 -135
126 552 -885 427
495 -974 -44 233
395 -128 106 547
-700 558 508 -150
390 208 -90 652
-157 882 -998 -836
148 -455 -118 -111
-693 713 86 -985
318 -498 747 231
-348 -387 762 -463
-327 -873 66 -535
-413 -967 -861 -346
217 -4 327 474
-861 -346 900 -935
-403 -976 456 126
962 -529 -943 -412
480 -598 533 -855
182 -758 -427 -739
508 -150 -578 -118
508 -150 361 -750
648 -992 -89 646
533 -855 -685 -824
457 381 632 -35
-738 187 -382 -19
361 -750 -174 -381
418 -230 176 -613
79 280 76 -600
-885 427 290 195
326 354 -328 930
583 212 -964 256
-972 -483 380 67
475 -943 688 -236
-697 -683 -276 4
900 -935 81 979
-119 258 164 228
752 -937 -5 -452
-382 -19 -277 48
705 -30 283 -117
197 -86 -938 79
-157 882 330 -757
688 -236 -956 705
-324 -619 949 551
-528 388 -491 -708
154 -360 617 272
-532 961 -206 360
-861 -346 -958 887
-478 449 647 -528
200
240 1000 -761 -157
-761 -157 -958 -390
240 1000 884 -966
-958 -390 -846 40
-846 40 479 -177
-761 -157 196 266
884 -966 926 213
-958 -390 775 182
-958 -390 -849 -344
196 266 754 380
775 182 -604 743
196 266 957 580
196 266 -181 -940
-181 -940 367 -102
-849 -344 197 -899
479 -177 -956 -788
-761 -157 335 413
240 1000 -162 707
-846 40 838 -553
-761 -157 -90 -642
-956 -788 114 -400
-181 -940 -457 -130
957 580 -165 -288
335 413 -829 149
-90 -642 -230 -160
775 182 318 -184
196 266 -505 -344
367 -102 -636 640
775 182 -618 -224
-230 -160 18 27
335 413 220 -86
926 213 -434 -155
926 213 269 -559
-230 -160 -152 105
-505 -344 36 -923
775 182 -571 -335
479 -177 188 -563
-90 -642 740 -6
220 -86 -232 736
-181 -940 43 -296
926 213 752 -357
-761 -157 770 -941
197 -899 995 -989
197 -899 -594 712
188 -563 263 593
-956 -788 -238 -866
-90 -642 -757 -637
-761 -157 -13 769
269 -559 -491 945
-13 769 -387 -662
-958 -390 -102 760
-958 -390 288 -331
-165 -288 -154 -498
-829 149 -38 -533
-457 -130 512 48
-154 -498 243 94
-38 -533 -75 119
740 -6 -576 -201
-162 707 751 -740
36 -923 214 359
114 -400 101 -118
243 94 129 -904
-604 743 -630 315
740 -6 572 -220
101 -118 1 -414
572 -220 -222 -858
957 580 -825 696
-849 -344 369 697
-457 -130 -700 -122
369 697 22 -832
-102 760 338 224
101 -118 14 521
288 -331 -177 867
-165 -288 -426 -463
22 -832 813 937
-958 -390 409 -361
-846 40 -278 -93
-618 -224 -760 667
-594 712 -978 -624
-177 867 616 61
-636 640 829 -735
269 -559 -350 -309
101 -118 -816 -620
-846 40 -914 339
-816 -620 943 -430
-162 707 721 -901
36 -923 -335 473
220 -86 401 -169
512 48 -804 410
367 -102 517 -767
-426 -463 -570 -660
-232 736 -362 431
-846 40 -175 599
114 -400 -826 -797
-571 -335 -940 -743
-102 760 749 -290
338 224 500 -399
-165 -288 469 -463
196 266 802 574
-162 707 53 567
-162 707 358 -966
751 -740 -682 -51
14 521 -639 588
-618 -224 365 923
369 697 -514 -335
101 -118 -385 -631
-387 -662 86 -172
-162 707 -966 -772
358 -966 201 119
-434 -155 -366 7
-846 40 -726 -607
-966 -772 42 750
-102 760 480 79
-278 -93 659 461
813 937 514 974
22 -832 -215 617
214 359 121 -669
-75 119 -651 -754
500 -399 885 234
-829 149 376 -565
338 224 39 -922
-958 -390 12 -529
-726 -607 302 867
770 -941 886 -95
479 -177 314 177
-570 -660 -656 702
943 -430 685 78
-594 712 8 122
-761 -157 162 -563
-804 410 69 118
-152 105 -34 -751
-804 410 -898 -520
995 -989 -208 -773
-215 617 353 54
-208 -773 -856 -973
409 -361 -835 -367
-165 -288 105 -338
-760 667 -309 -916
22 -832 55 -371
-215 617 844 -606
659 461 -747 833
512 48 426 -668
-165 -288 447 -499
197 -899 605 -334
659 461 233 -584
749 -290 112 553
-630 315 790 248
101 -118 -908 786
43 -296 461 -24
22 -832 -643 -737
995 -989 342 -346
-222 -858 -920 179
-505 -344 -44 141
-914 339 896 -920
369 697 -325 -651
-978 -624 984 592
926 213 -680 -51
220 -86 -414 -142
-90 -642 -994 -304
957 580 -378 -616
335 413 65 396
129 -904 -423 880
802 574 -296 -223
-630 315 -480 632
943 -430 678 -116
447 -499 -995 -491
-366 7 729 283
12 -529 -959 -528
943 -430 -256 -846
367 -102 498 526
-682 -51 -11 271
-825 696 -438 124
69 118 472 -33
188 -563 238 113
-177 867 -308 51
480 79 -845 350
-457 -130 -382 -41
318 -184 707 -371
12 -529 -428 -167
-230 -160 -163 653
-594 712 -776 -261
409 -361 528 -891
39 -922 716 475
263 593 814 3
-434 -155 681 769
-335 473 611 -244
-898 -520 -927 -465
1 -414 -243 -296
-177 867 -28 830
611 -244 315 -677
-618 -224 834 22
-829 149 300 949
358 -966 -16 628
-761 -157 536 286
-335 473 -477 468
469 -463 -244 -4
8 122 644 498
-350 -309 699 210
884 -966 -677 988
86 -172 986 909
200
930 -280 407 591
407 591 746 -545
407 591 836 322
746 -545 -952 -254
-952 -254 -899 960
-899 960 700 199
930 -280 -744 709
746 -545 868 780
868 780 -693 725
700 199 -683 766
-952 -254 -383 23
-899 960 933 312
930 -280 793 -405
-744 709 -2 -681
746 -545 467 164
-383 23 -656 -107
-2 -681 -509 -978
407 591 249 -704
-899 960 334 -858
-656 -107 826 362
930 -280 -480 -563
249 -704 684 -312
930 -280 -789 -15
249 -704 11 -118
930 -280 990 -790
249 -704 341 -157
341 -157 -277 380
249 -704 -636 -984
-2 -681 -387 -800
868 780 -264 210
334 -858 820 304
-656 -107 24 628
684 -312 -457 59
-744 709 -111 -647
-387 -800 965 -850
341 -157 -825 -355
-2 -681 460 968
746 -545 -81 -779
467 164 371 104
-2 -681 903 201
-480 -563 -174 657
11 -118 -701 510
793 -405 -256 945
-656 -107 255 612
249 -704 -380 635
820 304 -771 -569
-899 960 487 -864
24 628 556 -305
-383 23 184 841
-656 -107 300 672
930 -280 475 74
746 -545 856 99
820 304 -321 335
-256 945 53 618
-174 657 -696 39
407 591 100 -88
836 322 -716 -165
-380 635 -28 -549
-264 210 -824 -38
-480 -563 -835 -808
868 780 -535 -110
-174 657 413 155
-716 -165 591 -151
-28 -549 642 -769
-277 380 -278 -646
-383 23 -207 687
-380 635 823 -742
184 841 410 964
-824 -38 244 -89
-636 -984 -823 -213
556 -305 958 -978
11 -118 -884 888
-111 -647 -390 868
475 74 789 476
820 304 149 -423
-823 -213 599 -609
255 612 310 -852
-952 -254 625 -245
793 -405 649 36
793 -405 -65 7
407 591 -384 839
149 -423 -490 -836
856 99 816 641
300 672 109 -648
-480 -563 992 -149
487 -864 -539 309
-256 945 227 861
-387 -800 320 732
341 -157 -752 545
599 -609 567 727
-535 -110 634 227
184 841 -635 -291
-277 380 -177 -761
-2 -681 291 -710
-480 -563 -511 -573
249 -704 -478 -432
-111 -647 -50 -58
487 -864 -876 522
-174 657 -729 663
816 641 -421 458
341 -157 97 509
-693 725 -273 368
-207 687 -907 838
-825 -355 -90 -655
933 312 592 505
-421 458 -42 731
-384 839 115 990
-539 309 425 281
642 -769 -941 -65
-273 368 -819 151
-421 458 -988 -762
371 104 -360 -433
-50 -58 431 -974
24 628 304 -482
320 732 939 -713
227 861 951 -759
310 -852 -894 572
255 612 966 -163
992 -149 554 -620
992 -149 299 443
684 -312 343 -573
-277 380 -319 -342
320 732 -302 -908
97 509 91 -959
-319 -342 316 690
149 -423 -54 542
-2 -681 581 706
-478 -432 -178 -915
990 -790 -151 235
567 727 -619 623
836 322 860 -883
24 628 331 -482
-264 210 -127 -202
149 -423 895 -729
700 199 -325 -14
425 281 -992 534
965 -850 -25 305
-151 235 -403 -576
-177 -761 -496 -977
-729 663 -441 324
487 -864 505 970
-127 -202 -571 -279
300 672 -87 455
-571 -279 -747 666
184 841 985 219
304 -482 -521 933
-656 -107 -577 -330
-325 -14 -218 -382
-819 151 -455 -472
-174 657 -340 995
-683 766 575 178
331 -482 -887 226
746 -545 132 -396
-457 59 706 607
-635 -291 438 671
431 -974 -227 945
331 -482 148 -257
475 74 157 462
-496 -977 419 232
-535 -110 211 820
-539 309 -93 615
-635 -291 -243 -287
-577 -330 883 -981
-273 368 890 710
316 690 739 414
-894 572 84 -700
-302 -908 675 -302
-380 635 -652 -317
-887 226 -810 -114
-325 -14 417 708
820 304 393 274
-455 -472 12 -440
581 706 -326 -621
115 990 -295 584
-54 542 -253 -582
-227 945 322 -631
-42 731 -375 601
-302 -908 -289 389
789 476 -230 328
599 -609 -139 612
816 641 -986 128
-28 -549 808 802
410 964 -797 -583
425 281 129 -213
-696 39 -727 603
149 -423 658 674
-243 -287 512 830
-480 -563 -409 -676
-894 572 292 -76
675 -302 -873 253
341 -157 -19 13
-375 601 -603 -335
-899 960 229 -754
965 -850 549 458
316 690 991 -614
-340 995 871 216
-535 -110 544 551
417 708 63 780
990 -790 346 -968
-384 839 -848 -293
200
-8 597 160 352
-8 597 549 -833
-8 597 648 -772
160 352 -131 330
-8 597 -931 -832
160 352 -331 -465
-8 597 -622 349
648 -772 688 -490
688 -490 -997 499
549 -833 -515 -888
549 -833 -77 523
-8 597 -656 276
-931 -832 -318 959
549 -833 681 -545
681 -545 -385 650
648 -772 978 -28
688 -490 -103 -744
-656 276 -54 -502
-331 -465 -426 449
-622 349 -574 -143
648 -772 26 -795
160 352 563 349
-931 -832 -936 814
-54 -502 943 -51
-331 -465 -180 -543
-54 -502 722 -387
-931 -832 -313 320
681 -545 -173 -677
-656 276 -106 516
-173 -677 867 223
978 -28 823 994
-77 523 946 433
978 -28 412 282
-103 -744 -242 -555
688 -490 -575 744
-331 -465 -189 462
-515 -888 824 -317
943 -51 969 359
563 349 -684 511
-936 814 43 -164
-131 330 -224 -614
-103 -744 -901 -836
681 -545 -675 -608
-426 449 146 -289
-189 462 -657 882
412 282 -581 -457
-574 -143 934 893
-936 814 -100 -188
-622 349 307 738
-189 462 370 -365
412 282 -975 420
-515 -888 547 -646
370 -365 279 -29
-77 523 -540 800
-173 -677 -365 188
-581 -457 746 82
-657 882 393 -963
-657 882 630 370
563 349 -991 -305
412 282 -747 855
-997 499 449 -39
630 370 -245 103
978 -28 -156 561
-100 -188 947 -249
978 -28 -961 907
-385 650 251 668
146 -289 735 958
-365 188 -512 896
43 -164 -320 -946
824 -317 -655 -788
26 -795 -60 20
251 668 -678 -838
-684 511 404 458
-318 959 588 201
-675 -608 -105 208
370 -365 241 83
-77 523 -483 142
-318 959 -524 621
-684 511 -158 -112
-675 -608 -683 -877
-656 276 -419 495
-54 -502 673 746
-100 -188 706 61
-103 -744 555 774
-581 -457 264 -237
43 -164 -826 -203
-657 882 3 -229
-180 -543 127 -687
-106 516 373 -822
-426 449 721 -565
-931 -832 689 -527
746 82 680 670
-678 -838 -907 -725
-826 -203 306 983
-901 -836 533 740
588 201 -978 585
-173 -677 -729 -250
588 201 503 -833
26 -795 -983 915
251 668 -812 933
547 -646 -61 829
681 -545 520 -210
279 -29 -894 623
306 983 315 277
588 201 531 582
555 774 470 75
-60 20 -407 -475
-54 -502 -526 -429
315 277 750 658
-419 495 -466 -18
-826 -203 998 -363
-173 -677 -874 -854
393 -963 -565 440
998 -363 0 -947
-313 320 330 764
943 -51 -373 891
-426 449 -637 850
-320 -946 71 -430
-574 -143 -541 -286
-54 -502 17 632
17 632 253 698
315 277 -44 -543
549 -833 -757 -871
-901 -836 807 -107
547 -646 -379 -187
-373 891 242 729
241 83 576 736
-655 -788 -397 -123
241 83 -841 496
-105 208 849 -969
520 -210 92 233
-901 -836 -752 664
449 -39 -660 -821
-106 516 -219 194
824 -317 13 -877
-752 664 -528 916
-426 449 -666 647
393 -963 532 -808
-683 -877 466 -534
404 458 172 -501
-331 -465 37 -898
-936 814 -751 -735
-657 882 -947 38
160 352 -923 976
-331 -465 699 83
-100 -188 -495 638
-419 495 210 -71
-318 959 562 -37
-637 850 -768 851
253 698 502 -265
210 -71 276 -688
-894 623 600 -530
-224 -614 -764 -26
-483 142 408 -926
563 349 -250 893
600 -530 890 395
-60 20 -63 467
-426 449 -109 -330
-841 496 660 905
-318 959 224 495
-747 855 -834 856
279 -29 -433 -73
946 433 -445 291
-224 -614 920 -171
-379 -187 668 -607
26 -795 14 554
547 -646 -482 388
-245 103 -663 -504
-313 320 295 -514
307 738 -181 -163
576 736 -735 -284
-991 -305 -877 780
576 736 313 -609
43 -164 -502 702
-637 850 -601 -536
673 746 -367 235
14 554 877 -268
313 -609 703 -124
562 -37 -302 -271
946 433 -871 747
-663 -504 439 530
-385 650 -992 577
531 582 79 55
-245 103 -519 447
306 983 290 672
14 554 -375 -179
-242 -555 -216 211
37 -898 -562 -77
-757 -871 650 -402
-751 -735 -585 866
-181 -163 304 745
37 -898 -579 54
313 -609 -457 -701
588 201 -391 -93
-936 814 -844 590
-54 -502 -128 635
-373 891 990 772
-483 142 -347 -803
-457 -701 -893 -918
-574 -143 -759 -266
200
166 -439 -973 -76
-973 -76 590 789
590 789 -362 -521
-973 -76 -576 -782
166 -439 -979 396
-362 -521 -237 320
-576 -782 298 915
590 789 -768 -798
-576 -782 -156 -956
-237 320 -287 511
-237 320 -40 -2
590 789 858 -646
-237 320 -695 -817
-695 -817 405 -107
-362 -521 743 29
590 789 -574 0
-237 320 188 -258
-979 396 -947 911
-237 320 -928 896
-695 -817 988 953
-979 396 612 16
-973 -76 -57 545
612 16 981 576
-237 320 975 808
298 915 689 -887
188 -258 488 -950
-57 545 86 -672
298 915 991 -887
-947 911 685 -125
975 808 -832 527
-973 -76 217 308
166 -439 -863 -719
-973 -76 -791 108
217 308 -8 947
988 953 60 -769
689 -887 -290 -814
-290 -814 -940 215
298 915 -278 406
298 915 336 -168
405 -107 -134 134
-57 545 -390 -169
217 308 471 -912
-979 396 -504 -910
-134 134 46 149
-928 896 406 -5
188 -258 670 -758
988 953 -201 -195
-863 -719 -539 81
689 -887 -756 -565
405 -107 -880 -691
488 -950 92 -450
-928 896 763 621
-973 -76 -633 802
-928 896 665 -457
-979 396 216 -336
-504 -910 -774 510
471 -912 -600 -372
-362 -521 159 541
763 621 -276 25
-756 -565 579 355
-290 -814 -28 -298
298 915 -513 715
981 576 -898 -242
166 -439 902 -305
612 16 -322 -860
-768 -798 -517 -248
46 149 977 -170
-287 511 -585 -690
159 541 -97 740
-513 715 398 -871
-322 -860 -149 -593
188 -258 -249 275
-756 -565 690 -707
-390 -169 -707 -292
-517 -248 816 401
-8 947 444 775
-600 -372 287 878
-791 108 511 58
336 -168 -301 425
-201 -195 -178 -451
612 16 417 -591
-97 740 177 306
-940 215 -308 -235
-308 -235 -203 535
-390 -169 24 372
298 915 570 -366
24 372 122 390
287 878 120 -770
336 -168 -410 95
216 -336 76 -57
977 -170 -265 -812
665 -457 -510 -782
-633 802 -296 -193
-973 -76 -646 183
398 -871 172 177
-774 510 -147 -180
120 -770 -218 239
-646 183 -143 -618
-979 396 -167 477
902 -305 -450 485
-979 396 2 -510
172 177 -978 156
-513 715 -302 292
336 -168 -500 -275
-249 275 66 551
858 -646 -772 -562
-928 896 948 -335
-450 485 -58 818
-296 -193 -681 431
743 29 435 -147
-539 81 -169 -445
-287 511 476 126
92 -450 -288 189
-898 -242 -610 -26
-218 239 953 -136
-928 896 -258 -559
-169 -445 289 -750
991 -887 353 661
-707 -292 -253 -3
579 355 -116 169
-156 -956 -836 205
417 -591 -762 849
-201 -195 148 -793
-301 425 143 913
665 -457 -122 -209
-57 545 230 -948
-122 -209 -715 -391
-633 802 -133 970
-276 25 -708 491
405 -107 264 691
216 -336 -920 579
-122 -209 674 -818
405 -107 327 676
-762 849 215 344
-290 -814 347 145
-58 818 -516 996
-253 -3 -291 321
-610 -26 629 -802
674 -818 -839 615
417 -591 163 -44
-278 406 305 -165
-8 947 -29 39
-500 -275 -85 674
-450 485 -587 -213
-291 321 -498 110
444 775 645 212
215 344 -991 -776
417 -591 867 130
-940 215 291 907
-991 -776 -744 372
953 -136 -711 -68
-695 -817 -563 727
327 676 -385 -747
977 -170 954 117
-29 39 318 -539
858 -646 -673 -196
-646 183 -725 847
-302 292 -723 163
-715 -391 501 789
579 355 -661 -702
-504 -910 -43 768
-708 491 -378 891
-133 970 -609 609
-410 95 993 -445
858 -646 419 172
-385 -747 -802 -816
471 -912 760 -990
-258 -559 -721 18
-167 477 -849 -310
-43 768 388 69
-253 -3 113 -234
-510 -782 666 378
166 -439 108 -715
488 -950 61 624
86 -672 437 -644
-510 -782 625 -637
-723 163 -503 81
264 691 784 -200
437 -644 576 994
-979 396 -869 -435
689 -887 114 -691
-587 -213 -84 801
-278 406 563 897
-979 396 -173 -596
-58 818 -595 219
-43 768 -944 -678
-772 -562 748 958
748 958 880 387
-711 -68 -412 -391
444 775 -838 712
289 -750 -469 907
-681 431 -953 -357
108 -715 963 775
-802 -816 -46 188
-84 801 -807 257
-979 396 192 562
163 -44 962 -869
-863 -719 -81 126
-576 -782 895 392
406 -5 -387 -477
200
650 -284 350 -78
350 -78 -611 -5
-611 -5 665 16
-611 -5 755 -81
-611 -5 916 -351
916 -351 -92 -865
350 -78 -859 693
665 16 -30 -382
650 -284 432 464
-859 693 977 349
916 -351 -213 -671
350 -78 576 -98
755 -81 -128 119
350 -78 67 -539
-128 119 940 437
-92 -865 -477 -829
-477 -829 -434 890
665 16 570 837
977 349 693 -197
432 464 383 573
940 437 864 -750
-213 -671 -441 904
67 -539 8 121
432 464 206 937
-611 -5 -89 -285
67 -539 70 764
-92 -865 691 -127
-859 693 -317 394
-859 693 -115 -522
8 121 170 267
-213 -671 953 -207
432 464 51 -362
691 -127 -514 -285
693 -197 58 -459
67 -539 114 -21
665 16 849 -415
864 -750 -655 329
-611 -5 599 361
-441 904 -398 -921
755 -81 898 774
-128 119 216 5
-477 -829 -924 -668
864 -750 -608 -192
206 937 -972 386
-972 386 -701 311
977 349 927 701
51 -362 926 86
70 764 -963 -999
-441 904 900 -850
-115 -522 -81 766
-963 -999 729 -8
-89 -285 902 406
940 437 639 76
70 764 497 56
-924 -668 -964 133
953 -207 807 699
8 121 -47 -983
383 573 328 484
432 464 980 -887
432 464 855 639
58 -459 42 358
-89 -285 -846 159
755 -81 -24 600
216 5 -194 -325
691 -127 511 -833
-92 -865 -623 -610
-24 600 801 399
599 361 -38 253
-846 159 736 -371
691 -127 327 -1000
-89 -285 -552 564
801 399 -571 942
114 -21 -898 992
-611 -5 822 971
-552 564 782 -922
-552 564 -143 -531
-47 -983 -376 352
782 -922 -245 -672
755 -81 -497 560
801 399 -643 217
511 -833 -233 798
497 56 630 -330
665 16 -646 -456
807 699 -411 -140
-477 -829 -161 -199
576 -98 828 -111
-623 -610 174 754
-924 -668 578 -609
940 437 319 -415
-552 564 761 -795
-846 159 -662 873
599 361 -104 988
42 358 -689 -615
801 399 760 868
-655 329 215 628
-552 564 336 310
8 121 -732 -889
900 -850 945 -919
570 837 177 823
977 349 -520 950
-662 873 720 -799
-194 -325 850 566
-398 -921 30 -137
855 639 861 -89
926 86 299 -214
-924 -668 881 694
828 -111 -995 -43
729 -8 -945 245
-143 -531 -703 635
-213 -671 -105 641
-38 253 -265 -717
-623 -610 -191 -876
900 -850 -516 -272
-376 352 54 729
-317 394 992 -86
578 -609 -950 -141
729 -8 -295 371
-81 766 -932 -321
720 -799 -27 -126
-115 -522 -895 -662
-434 890 -484 -598
216 5 508 -602
849 -415 500 828
691 -127 -527 -686
864 -750 830 464
-520 950 292 90
-233 798 -167 754
-265 -717 -530 879
319 -415 790 -798
500 828 848 82
881 694 -178 241
206 937 -909 103
383 573 -64 -425
822 971 391 802
576 -98 479 -674
736 -371 717 284
-104 988 995 -240
-846 159 -77 -227
992 -86 781 -549
-571 942 504 60
-964 133 -470 752
-245 -672 876 63
-265 -717 178 -924
30 -137 655 201
-895 -662 -339 -995
693 -197 738 338
945 -919 334 280
807 699 -979 753
328 484 108 742
511 -833 -456 273
-81 766 -834 630
691 -127 176 148
-909 103 753 -163
-643 217 -939 439
-909 103 -878 -292
570 837 862 -939
-932 -321 -117 -856
926 86 820 -169
-24 600 525 -250
-932 -321 -793 -52
-979 753 -375 -382
-932 -321 427 -14
916 -351 121 -77
-194 -325 38 412
855 639 -958 868
30 -137 -455 821
864 -750 -832 -717
900 -850 -111 514
-689 -615 897 -152
-77 -227 -353 -353
334 280 866 386
665 16 -310 376
-213 -671 670 507
-167 754 704 -785
-552 564 -361 -667
980 -887 315 -838
-972 386 783 583
790 -798 -99 847
760 868 -267 -386
-115 -522 -523 867
-950 -141 -826 -251
54 729 228 826
334 280 235 606
315 -838 265 -312
-552 564 -542 -929
-834 630 -588 -339
-267 -386 421 -773
864 -750 -535 -395
862 -939 628 683
-995 -43 -185 346
-958 868 294 -787
-732 -889 -921 -613
790 -798 196 -77
599 361 872 996
926 86 741 -994
850 566 933 -379
-375 -382 -745 593
820 -169 159 -248
-411 -140 262 -839
-939 439 -896 57
200
105 364 297 -405
105 364 -262 396
297 -405 -256 -633
-262 396 -419 268
297 -405 -635 916
297 -405 856 377
-262 396 485 -548
297 -405 947 -631
-262 396 779 354
-419 268 906 669
-419 268 -406 994
947 -631 911 -964
-419 268 771 -671
-635 916 31 322
-262 396 -422 -539
105 364 612 77
906 669 -236 -156
-635 916 -795 -49
485 -548 115 936
779 354 -770 274
485 -548 648 526
-419 268 699 539
-406 994 -514 983
-635 916 823 -801
31 322 -507 948
-236 -156 568 694
115 936 790 591
485 -548 183 397
-795 -49 -807 572
612 77 359 -506
31 322 351 -412
351 -412 -428 816
-256 -633 -842 -164
911 -964 -297 694
911 -964 -257 277
790 591 957 517
-842 -164 -400 -442
856 377 -811 -170
823 -801 574 446
-807 572 592 729
105 364 110 -896
957 517 198 514
351 -412 518 359
-795 -49 468 -18
359 -506 312 -741
957 517 239 -938
957 517 -292 423
648 526 879 268
823 -801 -28 -186
771 -671 -185 552
-635 916 800 858
879 268 872 -112
239 -938 712 -789
911 -964 633 427
110 -896 -443 734
856 377 546 982
-256 -633 -377 -534
790 591 61 -448
-842 -164 225 783
61 -448 261 455
359 -506 655 -514
261 455 -643 317
771 -671 786 715
261 455 -338 578
-185 552 426 447
312 -741 -268 847
-262 396 835 856
239 -938 991 12
771 -671 839 -720
991 12 -336 -525
-257 277 -597 -281
-256 -633 -698 236
879 268 149 -400
592 729 -783 304
-185 552 27 -89
105 364 432 237
856 377 -827 -627
518 359 -1 -465
-336 -525 282 487
-795 -49 554 151
-1 -465 894 528
282 487 -962 986
-827 -627 296 -534
351 -412 959 -243
-1 -465 581 -597
699 539 12 -688
110 -896 419 599
282 487 467 -907
771 -671 433 -770
261 455 726 -355
-807 572 567 -698
957 517 -715 -87
468 -18 -958 318
261 455 111 -806
-28 -186 645 -49
-338 578 -533 440
31 322 -558 -53
359 -506 -469 557
-406 994 -41 728
-336 -525 257 806
872 -112 470 845
-419 268 578 -624
359 -506 -887 -247
183 397 -429 309
225 783 545 525
297 -405 263 533
433 -770 -905 286
432 237 286 416
578 -624 -282 -48
-41 728 757 -279
61 -448 715 543
-262 396 611 -206
-292 423 -504 -219
297 -405 167 105
115 936 95 -114
568 694 -135 323
-807 572 -96 292
712 -789 -868 299
991 12 394 701
-41 728 -805 919
-827 -627 -71 -376
633 427 600 -18
-71 -376 -574 928
518 359 697 288
800 858 495 810
485 -548 -38 -351
839 -720 506 -614
-795 -49 86 -302
-377 -534 -432 809
86 -302 -222 334
495 810 293 202
894 528 860 429
-807 572 -686 782
-958 318 -445 781
426 447 716 897
506 -614 -649 27
957 517 -451 34
-257 277 930 122
-686 782 252 -572
-807 572 345 -522
432 237 910 -109
-445 781 -996 -750
-236 -156 -250 -984
-827 -627 693 270
612 77 -208 -740
-38 -351 -641 -696
296 -534 881 -99
-222 334 245 -21
779 354 -98 811
-715 -87 761 989
-250 -984 -788 -440
468 -18 -725 458
-698 236 749 745
-406 994 -521 892
239 -938 -524 828
282 487 129 780
239 -938 -742 -227
839 -720 649 -911
-28 -186 -621 702
554 151 -954 613
-827 -627 666 876
-419 268 -238 -329
286 416 924 900
-429 309 814 336
345 -522 780 504
467 -907 -217 998
611 -206 -193 -863
611 -206 -542 112
-268 847 -103 658
-621 702 -325 -52
666 876 638 745
910 -109 635 -679
-783 304 262 566
-41 728 99 -710
198 514 25 315
-574 928 558 788
86 -302 897 465
-28 -186 500 936
860 429 28 -850
433 -770 74 996
-827 -627 -712 858
-649 27 669 495
-236 -156 -344 -978
897 465 15 811
-641 -696 -798 357
568 694 862 508
263 533 20 -576
715 543 -440 715
790 591 -911 800
432 237 187 -915
263 533 752 -326
-217 998 695 824
-419 268 -857 999
-282 -48 -272 246
635 -679 243 -995
-911 800 204 -974
649 -911 -726 -916
432 237 143 302
881 -99 656 -845
-597 -281 -523 -108
