10
200
187 578 511 -149
187 578 36 -388
187 578 -954 -594
187 578 -841 -807
-954 -594 799 63
511 -149 587 -437
-954 -594 -973 708
36 -388 -782 -732
587 -437 173 -882
511 -149 908 475
173 -882 157 -564
-973 708 -561 -2
36 -388 217 -64
799 63 835 -659
-561 -2 282 -30
-973 708 476 283
-841 -807 32 807
-841 -807 -136 407
217 -64 7 -558
157 -564 -218 327
7 -558 901 -481
-561 -2 -575 -133
-575 -133 -949 -787
187 578 441 680
-841 -807 -179 -798
476 283 -529 -517
587 -437 996 -611
799 63 -608 -793
-561 -2 -987 489
-608 -793 344 -564
157 -564 274 -956
187 578 -907 -812
587 -437 -396 752
-782 -732 -186 274
36 -388 -707 193
-987 489 347 -568
-136 407 463 -165
32 807 -361 -112
-186 274 791 -345
-179 -798 166 -803
-973 708 -883 -256
-529 -517 386 598
441 680 -253 -600
835 -659 -607 -807
-883 -256 295 -615
157 -564 46 -111
7 -558 992 769
344 -564 226 -391
-973 708 -517 -71
-607 -807 -490 -759
-987 489 -97 443
295 -615 -527 72
901 -481 595 772
901 -481 -26 175
511 -149 45 893
-179 -798 572 -591
-97 443 635 -862
36 -388 877 618
-949 -787 -933 -597
166 -803 564 605
587 -437 257 264
-26 175 -356 -532
-608 -793 712 -628
835 -659 -766 -442
441 680 629 409
347 -568 101 -959
173 -882 -990 -595
295 -615 -108 -457
386 598 322 -468
173 -882 370 311
791 -345 242 662
157 -564 284 -856
-954 -594 -882 -917
835 -659 -837 314
-186 274 -363 -846
226 -391 736 743
901 -481 -248 681
-607 -807 979 706
45 893 -477 -163
370 311 605 163
-766 -442 808 251
-490 -759 306 454
-136 407 44 174
979 706 -661 425
901 -481 -215 838
295 -615 -976 -87
635 -862 982 320
-186 274 517 -902
344 -564 -671 977
808 251 837 -611
157 -564 -387 451
808 251 592 740
-841 -807 510 628
463 -165 602 -354
-837 314 -761 493
-396 752 350 -828
-607 -807 -588 -725
595 772 944 747
441 680 -741 19
-179 -798 -103 918
979 706 -294 -15
-987 489 -56 -993
-517 -71 24 -296
166 -803 -700 876
-97 443 -565 84
242 662 652 377
-108 -457 188 -517
-990 -595 -217 640
595 772 617 -7
476 283 -979 461
-700 876 99 997
-707 193 -244 864
-882 -917 472 -504
-907 -812 -868 -25
-973 708 -894 -768
7 -558 55 215
344 -564 100 609
-761 493 -981 -243
-477 -163 615 -161
-987 489 227 329
-661 425 -189 -379
-363 -846 107 -573
44 174 123 -288
-136 407 -580 -709
226 -391 -805 -59
370 311 -993 -761
284 -856 495 918
602 -354 655 26
347 -568 -9 757
-990 -595 917 137
602 -354 -624 -961
-189 -379 -75 515
-218 327 245 -894
-9 757 -955 510
629 409 75 269
605 163 594 -567
629 409 525 -894
712 -628 515 -214
564 605 255 302
-527 72 -839 281
-9 757 -718 -264
982 320 -645 -609
-981 -243 -511 -510
-387 451 433 -662
284 -856 -176 286
-976 -87 471 -568
-954 -594 -525 -373
44 174 -914 203
511 -149 57 197
592 740 -709 0
-914 203 317 669
-529 -517 457 -310
-709 0 -847 -980
835 -659 -887 259
-75 515 -138 373
-361 -112 -427 936
602 -354 998 -904
901 -481 -86 898
472 -504 -358 -33
350 -828 259 -523
-103 918 782 109
901 -481 416 -447
350 -828 -439 -233
107 -573 449 921
736 743 512 297
284 -856 685 -113
-561 -2 -232 -999
257 264 -998 -865
635 -862 954 219
510 628 115 115
782 109 -823 -232
-707 193 558 -878
-387 451 393 -323
615 -161 -30 -626
7 -558 -255 -731
-189 -379 -224 -280
217 -64 238 -137
-709 0 0 336
-30 -626 -746 621
476 283 67 -293
998 -904 868 -96
-588 -725 643 930
255 302 234 5
-189 -379 -739 -96
-75 515 -180 -719
-761 493 -450 -175
-248 681 852 978
-427 936 258 -435
-218 327 168 230
736 743 764 -350
-837 314 -546 274
44 174 961 64
-217 640 699 462
242 662 2 -459
-232 -999 -245 794
-868 -25 523 -65
-588 -725 832 -708
75 269 876 724
655 26 326 20
808 251 916 199
200
-730 -744 684 578
684 578 179 684
-730 -744 -688 79
-688 79 -435 -546
-435 -546 408 -147
684 578 -683 410
-730 -744 -815 456
-730 -744 915 -227
-730 -744 -400 -107
684 578 -588 -574
408 -147 -233 49
-588 -574 896 -866
-688 79 59 16
-588 -574 958 -224
-588 -574 292 -505
-400 -107 126 -202
-815 456 -282 -113
-688 79 70 58
-815 456 798 797
896 -866 595 -371
684 578 232 921
126 -202 247 301
958 -224 -593 356
-730 -744 -283 -596
-815 456 874 585
684 578 -86 99
-688 79 -955 -871
-435 -546 728 827
-86 99 -304 42
-683 410 1000 726
-683 410 -774 -6
59 16 -777 287
59 16 939 75
179 684 -791 896
408 -147 865 553
-588 -574 784 1000
684 578 -712 -106
728 827 729 -214
292 -505 -542 -790
595 -371 -616 -367
874 585 853 -745
-282 -113 668 176
-304 42 160 -221
874 585 543 -405
1000 726 -149 -418
-593 356 491 -190
543 -405 269 782
-282 -113 -680 145
-400 -107 -950 408
874 585 576 -75
668 176 836 600
668 176 199 698
-86 99 165 498
668 176 433 -327
668 176 325 -257
-435 -546 782 -579
958 -224 -507 -205
958 -224 793 -617
-712 -106 317 -904
-815 456 988 13
-955 -871 721 -508
-774 -6 -262 912
-304 42 -315 720
-712 -106 936 671
-683 410 786 -939
-680 145 624 -479
-304 42 173 731
1000 726 155 462
543 -405 -649 713
-400 -107 -690 811
958 -224 -411 908
939 75 -151 -400
865 553 347 745
160 -221 -667 597
784 1000 -246 322
-791 896 -270 -460
232 921 -935 376
247 301 636 -851
729 -214 -278 25
-86 99 -301 107
595 -371 -973 914
160 -221 -985 503
160 -221 837 278
-233 49 320 551
721 -508 -854 310
958 -224 771 473
853 -745 577 457
317 -904 582 -550
-151 -400 -415 -865
-950 408 -747 352
782 -579 732 -544
347 745 933 227
-712 -106 -611 635
269 782 630 64
155 462 -622 -934
1000 726 -802 664
1000 726 534 429
874 585 -775 845
1000 726 847 -552
-616 -367 -43 -976
325 -257 794 -417
630 64 768 311
433 -327 725 78
59 16 -880 781
317 -904 -965 490
-777 287 878 793
433 -327 254 292
543 -405 355 -534
-588 -574 -449 -292
-683 410 665 -104
355 -534 -635 -914
165 498 -532 -605
-747 352 -231 -170
-304 42 -118 -187
-973 914 976 88
292 -505 -417 208
-712 -106 -744 733
728 827 62 -265
-231 -170 273 53
-802 664 -414 399
247 301 984 -864
793 -617 -103 -965
784 1000 -675 214
-593 356 -380 -474
984 -864 -511 -15
-435 -546 -573 -11
-282 -113 -350 807
-414 399 -600 -963
317 -904 -713 312
624 -479 445 136
-712 -106 343 110
-730 -744 -519 834
939 75 -368 -274
-411 908 717 381
786 -939 895 785
-411 908 327 459
-588 -574 525 -507
-688 79 -352 -620
-880 781 -570 -447
-690 811 -372 -961
534 429 626 704
-588 -574 -8 -189
160 -221 55 -33
126 -202 788 -97
-690 811 565 -606
-775 845 -538 790
-713 312 -403 -488
874 585 -167 61
984 -864 930 544
-151 -400 414 -761
62 -265 535 992
-649 713 -89 937
433 -327 -381 -673
-616 -367 337 -406
-649 713 -108 -403
-283 -596 907 -749
-43 -976 -686 -698
984 -864 564 797
232 921 -958 -881
-950 408 755 534
62 -265 402 368
-688 79 396 -682
-744 733 -365 -511
543 -405 906 -108
402 368 162 533
162 533 -140 812
988 13 925 -270
-381 -673 -54 -343
-532 -605 588 -456
165 498 -845 -625
-449 -292 -551 80
-54 -343 -53 185
-854 310 -664 -509
337 -406 -141 412
543 -405 272 -849
320 551 -727 118
-43 -976 133 63
-802 664 -47 -341
-103 -965 -917 -28
906 -108 -561 319
-747 352 -524 -556
402 368 442 -240
784 1000 -389 37
199 698 -890 -614
-403 -488 -366 -153
-965 490 352 -25
-664 -509 -906 -25
165 498 868 -739
491 -190 243 93
-262 912 -419 486
-419 486 -628 -981
325 -257 447 -862
-955 -871 -754 -505
-542 -790 605 268
728 827 -136 264
525 -507 288 372
-380 -474 825 914
-352 -620 -109 247
-415 -865 443 637
-108 -403 -898 -50
200
-482 755 -536 -562
-482 755 -610 -722
-610 -722 498 964
-536 -562 -330 998
-330 998 -764 -194
-536 -562 -247 -249
-247 -249 -653 -673
-653 -673 -990 -490
498 964 706 -295
-653 -673 -901 -521
706 -295 -368 453
706 -295 -730 -401
-990 -490 654 924
-610 -722 -556 394
-536 -562 996 182
-556 394 -28 -64
498 964 582 -364
706 -295 -7 -360
-764 -194 655 -169
-730 -401 353 -302
-610 -722 917 -348
498 964 799 -832
-901 -521 -291 -569
-730 -401 -246 238
-482 755 -889 -508
-730 -401 850 -109
-7 -360 -119 -386
654 924 -272 -825
-291 -569 999 699
-7 -360 -213 788
-213 788 -964 747
-556 394 268 -543
917 -348 -215 -381
-556 394 -823 529
-990 -490 -525 -343
582 -364 647 112
-119 -386 352 715
-119 -386 580 -975
-901 -521 -157 526
-28 -64 -689 492
-28 -64 -614 -254
-7 -360 454 -291
996 182 752 -516
-157 526 -591 650
850 -109 410 -102
410 -102 616 -416
-525 -343 -994 376
850 -109 625 403
-246 238 -378 312
-247 -249 336 296
655 -169 -935 132
655 -169 -355 388
498 964 -690 -19
-591 650 -473 -977
647 112 254 945
-378 312 274 -222
996 182 258 19
254 945 308 988
-823 529 304 255
647 112 806 -552
-215 -381 795 -859
352 715 291 449
-157 526 554 -15
654 924 -627 -267
582 -364 -144 -149
-889 -508 -256 -973
304 255 -850 444
254 945 -604 -781
799 -832 922 -46
-627 -267 893 97
-730 -401 -822 -76
274 -222 -925 113
410 -102 769 -168
353 -302 779 222
769 -168 629 411
268 -543 573 -609
-272 -825 -600 -281
-473 -977 991 739
582 -364 495 -565
-990 -490 924 149
-536 -562 518 -180
647 112 -866 -444
-378 312 -3 469
647 112 -178 556
-7 -360 -236 -948
996 182 378 -871
-246 238 571 477
-690 -19 -829 -173
999 699 -683 -345
-291 -569 -165 -39
922 -46 -367 -812
291 449 -176 708
352 715 548 -723
-178 556 442 457
-165 -39 650 379
924 149 72 -13
308 988 -27 821
-291 -569 520 -89
291 449 813 159
-213 788 -103 -667
378 -871 567 -118
629 411 -815 -223
-653 -673 198 722
573 -609 959 -650
625 403 976 684
-823 529 376 -936
-850 444 -61 851
573 -609 907 753
-610 -722 -742 86
198 722 126 -590
-764 -194 -5 983
-935 132 847 -222
-829 -173 312 -721
655 -169 882 -742
580 -975 -599 -363
-823 529 -415 234
-236 -948 -748 230
304 255 -249 802
-247 -249 244 28
-525 -343 789 580
254 945 340 -83
655 -169 -682 478
-415 234 -160 672
655 -169 216 19
-415 234 -786 401
647 112 -442 -722
-165 -39 -515 -844
410 -102 440 99
573 -609 329 860
-482 755 -211 718
847 -222 958 115
378 -871 428 15
-5 983 -972 575
-972 575 250 -600
-236 -948 305 -6
352 715 707 -219
-176 708 -516 611
495 -565 -399 -577
-515 -844 -946 -217
-330 998 -991 789
274 -222 27 -335
922 -46 -527 744
-815 -223 401 -52
-367 -812 908 467
-516 611 301 840
250 -600 421 -916
-829 -173 -819 444
-178 556 -45 -969
-399 -577 957 -644
-991 789 -908 810
847 -222 -565 -517
-272 -825 809 13
795 -859 -805 -27
-819 444 -528 -729
-815 -223 -763 -603
882 -742 357 -607
882 -742 -26 94
-61 851 -798 361
428 15 -226 -270
-355 388 483 -468
-972 575 -455 -868
301 840 -506 -601
-819 444 455 869
-26 94 474 785
-610 -722 207 485
-103 -667 -377 -169
-272 -825 255 -157
305 -6 896 368
454 -291 -206 848
-367 -812 -696 53
268 -543 69 738
305 -6 -544 -59
917 -348 -63 866
198 722 -295 -234
-565 -517 -651 445
312 -721 -111 537
-367 -812 577 620
-176 708 568 409
336 296 281 334
198 722 -281 208
376 -936 187 -302
-378 312 95 -890
-176 708 675 -586
-256 -973 1 -823
-528 -729 -698 320
-473 -977 -102 -757
996 182 -999 43
567 -118 842 -821
577 620 -382 552
-600 -281 609 20
254 945 -121 -346
809 13 314 -149
-556 394 -253 885
-506 -601 -677 -446
917 -348 974 -428
609 20 974 644
-111 537 309 163
957 -644 -542 -374
-215 -381 670 -510
308 988 -854 -180
200
316 -800 240 -306
240 -306 218 -173
240 -306 -579 783
218 -173 -908 16
-908 16 372 -870
240 -306 501 -925
316 -800 629 588
-908 16 318 808
240 -306 695 -433
318 808 636 -679
-579 783 54 510
240 -306 739 -124
636 -679 921 -589
240 -306 246 78
54 510 812 660
316 -800 609 749
921 -589 -312 992
316 -800 579 120
609 749 -446 -570
579 120 31 364
-908 16 46 -432
609 749 -103 951
-446 -570 653 318
318 808 -344 -333
246 78 -420 -344
246 78 519 -19
246 78 728 250
54 510 820 -796
653 318 889 -824
316 -800 -561 -270
501 -925 699 -262
653 318 431 -282
728 250 -563 810
609 749 -576 -363
-103 951 -638 117
812 660 -660 740
31 364 -498 -420
609 749 -490 -869
636 -679 -733 219
820 -796 708 -593
-561 -270 630 57
699 -262 -707 546
519 -19 995 -591
820 -796 -54 705
-563 810 886 -299
-733 219 -375 227
636 -679 -157 991
-660 740 601 561
-157 991 -937 313
-733 219 -156 543
728 250 -668 -775
921 -589 -51 -696
-498 -420 -878 213
579 120 -5 -649
372 -870 -28 -507
-561 -270 615 -729
-312 992 -877 82
-103 951 249 -146
653 318 -291 -376
-563 810 38 110
630 57 165 -436
653 318 754 -863
431 -282 -518 -950
165 -436 115 642
-733 219 -251 341
-660 740 424 -428
-490 -869 -347 -978
-576 -363 300 650
886 -299 446 103
246 78 -669 -775
-638 117 666 226
-103 951 79 188
-668 -775 -658 -309
-344 -333 -471 -63
630 57 -872 166
886 -299 349 -279
666 226 -787 -364
165 -436 -120 -946
431 -282 -306 581
-658 -309 -166 -912
372 -870 -564 737
630 57 -211 -778
-576 -363 874 25
609 749 558 -123
372 -870 -430 -913
-347 -978 942 -754
728 250 594 322
820 -796 -632 995
-498 -420 937 632
300 650 212 -810
54 510 96 834
-446 -570 924 -610
-344 -333 33 -99
-28 -507 -370 618
-306 581 393 -766
-787 -364 74 -347
-561 -270 -55 159
-872 166 -326 229
-668 -775 375 -596
300 650 -300 390
431 -282 -905 -85
-518 -950 868 424
-103 951 217 328
-347 -978 546 -580
-54 705 626 124
886 -299 632 -881
-5 -649 716 433
739 -124 -168 721
-211 -778 93 -677
636 -679 -958 -443
218 -173 -98 682
-120 -946 678 61
995 -591 -338 479
-5 -649 680 258
728 250 654 -916
708 -593 -713 -887
-713 -887 994 -863
-905 -85 -606 20
739 -124 770 -565
-156 543 289 -720
995 -591 752 -335
446 103 869 221
93 -677 286 823
501 -925 432 911
501 -925 -38 910
31 364 19 -851
820 -796 854 -859
629 588 -691 -758
-490 -869 -942 -423
431 -282 -184 -205
-156 543 -73 -105
349 -279 -994 302
-691 -758 -205 158
375 -596 -562 -124
372 -870 167 -403
246 78 645 393
645 393 -645 741
19 -851 614 139
-668 -775 -547 -183
654 -916 67 129
-73 -105 815 -709
-669 -775 -975 12
-205 158 -983 527
695 -433 581 -54
-5 -649 -964 -933
424 -428 -822 704
-498 -420 -58 143
-471 -63 291 -860
770 -565 -161 -716
-28 -507 2 -415
994 -863 137 340
889 -824 -604 -291
579 120 -413 537
31 364 -13 894
-347 -978 -474 -973
-606 20 -486 490
93 -677 718 -480
-471 -63 -271 852
316 -800 -510 -242
546 -580 800 -411
-707 546 445 -645
318 808 324 282
-291 -376 919 -841
-975 12 -796 122
-877 82 78 -829
-430 -913 -190 782
630 57 -42 -467
-51 -696 -266 -123
-796 122 -341 509
924 -610 787 -680
432 911 -665 162
630 57 264 -94
-975 12 841 175
546 -580 857 -762
-975 12 25 -609
630 57 990 82
-341 509 -342 -122
19 -851 250 1000
-872 166 991 588
-576 -363 -860 -878
-579 783 -697 -363
19 -851 -909 -643
-266 -123 -595 -621
-103 951 -921 869
869 221 -985 825
78 -829 648 -200
38 110 190 851
-211 -778 945 791
994 -863 510 616
921 -589 -795 -768
-326 229 -863 -21
-562 -124 -357 -759
812 660 -555 943
-271 852 721 248
889 -824 976 -885
137 340 473 -145
-312 992 361 827
93 -677 598 -88
-55 159 867 -709
874 25 -815 -643
200
-68 -784 -949 297
-949 297 270 193
270 193 143 -623
143 -623 -795 345
270 193 -386 704
-949 297 538 -842
-68 -784 532 589
538 -842 25 513
-795 345 -455 788
143 -623 181 -586
-949 297 560 -301
270 193 -720 -583
-455 788 774 -792
143 -623 331 630
25 513 -550 684
-550 684 -122 117
25 513 397 911
331 630 791 -124
331 630 151 -505
151 -505 40 -875
538 -842 68 569
397 911 983 965
-386 704 -653 485
143 -623 348 -47
560 -301 333 934
181 -586 -306 764
397 911 572 195
-949 297 978 460
-68 -784 815 -913
-720 -583 -888 799
331 630 949 -472
532 589 -693 929
-949 297 539 768
68 569 463 350
463 350 -951 395
181 -586 724 -719
181 -586 -645 229
25 513 -287 -262
181 -586 -79 427
572 195 -694 655
25 513 -561 -24
333 934 -163 103
532 589 -866 503
-561 -24 -548 -528
463 350 -415 112
-122 117 226 -732
-415 112 -368 -444
-720 -583 -780 708
397 911 657 556
348 -47 48 973
-306 764 -923 767
949 -472 17 -60
949 -472 508 923
-694 655 -80 -882
983 965 882 557
-455 788 959 61
983 965 79 528
791 -124 -483 -611
79 528 747 759
151 -505 -273 805
-483 -611 365 -754
-888 799 -840 22
538 -842 -78 640
79 528 399 74
-694 655 -540 904
348 -47 233 382
233 382 5 -567
-122 117 -903 581
-79 427 921 -524
226 -732 674 520
674 520 -666 -124
572 195 -921 -227
348 -47 -686 190
-888 799 88 688
-273 805 -93 -231
-68 -784 -15 -240
399 74 -870 911
-561 -24 646 595
-455 788 659 607
-903 581 622 338
-386 704 -88 -491
-921 -227 371 419
331 630 -945 -45
-870 911 -637 -437
5 -567 -627 -191
-627 -191 382 269
-903 581 580 -359
68 569 317 -944
-866 503 353 -185
331 630 441 750
-80 -882 475 535
572 195 43 -509
5 -567 -569 -882
538 -842 -873 -345
572 195 770 -437
-870 911 437 -541
-569 -882 711 -640
88 688 36 623
88 688 -874 741
463 350 -167 429
-795 345 474 919
365 -754 -807 -231
17 -60 -160 44
-637 -437 126 449
-455 788 963 -265
-273 805 239 717
-550 684 -373 962
365 -754 -8 742
40 -875 -712 732
-368 -444 499 -757
48 973 -396 -417
-386 704 -652 -900
-15 -240 703 -766
463 350 -710 -589
-720 -583 -774 -322
659 607 765 374
724 -719 788 -35
5 -567 -566 51
68 569 258 984
-455 788 954 -97
475 535 -460 -647
-561 -24 -408 133
-455 788 248 279
-540 904 930 663
646 595 -432 -943
463 350 98 -976
-415 112 625 -198
151 -505 -154 -871
674 520 -841 -59
-841 -59 -505 -81
270 193 192 657
-78 640 688 931
539 768 1000 160
88 688 -578 575
143 -623 -84 824
-666 -124 -517 534
674 520 -622 -621
151 -505 -813 543
-807 -231 928 -157
-460 -647 944 189
532 589 -515 716
-923 767 834 905
475 535 595 455
770 -437 600 871
-455 788 480 181
-93 -231 -818 -714
98 -976 -257 -733
711 -640 216 -471
622 338 -729 730
5 -567 -507 655
474 919 939 408
-163 103 177 691
560 -301 490 279
126 449 531 775
98 -976 211 554
17 -60 547 881
646 595 -193 -768
-373 962 62 -943
963 -265 132 629
-257 -733 948 970
-870 911 -40 -565
674 520 -660 -489
930 663 -363 -983
508 923 -1 -913
930 663 -205 561
1000 160 694 -774
774 -792 -309 -304
-645 229 -673 -341
944 189 108 60
348 -47 -190 -266
-167 429 -203 398
-686 190 -939 -889
226 -732 -793 -766
-874 741 -983 241
560 -301 -568 -558
882 557 159 -734
-368 -444 726 296
-951 395 -464 828
17 -60 93 -632
-540 904 737 -898
580 -359 242 -280
-306 764 992 -988
983 965 -982 854
-88 -491 -48 338
-561 -24 756 93
-566 51 -775 -929
441 750 283 -208
-693 929 491 -68
-483 -611 -110 985
-309 -304 -353 707
959 61 843 458
348 -47 -76 297
-874 741 -276 -713
-712 732 571 -663
283 -208 571 967
-8 742 868 307
756 93 -624 -905
242 -280 -416 -990
834 905 296 -208
-110 985 -657 737
200
239 -471 -883 -866
-883 -866 -742 -48
239 -471 558 56
239 -471 950 -385
950 -385 868 717
868 717 162 750
558 56 670 652
868 717 -469 -243
670 652 -552 778
-469 -243 737 -284
162 750 -670 72
737 -284 522 885
-883 -866 641 -368
950 -385 -440 -567
-440 -567 -847 998
670 652 -427 -278
-742 -48 -880 537
239 -471 401 -608
950 -385 204 629
401 -608 571 4
950 -385 -807 179
950 -385 -959 688
670 652 -667 -511
571 4 891 -431
641 -368 215 -475
-742 -48 66 17
-552 778 -496 -696
-807 179 507 967
-552 778 812 -882
522 885 245 -882
-959 688 398 201
737 -284 -874 -234
-874 -234 -882 -549
571 4 694 -193
-670 72 439 -746
-427 -278 -178 0
439 -746 206 -26
204 629 751 731
694 -193 -358 858
-358 858 651 -734
-874 -234 467 754
891 -431 -69 -303
641 -368 715 285
522 885 -678 196
-847 998 343 292
-552 778 878 -28
-959 688 247 -980
558 56 -119 120
522 885 -269 809
694 -193 429 89
868 717 626 389
-742 -48 -675 782
522 885 -634 -849
398 201 -507 28
-427 -278 104 233
-427 -278 -129 482
670 652 -680 -530
439 -746 -131 -274
868 717 621 59
-675 782 -614 -795
239 -471 46 -627
467 754 524 -40
66 17 -948 -708
-883 -866 -215 -191
621 59 630 282
878 -28 948 -718
398 201 699 -476
245 -882 352 470
439 -746 579 167
104 233 390 -378
-807 179 -523 -527
715 285 933 457
-358 858 -746 -978
467 754 -774 560
-440 -567 -463 458
-678 196 -790 173
-178 0 440 -33
-469 -243 -447 521
-948 -708 -898 -581
891 -431 757 138
-675 782 -392 -796
-269 809 172 -831
621 59 652 278
891 -431 -864 573
-746 -978 -779 -994
-667 -511 976 267
206 -26 -546 181
-463 458 541 -621
467 754 146 936
439 -746 -77 -369
-634 -849 712 76
-614 -795 816 929
571 4 251 -701
-847 998 24 -305
522 885 824 -482
878 -28 550 426
-678 196 -753 -616
558 56 142 -349
-614 -795 -736 183
621 59 -127 -724
440 -33 341 -452
398 201 457 -300
-131 -274 -91 -757
868 717 960 515
-77 -369 386 788
-667 -511 495 210
878 -28 574 214
457 -300 476 -463
522 885 -54 386
429 89 533 -1
-546 181 -970 -924
-552 778 955 -831
522 885 -859 -902
-427 -278 340 123
816 929 83 633
757 138 -287 367
-864 573 -618 -334
641 -368 92 455
712 76 -704 -999
933 457 -821 -79
-874 -234 609 -686
92 455 -584 267
-970 -924 70 -950
70 -950 763 -863
440 -33 -140 -45
-970 -924 836 -743
933 457 825 904
-269 809 939 70
-807 179 87 -73
621 59 653 980
46 -627 -633 768
715 285 310 124
239 -471 270 -608
976 267 -34 -940
558 56 -117 245
87 -73 -146 -947
670 652 -408 -706
-91 -757 -182 320
104 233 -396 -527
-463 458 -300 -391
-215 -191 -749 551
878 -28 -477 920
245 -882 -625 -116
-463 458 895 -918
641 -368 614 -446
66 17 195 886
641 -368 745 737
-970 -924 -525 757
-882 -549 513 957
-821 -79 309 -142
206 -26 943 342
-746 -978 452 15
401 -608 15 -506
352 470 -596 343
495 210 136 -963
83 633 826 500
651 -734 800 -278
-882 -549 -662 934
-396 -527 393 -658
751 731 -662 -550
614 -446 819 954
-129 482 794 486
737 -284 180 921
341 -452 873 -855
-140 -45 -219 -432
136 -963 458 -718
513 957 -993 -111
653 980 -979 612
-618 -334 166 568
180 921 775 -142
-864 573 402 19
-667 -511 889 -710
-742 -48 420 -163
440 -33 994 559
398 201 -5 273
429 89 589 925
507 967 -103 203
46 -627 -738 -600
-634 -849 326 904
326 904 385 -781
513 957 29 -864
245 -882 -730 -241
571 4 -98 -914
589 925 -718 -903
-546 181 148 -153
589 925 123 -964
251 -701 672 157
326 904 898 -837
340 123 850 -601
-970 -924 -709 41
-131 -274 548 -565
352 470 -481 -331
800 -278 -57 -858
204 629 -478 -667
-182 320 748 478
-874 -234 -582 734
898 -837 331 -565
70 -950 -250 899
46 -627 119 724
46 -627 683 202
200
561 -242 -76 612
-76 612 537 194
561 -242 -972 -566
-972 -566 274 722
-972 -566 -88 -237
274 722 -762 543
-88 -237 89 -997
537 194 28 176
-76 612 -477 653
537 194 29 -582
537 194 -494 6
537 194 -963 62
-963 62 -444 -996
274 722 738 -150
-762 543 -780 414
-972 -566 764 845
-762 543 33 -650
-762 543 -971 -900
29 -582 -965 -318
-88 -237 -292 -699
-477 653 774 670
-76 612 -164 -80
738 -150 908 -626
-762 543 557 -121
557 -121 -31 879
-31 879 220 -114
-780 414 584 -876
738 -150 -359 399
-971 -900 57 579
-963 62 -582 -586
-477 653 709 -272
-444 -996 -18 -148
-971 -900 432 277
57 579 387 279
220 -114 -382 -136
-965 -318 -488 -696
557 -121 -3 -25
33 -650 627 -751
-18 -148 -325 938
57 579 210 -675
33 -650 580 429
274 722 -58 -719
220 -114 -672 -85
-488 -696 -913 923
-780 414 656 912
28 176 -774 -183
-31 879 -890 194
33 -650 -604 -446
-444 -996 -59 653
-971 -900 828 512
-494 6 592 855
-488 -696 -801 -582
-801 -582 -564 241
-963 62 490 520
-76 612 833 -181
-3 -25 -643 -621
-3 -25 -258 -525
-801 -582 688 -226
-913 923 -551 585
833 -181 562 -33
-604 -446 683 630
561 -242 522 -495
627 -751 813 228
764 845 -651 -556
-494 6 176 -748
387 279 -201 263
-164 -80 503 -66
592 855 769 353
627 -751 510 860
-801 -582 -54 216
-801 -582 122 -414
-494 6 -259 -868
503 -66 -825 -952
580 429 -19 -758
584 -876 676 -123
-963 62 662 181
503 -66 -845 -90
-444 -996 939 -645
89 -997 454 404
-965 -318 722 -777
939 -645 -543 -263
-780 414 524 -344
220 -114 383 -629
709 -272 107 465
-913 923 555 270
908 -626 -821 -304
274 722 714 257
683 630 -317 282
-651 -556 -677 -73
580 429 -484 259
274 722 -140 -859
555 270 -194 297
-76 612 898 -795
-651 -556 355 423
688 -226 -78 918
592 855 -933 -767
524 -344 433 -898
557 -121 399 -267
722 -777 56 -380
399 -267 -29 312
-259 -868 693 -362
-971 -900 879 -968
-845 -90 -406 -650
-762 543 606 983
-774 -183 -552 -784
454 404 416 547
355 423 -791 789
29 -582 19 -361
-201 263 157 510
580 429 -625 70
-325 938 553 -960
210 -675 -732 684
416 547 880 440
-258 -525 786 706
584 -876 -621 -203
908 -626 -80 -681
557 -121 601 -601
-821 -304 -864 41
-971 -900 146 -604
769 353 -721 -154
29 -582 894 -864
-3 -25 435 -494
580 429 60 759
-325 938 480 552
580 429 -356 842
28 176 -748 -846
562 -33 -408 482
274 722 781 -209
557 -121 -472 -878
-80 -681 697 79
764 845 575 501
-780 414 -53 923
833 -181 -6 -805
210 -675 -206 -469
-3 -25 -808 -993
435 -494 812 -794
-54 216 126 -813
29 -582 -468 -996
676 -123 726 -533
416 547 -375 990
-845 -90 -847 15
-444 -996 -55 783
627 -751 -120 821
-164 -80 -730 415
-621 -203 457 -591
-801 -582 21 702
-53 923 946 -461
879 -968 -350 537
-604 -446 -348 -760
592 855 -644 -359
56 -380 410 -935
-625 70 -209 -556
480 552 2 812
-55 783 397 -413
-552 -784 -449 956
627 -751 342 -202
-780 414 -429 56
383 -629 794 414
584 -876 -299 -986
-449 956 767 282
557 -121 -370 586
786 706 -384 -970
-375 990 882 -761
-384 -970 -229 -181
-429 56 -248 -527
29 -582 13 -760
562 -33 -214 -628
-80 -681 -711 -916
510 860 -141 -318
-913 923 -991 -190
416 547 -138 -22
89 -997 933 961
-762 543 528 -269
454 404 -448 313
-259 -868 -629 -36
656 912 -550 311
-194 297 465 914
-299 -986 287 574
-201 263 980 470
714 257 -184 825
828 512 -632 -884
-359 399 418 934
537 194 809 39
418 934 -129 -136
524 -344 734 20
557 -121 453 257
457 -591 357 511
433 -898 -554 -189
-551 585 -581 -420
-554 -189 -92 522
-53 923 978 326
809 39 133 121
606 983 765 692
769 353 -24 -648
-429 56 472 -62
-581 -420 -947 273
418 934 -665 -790
2 812 747 914
453 257 310 -801
-543 -263 -565 -266
200
-636 -211 -437 877
-636 -211 994 291
-437 877 155 725
-437 877 134 -912
994 291 -365 891
155 725 -79 -532
-79 -532 409 -981
994 291 -61 -393
155 725 301 574
-79 -532 680 487
134 -912 436 262
-636 -211 -828 196
301 574 -181 -408
-636 -211 332 -742
134 -912 685 635
680 487 136 308
134 -912 622 746
680 487 -899 258
301 574 483 717
332 -742 -481 898
-61 -393 -873 444
-873 444 -106 -16
685 635 -1 875
-79 -532 339 998
155 725 672 -11
685 635 -111 674
155 725 515 599
-106 -16 202 -150
332 -742 769 995
483 717 -827 666
409 -981 -302 940
332 -742 690 850
-106 -16 -910 983
301 574 28 937
136 308 896 599
202 -150 764 -491
-79 -532 128 -164
28 937 -47 399
622 746 -405 -524
764 -491 462 -833
-106 -16 741 596
-910 983 -456 876
764 -491 940 -3
-873 444 423 169
-365 891 -729 157
462 -833 -626 788
-827 666 216 -751
462 -833 773 713
462 -833 -549 -380
-365 891 -261 719
436 262 443 -704
-636 -211 414 -399
515 599 -166 -679
332 -742 -90 -806
-181 -408 654 -641
685 635 74 -713
414 -399 912 572
-827 666 35 54
423 169 -980 -698
-729 157 -595 -459
773 713 336 -663
-111 674 -737 284
-261 719 -322 -148
680 487 -871 -844
994 291 361 -419
-90 -806 -516 -930
672 -11 541 -145
-47 399 451 822
-549 -380 -508 848
128 -164 524 794
-871 -844 -667 445
-302 940 -57 -939
-79 -532 -844 290
301 574 -963 925
483 717 -50 230
-636 -211 33 306
-57 -939 -303 7
423 169 755 968
755 968 911 -558
-365 891 844 -500
-261 719 249 -493
409 -981 -352 -398
202 -150 661 -584
28 937 257 319
680 487 564 208
622 746 -465 -548
-465 -548 -269 557
-636 -211 754 462
654 -641 261 212
-667 445 -815 -31
-595 -459 686 -599
443 -704 706 439
672 -11 427 -659
202 -150 -314 453
462 -833 -714 -902
-111 674 -585 -842
-302 940 34 -791
-626 788 674 -922
-322 -148 -787 889
680 487 791 -145
741 596 710 558
912 572 -875 520
911 -558 114 -957
-302 940 89 699
-899 258 83 -306
261 212 290 -787
896 599 554 -663
940 -3 -270 514
-508 848 -460 310
755 968 903 -19
-963 925 -964 -304
-873 444 122 -811
672 -11 -951 -748
34 -791 428 -84
912 572 387 -712
686 -599 442 734
339 998 935 -759
554 -663 -417 491
35 54 -362 764
361 -419 -898 -733
-405 -524 545 257
202 -150 -773 -30
-737 284 -874 655
-1 875 917 -720
-871 -844 778 34
994 291 -792 -80
33 306 -607 -246
-737 284 -479 45
-303 7 392 976
935 -759 362 -17
-626 788 485 643
-875 520 -652 581
-773 -30 -930 -165
940 -3 -497 -276
-844 290 756 852
362 -17 530 136
911 -558 571 226
-365 891 612 711
-729 157 368 62
28 937 161 -834
571 226 -657 64
128 -164 -495 -240
622 746 311 664
161 -834 807 -752
-815 -31 316 943
912 572 440 -897
368 62 -659 -954
-652 581 -244 742
-667 445 -513 -133
710 558 215 650
290 -787 203 -356
-980 -698 -232 -35
754 462 -550 686
-737 284 229 637
462 -833 -862 -462
216 -751 -278 415
428 -84 125 903
-1 875 -808 964
361 -419 -912 424
741 596 -941 -242
-497 -276 -501 504
-61 -393 -103 -239
-456 876 189 -689
-513 -133 -364 -362
-898 -733 365 -186
427 -659 -143 928
-47 399 406 -719
-322 -148 657 56
917 -720 -64 -580
427 -659 -639 941
672 -11 967 -998
-910 983 -89 -833
-828 196 909 863
791 -145 -518 -79
316 943 719 572
-57 -939 512 -723
83 -306 -195 507
122 -811 -855 20
-550 686 376 101
-652 581 -204 98
339 998 602 -70
-516 -930 -955 -640
-195 507 -20 621
-808 964 17 152
-79 -532 -640 -728
229 637 -342 -938
844 -500 254 -546
443 -704 -894 122
545 257 -412 636
-106 -16 -146 766
-204 98 -243 139
-79 -532 652 -432
-50 230 327 660
-243 139 -735 836
-871 -844 -144 -800
-955 -640 543 -758
-773 -30 620 847
-50 230 -164 831
-20 621 369 356
-146 766 329 676
200
118 -399 791 370
118 -399 -92 572
118 -399 -419 826
-419 826 -427 -550
-419 826 186 -514
186 -514 -55 -379
186 -514 917 125
186 -514 286 -357
-419 826 603 499
286 -357 559 903
118 -399 -375 -188
-55 -379 60 937
-419 826 965 -353
965 -353 683 517
186 -514 859 -388
-419 826 594 917
-55 -379 306 660
-92 572 408 189
859 -388 463 771
683 517 561 -727
594 917 486 -553
559 903 -893 -246
186 -514 328 842
-893 -246 -594 -289
463 771 474 -852
791 370 -319 13
603 499 787 -972
286 -357 623 -641
-427 -550 189 820
-319 13 -535 8
474 -852 -672 -523
791 370 678 275
-427 -550 796 352
603 499 810 -553
-535 8 -681 596
965 -353 421 -754
408 189 -820 -777
561 -727 64 -320
421 -754 200 348
-427 -550 893 369
810 -553 -273 -837
810 -553 -726 527
286 -357 -153 493
810 -553 946 292
791 370 3 107
917 125 -364 986
-364 986 -711 784
-419 826 -380 545
-820 -777 -631 -343
474 -852 663 -508
859 -388 -394 -685
200 348 305 -688
594 917 240 439
463 771 -990 -506
421 -754 -369 -219
463 771 92 -428
60 937 -335 -398
-893 -246 -66 857
623 -641 667 939
60 937 -171 -782
-990 -506 842 979
-631 -343 793 473
663 -508 243 742
561 -727 -698 891
893 369 -586 -130
305 -688 -669 -828
663 -508 907 930
463 771 138 -574
793 473 -901 697
-820 -777 -598 868
-698 891 -863 -980
-631 -343 -477 -239
-477 -239 677 -30
-375 -188 -800 -719
474 -852 -51 -121
305 -688 767 -807
678 275 925 -323
408 189 937 -804
-375 -188 -493 -954
-672 -523 -329 -310
243 742 938 31
842 979 230 633
603 499 29 524
-319 13 555 773
408 189 -80 343
-55 -379 753 554
965 -353 -162 868
305 -688 163 -323
623 -641 802 974
791 370 -156 194
810 -553 -352 -912
-594 -289 614 299
474 -852 536 -385
-364 986 -652 -662
-162 868 112 -804
965 -353 529 -369
842 979 388 -168
917 125 664 786
-51 -121 829 -521
64 -320 -840 -699
965 -353 -494 -904
305 -688 669 -654
64 -320 -266 -524
937 -804 940 5
-66 857 -993 -5
-335 -398 -346 40
946 292 981 881
-631 -343 -81 -859
-493 -954 -286 142
186 -514 -81 964
388 -168 -927 -875
-893 -246 190 945
-319 13 715 -358
787 -972 600 -285
-598 868 -490 100
-535 8 280 97
683 517 268 528
92 -428 873 -927
-586 -130 998 -211
623 -641 919 -426
842 979 121 -6
-380 545 -910 -686
186 -514 635 -667
-375 -188 -370 812
163 -323 504 -995
186 -514 67 803
-55 -379 320 -182
559 903 -407 193
678 275 -36 -227
940 5 747 659
-477 -239 -851 -566
-427 -550 371 -840
-369 -219 -590 -677
-901 697 508 -655
268 528 646 -80
937 -804 481 -537
635 -667 154 117
-51 -121 468 934
767 -807 -667 -280
-820 -777 -919 -720
-427 -550 -471 -94
663 -508 494 -83
981 881 -205 202
-667 -280 572 -43
-171 -782 -894 -244
481 -537 264 -364
-927 -875 368 -710
-594 -289 -653 -929
919 -426 39 -976
893 369 220 62
60 937 -600 -656
998 -211 571 -469
-598 868 879 -995
919 -426 -455 -414
-205 202 438 -894
-92 572 445 -330
-490 100 -659 -426
-659 -426 -22 449
572 -43 -401 319
-894 -244 -556 -479
-352 -912 908 171
190 945 175 -32
-286 142 447 -943
937 -804 -383 -144
328 842 -429 965
-66 857 979 -19
-894 -244 -53 252
-490 100 132 663
-672 -523 814 85
64 -320 -173 -613
-594 -289 -320 378
-171 -782 -121 708
67 803 -610 247
-652 -662 -585 909
138 -574 495 140
468 934 32 -729
571 -469 -344 -204
268 528 911 -317
908 171 582 -894
-652 -662 340 612
-840 -699 -831 252
715 -358 -20 459
925 -323 989 139
600 -285 988 695
965 -353 -423 698
-820 -777 881 890
555 773 -621 471
-590 -677 351 -822
664 786 -789 877
919 -426 -619 -842
753 554 -267 380
925 -323 174 656
529 -369 804 -516
-319 13 -907 -154
614 299 -381 -819
-273 -837 -301 781
919 -426 -355 -786
669 -654 914 -61
873 -927 56 -421
154 117 -805 288
200
-317 -410 143 944
143 944 693 -597
-317 -410 254 -940
254 -940 -471 251
693 -597 304 -711
693 -597 538 -550
-317 -410 -408 -116
-408 -116 -692 764
538 -550 979 -64
143 944 629 814
-408 -116 186 -788
538 -550 -293 -366
629 814 832 -829
186 -788 160 -461
538 -550 490 -234
143 944 909 -1000
490 -234 300 476
-692 764 -263 -693
-408 -116 537 -463
832 -829 158 890
629 814 -797 -254
254 -940 -194 -318
158 890 984 -332
-293 -366 719 905
832 -829 -593 928
490 -234 -257 923
538 -550 83 -152
629 814 -509 982
-257 923 -848 -509
160 -461 -459 -73
304 -711 154 -248
490 -234 -515 -882
186 -788 -580 891
-692 764 492 -631
909 -1000 646 -548
537 -463 618 -630
304 -711 -901 -642
-194 -318 -143 -175
-593 928 -656 750
83 -152 -798 977
-692 764 58 -661
158 890 19 544
-509 982 -581 260
-143 -175 902 352
832 -829 -699 862
490 -234 936 131
909 -1000 398 -173
58 -661 -533 226
-699 862 -530 -294
490 -234 -582 968
719 905 581 752
618 -630 178 268
-533 226 815 -525
-408 -116 972 -676
-582 968 591 -432
629 814 540 -66
178 268 -634 241
254 -940 -648 -118
832 -829 853 -942
186 -788 -999 778
-797 -254 -503 776
-408 -116 -68 456
-530 -294 759 -253
972 -676 -273 -83
618 -630 969 151
-257 923 417 131
-634 241 78 -348
629 814 477 82
-408 -116 -390 -618
618 -630 70 874
-656 750 -552 -997
902 352 676 520
-634 241 84 -105
83 -152 679 -473
398 -173 574 262
160 -461 975 -524
-257 923 -286 526
490 -234 247 702
-515 -882 858 -383
84 -105 -987 561
417 131 197 -240
979 -64 -175 -250
-390 -618 197 272
178 268 748 721
719 905 -290 373
618 -630 -455 774
748 721 498 132
-530 -294 -810 883
902 352 -255 416
-286 526 -311 -904
178 268 -412 74
-286 526 549 -887
629 814 594 -411
19 544 -511 608
-530 -294 988 -169
-503 776 877 -938
759 -253 627 855
-503 776 -703 500
-311 -904 -553 -262
-455 774 130 207
-412 74 -496 -961
-471 251 263 -803
154 -248 -393 952
538 -550 -759 -939
254 -940 993 -909
-459 -73 418 -616
304 -711 761 115
398 -173 -823 -367
19 544 -984 545
398 -173 99 739
902 352 -951 688
-455 774 -280 763
832 -829 388 339
492 -631 869 -367
676 520 255 -735
-143 -175 -788 -272
-987 561 978 -154
979 -64 1 -69
693 -597 508 -710
988 -169 344 235
70 874 -2 962
-984 545 896 871
160 -461 985 702
984 -332 -520 -885
-509 982 572 358
-286 526 922 210
-311 -904 -691 -624
748 721 -664 264
-511 608 839 936
477 82 363 345
-656 750 -424 860
154 -248 -814 -898
902 352 -726 881
-580 891 -5 -720
-580 891 392 860
574 262 -710 671
-951 688 527 -704
344 235 714 902
896 871 797 -378
-408 -116 -538 -740
-999 778 459 533
-634 241 458 -211
902 352 863 -237
627 855 742 -206
490 -234 997 -572
629 814 -272 -147
143 944 -259 -152
178 268 -153 722
477 82 -300 -914
997 -572 674 220
936 131 939 -459
197 272 -3 -865
979 -64 496 493
492 -631 607 211
-255 416 -88 96
-68 456 -167 -33
-393 952 91 -743
-984 545 -684 126
972 -676 -36 737
263 -803 -700 83
646 -548 242 -938
-5 -720 -139 168
997 -572 348 -396
-459 -73 455 231
-759 -939 -427 -305
-286 526 -599 -545
-582 968 45 -393
853 -942 467 -641
984 -332 454 833
972 -676 -896 -382
853 -942 183 569
-692 764 -963 -941
498 132 -460 626
863 -237 949 -116
459 533 365 -669
-553 -262 -962 963
-691 -624 -64 719
-901 -642 164 493
158 890 27 43
969 151 -163 46
130 207 828 -570
254 -940 826 175
492 -631 -306 -289
759 -253 -856 842
527 -704 182 -811
-810 883 4 574
-896 -382 9 -814
27 43 -783 23
454 833 682 -619
-581 260 25 878
418 -616 195 554
-648 -118 -904 -905
-810 883 628 -214
693 -597 -626 755
-194 -318 -63 7
537 -463 992 344
572 358 512 915
-856 842 -131 -252
-167 -33 817 -555
-167 -33 -225 237
