10
200
910 -268 943 -973
910 -268 181 -225
910 -268 844 -248
181 -225 -440 -563
943 -973 -890 -689
844 -248 -540 825
910 -268 -241 -714
181 -225 280 503
844 -248 -251 -523
-251 -523 -394 214
943 -973 -626 -236
844 -248 684 23
943 -973 160 377
-241 -714 -364 96
684 23 -844 -456
-626 -236 -615 -379
-540 825 815 -281
-615 -379 -750 -515
-844 -456 -475 -703
280 503 230 -721
280 503 386 -179
386 -179 874 287
-540 825 -31 980
844 -248 -993 315
-890 -689 -295 -631
-540 825 -325 668
-295 -631 212 102
-251 -523 -415 714
230 -721 322 838
874 287 974 -327
874 287 -875 786
-750 -515 611 -608
-615 -379 -292 -221
-615 -379 -273 124
386 -179 -27 139
815 -281 -505 40
212 102 638 729
844 -248 -282 645
611 -608 219 415
844 -248 855 -633
-540 825 -590 860
230 -721 -438 840
-295 -631 -871 -955
-27 139 467 745
-241 -714 25 465
-292 -221 -892 353
-295 -631 -253 709
943 -973 641 -216
-241 -714 426 621
-415 714 -845 -699
-875 786 67 -696
230 -721 317 863
855 -633 -13 -841
67 -696 -555 -379
-555 -379 907 488
-890 -689 254 -747
611 -608 690 242
-31 980 645 -192
-13 -841 -86 399
-871 -955 -737 -817
-440 -563 420 -120
-892 353 -804 -292
-475 -703 71 587
25 465 398 -641
280 503 366 766
386 -179 849 -141
366 766 520 51
-27 139 -742 458
-325 668 -502 800
-364 96 648 606
-804 -292 -746 563
648 606 548 414
-27 139 -511 -221
-875 786 -58 -559
67 -696 675 -971
-890 -689 950 -524
-892 353 -219 -19
-295 -631 707 -367
280 503 -358 419
-394 214 -614 -741
855 -633 593 286
675 -971 803 -420
-440 -563 -266 367
322 838 -613 331
-892 353 -487 124
280 503 -855 532
844 -248 -704 -560
611 -608 516 950
67 -696 -450 405
-737 -817 -118 -726
707 -367 111 130
-295 -631 -192 416
-241 -714 -969 742
907 488 224 -765
-511 -221 81 87
593 286 -546 -310
907 488 -464 -886
-704 -560 161 870
-475 -703 314 -414
950 -524 -483 240
-438 840 285 -789
71 587 948 -769
-364 96 937 -131
-845 -699 -816 -889
-614 -741 193 -484
943 -973 -868 271
-440 -563 0 -981
-750 -515 308 860
-555 -379 225 245
849 -141 -747 -678
-993 315 946 -382
81 87 357 630
-969 742 -636 617
-440 -563 968 126
675 -971 -922 -540
815 -281 741 -774
690 242 -608 51
684 23 -345 98
-440 -563 470 -311
254 -747 58 -722
-292 -221 554 -999
-13 -841 -362 -995
212 102 101 -556
-364 96 -267 -632
-922 -540 998 -585
308 860 992 621
638 729 699 390
219 415 -337 230
219 415 726 -437
741 -774 196 402
-295 -631 -638 404
699 390 969 -478
181 -225 188 952
611 -608 -398 741
726 -437 -612 29
946 -382 -75 723
-251 -523 529 769
-742 458 49 -117
225 245 -902 -408
-13 -841 -501 491
193 -484 -686 -761
-398 741 -179 152
-483 240 -651 919
196 402 859 -895
81 87 615 839
366 766 183 368
-345 98 441 474
101 -556 269 335
101 -556 119 -535
188 952 459 91
-394 214 -575 32
25 465 83 -681
161 870 466 -573
181 -225 681 754
948 -769 711 -338
119 -535 -946 -902
516 950 -280 -239
-575 32 165 71
-192 416 -621 794
-241 -714 -492 -453
520 51 -81 -377
675 -971 -20 904
-946 -902 -98 976
-280 -239 941 437
-892 353 -291 -984
-555 -379 715 -741
681 754 -558 -850
224 -765 668 -264
941 437 62 -239
441 474 98 -253
161 870 906 586
467 745 588 -541
648 606 259 181
-621 794 927 -73
859 -895 756 -929
-58 -559 -955 615
25 465 662 272
-511 -221 -715 266
946 -382 114 539
269 335 299 -198
-118 -726 209 47
859 -895 -47 -949
188 952 150 -963
-608 51 -410 -255
81 87 455 -386
-590 860 -759 17
-364 96 -532 -113
-555 -379 -105 833
-282 645 -238 -507
726 -437 -5 309
183 368 -117 292
470 -311 1000 309
-345 98 -929 371
-759 17 -443 872
-615 -379 -588 963
-398 741 -898 -175
684 23 419 330
-251 -523 923 49
-505 40 930 271
-251 -523 -713 -247
200
-559 250 683 5
-559 250 385 546
-559 250 166 -809
385 546 -421 -207
166 -809 155 995
166 -809 -580 381
166 -809 994 533
155 995 849 -980
994 533 -498 -166
155 995 -908 -856
849 -980 544 -401
385 546 -463 -342
-559 250 113 -220
994 533 992 506
994 533 -180 -520
-498 -166 -507 237
166 -809 -600 -364
-908 -856 839 -990
839 -990 -818 970
113 -220 712 -105
166 -809 -549 -284
385 546 820 -764
-580 381 394 932
-180 -520 -473 -643
994 533 -249 251
-498 -166 -878 617
-600 -364 -445 -857
-180 -520 684 423
-549 -284 -668 80
839 -990 -138 -222
994 533 310 -981
113 -220 33 -417
839 -990 485 -946
113 -220 -129 585
-129 585 -429 524
-559 250 685 493
-429 524 -21 -536
685 493 -403 -998
820 -764 693 696
820 -764 862 -920
-249 251 -243 931
385 546 -375 494
-445 -857 -169 276
166 -809 -867 -331
-445 -857 -343 65
33 -417 803 222
310 -981 272 427
994 533 -955 436
-21 -536 -237 -778
-243 931 1 728
-429 524 -106 -863
-180 -520 -49 486
-878 617 944 -724
-580 381 -270 898
-818 970 -832 -726
849 -980 -572 -55
-375 494 -794 750
-445 -857 918 724
684 423 574 327
544 -401 -702 -304
862 -920 145 531
574 327 504 216
944 -724 -883 301
-955 436 68 -236
-343 65 -372 433
992 506 -502 823
693 696 881 249
145 531 -853 216
113 -220 -529 336
693 696 339 431
839 -990 993 -617
685 493 582 511
-572 -55 -979 835
-702 -304 662 628
862 -920 708 -691
-979 835 182 -860
-878 617 -669 557
574 327 844 -525
-372 433 812 520
881 249 -738 286
881 249 790 68
-600 -364 -540 -39
-702 -304 -380 193
-49 486 -469 394
-507 237 967 -149
574 327 334 519
68 -236 -313 570
1 728 -208 477
33 -417 971 -659
-138 -222 -561 755
339 431 -91 244
-818 970 808 182
881 249 624 695
-580 381 309 534
544 -401 -539 -109
-469 394 281 -728
992 506 177 -557
145 531 -510 -554
166 -809 -141 70
685 493 -976 709
-979 835 -938 990
-559 250 -406 -46
-463 -342 538 416
-979 835 191 -471
166 -809 -962 -210
-908 -856 -411 -288
182 -860 438 -12
-738 286 -125 92
-403 -998 -70 290
504 216 199 -675
177 -557 513 365
-21 -536 -917 -359
708 -691 -268 -532
33 -417 950 236
-411 -288 589 503
-976 709 580 209
-908 -856 -124 -560
1 728 -804 -220
334 519 375 -832
839 -990 28 -294
-853 216 -385 -582
-561 755 -629 -736
-406 -46 -333 448
-908 -856 -657 144
-380 193 -640 -586
394 932 915 99
-385 -582 787 -16
310 -981 578 -465
-580 381 55 -293
113 -220 -749 425
-270 898 -514 -408
-138 -222 547 651
-853 216 -408 -31
-124 -560 813 -874
155 995 660 135
438 -12 -206 -840
624 695 -67 597
191 -471 -262 811
684 423 -656 -244
-268 -532 -623 196
-514 -408 211 510
166 -809 66 126
334 519 -307 690
624 695 -431 911
-539 -109 8 76
-540 -39 -24 446
-979 835 -337 760
-539 -109 -935 -195
-818 970 -963 -760
-867 -331 51 486
310 -981 -466 489
-429 524 -58 -964
708 -691 132 -397
-406 -46 614 -867
-938 990 -586 462
-343 65 -608 227
849 -980 317 121
310 -981 -73 -124
-608 227 -558 -303
145 531 -367 148
51 486 -328 934
113 -220 -705 -719
812 520 -46 -116
-669 557 471 253
-307 690 -346 264
485 -946 -453 -140
-794 750 -495 540
191 -471 878 -277
-21 -536 476 -350
614 -867 -432 632
-346 264 97 -797
-539 -109 704 87
-883 301 -364 -999
538 416 -626 326
-498 -166 164 -810
-738 286 -412 -765
683 5 208 632
504 216 543 880
-629 -736 647 -535
992 506 857 -602
-640 -586 998 127
-364 -999 802 -932
-804 -220 726 936
97 -797 563 238
-268 -532 383 341
-91 244 75 -961
-466 489 741 -73
476 -350 970 225
-572 -55 964 775
802 -932 188 -88
-514 -408 751 126
-514 -408 127 -335
-507 237 64 -108
-375 494 865 -142
-91 244 541 209
-141 70 -465 526
662 628 935 474
471 253 -219 -379
589 503 -81 628
-469 394 -513 -471
200
-494 -83 61 -169
-494 -83 -298 607
61 -169 130 913
-298 607 156 -827
130 913 437 222
-298 607 285 390
437 222 -207 -230
-494 -83 604 856
61 -169 -891 -568
-207 -230 -917 253
130 913 -508 -6
-891 -568 -433 -8
-298 607 15 151
285 390 907 48
15 151 774 897
-917 253 941 103
15 151 762 883
285 390 48 -669
285 390 -661 -972
285 390 659 362
-433 -8 -740 -714
-433 -8 -18 -175
-433 -8 854 -883
437 222 936 -420
-917 253 -268 -256
48 -669 932 -999
-18 -175 499 644
-508 -6 -86 -747
-207 -230 -360 -642
499 644 -647 683
-917 253 847 -451
854 -883 -315 -471
-207 -230 -544 -170
437 222 -746 -361
-508 -6 684 592
941 103 138 869
130 913 -760 399
847 -451 864 898
61 -169 112 -225
774 897 681 295
762 883 389 -780
684 592 -269 -158
-647 683 498 -914
932 -999 -824 -66
-508 -6 205 -141
-917 253 228 -434
-740 -714 -304 680
437 222 339 307
48 -669 360 622
48 -669 -551 682
-268 -256 937 291
762 883 502 692
-544 -170 -934 630
-740 -714 900 966
-269 -158 -450 979
907 48 -338 -282
681 295 295 -576
-746 -361 -771 -24
684 592 923 -39
-360 -642 787 -276
228 -434 -381 753
932 -999 -580 36
907 48 882 -569
-269 -158 -203 -723
907 48 676 -395
774 897 304 -346
-381 753 -452 566
285 390 -65 -394
-304 680 -180 364
502 692 129 676
-18 -175 -957 191
-269 -158 -276 311
-917 253 18 929
-891 -568 -525 412
-771 -24 -277 -509
-360 -642 395 516
-180 364 424 -835
-957 191 29 -839
437 222 4 -704
395 516 407 -939
-647 683 167 -472
-544 -170 -889 -644
29 -839 -244 258
-917 253 297 -324
112 -225 789 511
-277 -509 -339 -399
789 511 637 -603
437 222 -616 461
684 592 -20 -542
-203 -723 -885 -673
304 -346 983 -376
-244 258 200 391
-771 -24 -852 957
774 897 -31 850
-891 -568 -293 839
-315 -471 -3 523
-891 -568 -310 415
-207 -230 468 372
847 -451 -700 370
659 362 -524 735
923 -39 -190 -152
138 869 136 446
-934 630 131 871
129 676 132 70
-381 753 56 -584
424 -835 841 420
-180 364 682 -138
983 -376 862 -774
-310 415 -910 -56
-824 -66 411 116
-647 683 -766 336
-450 979 635 796
468 372 -185 899
-910 -56 -870 -993
61 -169 142 -927
-277 -509 859 150
48 -669 -650 3
-207 -230 46 16
854 -883 404 -405
129 676 645 212
-185 899 655 708
200 391 668 -365
61 -169 -246 189
130 913 557 -380
684 592 539 -170
983 -376 223 -833
-339 -399 207 -888
-65 -394 -853 -840
-889 -644 102 720
-910 -56 -932 -458
-360 -642 716 769
167 -472 884 -363
-932 -458 92 352
-661 -972 -779 -257
-650 3 137 -841
-647 683 -923 136
847 -451 931 -409
-269 -158 641 703
-766 336 -263 401
424 -835 122 997
138 869 -442 -737
502 692 957 959
668 -365 -451 -132
-304 680 -649 -830
138 869 454 -37
15 151 726 -56
360 622 57 -892
859 150 303 574
498 -914 252 463
-494 -83 909 474
-616 461 823 -436
228 -434 -444 -817
-246 189 76 -427
-180 364 643 -499
57 -892 104 -622
297 -324 342 -215
304 -346 357 691
676 -395 383 509
-891 -568 -565 773
854 -883 -330 752
-508 -6 -908 979
-442 -737 569 520
682 -138 -883 -126
-740 -714 22 783
864 898 487 140
46 16 -126 -843
-18 -175 274 -998
104 -622 -821 954
-508 -6 -973 -554
-203 -723 -545 139
-525 412 -992 -732
167 -472 -761 742
-910 -56 490 577
-244 258 -865 262
112 -225 -935 245
684 592 -588 -901
-910 -56 -930 -79
864 898 393 248
454 -37 -674 -546
-207 -230 -429 -734
156 -827 -392 -196
57 -892 -378 -22
659 362 -880 328
46 16 -137 585
909 474 -466 328
-760 399 162 -470
-65 -394 183 -432
-86 -747 -353 -819
-932 -458 795 155
862 -774 16 -59
937 291 -893 -73
-185 899 -603 296
15 151 861 -740
-889 -644 930 -921
-760 399 998 365
48 -669 -30 218
681 295 -325 -53
682 -138 -831 -240
16 -59 -878 662
-190 -152 -630 463
200
-718 460 -977 597
-977 597 823 -201
-718 460 -532 762
-977 597 -316 712
-532 762 65 -210
65 -210 777 -133
777 -133 707 734
-316 712 -481 703
-316 712 -280 -86
-718 460 232 1
777 -133 -372 615
65 -210 -128 276
-372 615 957 -242
65 -210 13 -724
-372 615 -622 -561
-128 276 864 -143
-481 703 -78 -59
232 1 804 -297
13 -724 985 35
707 734 889 705
65 -210 509 -247
823 -201 -820 -175
707 734 334 -941
65 -210 195 -939
-78 -59 992 -308
804 -297 226 617
509 -247 755 -897
804 -297 -875 26
992 -308 658 131
957 -242 644 301
-622 -561 251 -704
644 301 891 -306
891 -306 -766 718
13 -724 640 -298
777 -133 441 154
777 -133 -243 -15
-766 718 190 -392
441 154 348 551
-875 26 -821 -514
226 617 -580 786
13 -724 -427 -623
-820 -175 442 -229
777 -133 125 667
-718 460 -4 -315
441 154 863 159
348 551 -564 -748
-977 597 -646 -425
441 154 927 -625
-977 597 934 -29
232 1 -474 -520
125 667 -6 909
992 -308 287 -929
195 -939 -279 363
287 -929 -162 -881
863 159 -37 -12
287 -929 -886 -38
985 35 373 443
509 -247 -744 -14
287 -929 59 -937
-4 -315 378 9
777 -133 -247 -362
65 -210 488 48
-821 -514 788 191
-820 -175 981 532
348 551 720 -465
488 48 464 -622
720 -465 319 -30
-564 -748 -336 61
864 -143 344 835
287 -929 -489 350
125 667 -66 -498
985 35 727 12
-766 718 -931 215
-580 786 310 657
-279 363 -197 -968
488 48 886 -717
195 -939 309 -207
889 705 589 0
-821 -514 26 -981
310 657 -865 -273
-564 -748 947 -83
-162 -881 -901 -731
334 -941 130 637
344 835 463 -892
644 301 -388 -378
889 705 -365 228
727 12 100 -827
-197 -968 900 -599
-821 -514 449 -27
-279 363 625 -389
-128 276 590 931
65 -210 -881 515
-766 718 615 -567
863 159 792 339
992 -308 528 445
65 -210 -504 647
251 -704 570 -279
-6 909 -356 -158
823 -201 -954 -812
-532 762 -81 21
-564 -748 663 157
663 157 -555 300
334 -941 52 -91
-532 762 -141 61
-66 -498 139 646
640 -298 42 -395
139 646 878 -357
-977 597 72 14
-128 276 679 241
130 637 -889 -990
640 -298 -600 643
-564 -748 -854 697
42 -395 28 -998
-875 26 -624 963
-564 -748 515 523
-162 -881 -948 193
-854 697 -122 -154
777 -133 -990 -86
-948 193 -668 371
-81 21 -263 -341
310 657 356 -755
658 131 850 207
449 -27 676 -908
-766 718 513 346
947 -83 611 984
-279 363 704 549
-990 -86 341 545
334 -941 -669 -728
378 9 -680 93
190 -392 -393 685
-669 -728 -236 745
889 705 594 326
-481 703 -967 399
59 -937 648 498
658 131 692 766
-881 515 192 -895
-474 -520 -525 807
139 646 995 -26
-481 703 638 942
-555 300 27 415
309 -207 -172 -475
679 241 208 -885
615 -567 793 817
-427 -623 706 -331
707 734 697 115
720 -465 608 266
-646 -425 124 341
-336 61 912 656
-4 -315 582 -174
679 241 -351 -490
-393 685 -992 -615
-600 643 899 712
-622 -561 731 -274
139 646 544 439
195 -939 242 813
863 159 253 806
528 445 -737 716
-162 -881 413 -466
644 301 -469 848
731 -274 173 -330
-967 399 -993 -223
-668 371 -70 -902
-122 -154 765 -185
697 115 -837 305
59 -937 -442 961
356 -755 -277 -343
309 -207 -61 440
52 -91 952 -446
464 -622 38 -75
891 -306 -244 -282
-993 -223 -658 -564
957 -242 -73 320
-901 -731 578 -282
-427 -623 -674 445
-356 -158 126 -972
65 -210 447 794
13 -724 347 -497
-442 961 511 603
463 -892 553 552
-6 909 911 696
-646 -425 -143 335
864 -143 696 -688
59 -937 -556 -453
648 498 973 -120
934 -29 636 701
-172 -475 -120 430
-143 335 -174 162
100 -827 -798 666
195 -939 50 393
-821 -514 -565 -118
-351 -490 -735 147
731 -274 -592 29
644 301 835 538
-680 93 -160 633
-624 963 -527 320
589 0 -940 639
50 393 -728 -173
-674 445 587 -948
663 157 734 -837
912 656 -272 -473
200
-535 623 -109 -678
-535 623 909 -752
909 -752 -80 -593
-109 -678 -892 -826
-535 623 -956 1000
-892 -826 -831 -281
-956 1000 -322 523
-322 523 -912 -449
-80 -593 677 462
909 -752 -914 458
-322 523 488 -944
909 -752 -224 889
-892 -826 419 -255
677 462 275 333
-535 623 599 472
-892 -826 789 -184
-109 -678 361 948
-956 1000 -502 -47
-80 -593 -800 -316
-109 -678 -651 -74
488 -944 -274 302
599 472 -662 185
-322 523 -673 793
789 -184 -478 -185
275 333 437 373
361 948 121 836
-322 523 83 -726
83 -726 474 -994
-662 185 569 571
275 333 -902 -717
-914 458 232 391
-274 302 804 -270
-80 -593 -553 724
599 472 -120 -525
83 -726 -697 -725
275 333 -429 802
-120 -525 272 -733
-535 623 -281 -18
-662 185 -312 -889
-902 -717 387 228
121 836 338 961
-697 -725 128 366
-831 -281 -32 -998
-109 -678 -6 139
-312 -889 902 -947
-312 -889 -458 -783
-429 802 -610 -798
-902 -717 891 -93
-662 185 487 -659
-610 -798 528 -343
-502 -47 -814 155
-912 -449 -167 769
-502 -47 364 -867
121 836 512 -626
487 -659 836 -379
599 472 -701 906
-831 -281 729 862
-429 802 174 -496
-478 -185 107 -339
232 391 -125 249
804 -270 -124 889
-956 1000 832 296
909 -752 -20 -800
487 -659 553 266
-20 -800 -308 -849
-610 -798 200 -828
-308 -849 -132 -497
-120 -525 -933 227
200 -828 -78 -853
512 -626 186 -327
-912 -449 -12 -124
-308 -849 826 979
832 296 962 19
232 391 -211 424
-167 769 828 -489
-80 -593 69 211
826 979 -746 118
891 -93 247 932
-429 802 365 -495
488 -944 0 -40
804 -270 466 514
-308 -849 213 680
-814 155 242 475
213 680 -139 -538
474 -994 781 580
-124 889 -667 -335
828 -489 37 88
-322 523 -329 772
599 472 -350 469
-6 139 -64 -607
-667 -335 490 -277
247 932 -617 -17
0 -40 770 -399
729 862 643 -849
-12 -124 -51 -814
643 -849 -212 -383
128 366 -512 -610
-535 623 888 592
826 979 411 -476
0 -40 556 173
83 -726 -455 91
-312 -889 647 735
-212 -383 -741 58
-350 469 652 -751
-80 -593 -907 807
466 514 -822 29
-109 -678 -600 -827
826 979 -969 -591
488 -944 929 -215
37 88 669 383
512 -626 31 230
83 -726 -154 -573
-969 -591 -376 455
-800 -316 -859 296
-914 458 -201 -127
-535 623 492 -234
888 592 130 -760
361 948 -965 588
474 -994 713 -546
962 19 814 286
888 592 601 -743
647 735 -574 -958
-281 -18 -252 954
361 948 -287 -104
-667 -335 -922 413
0 -40 305 647
713 -546 263 -627
599 472 439 -122
-322 523 567 -792
-697 -725 -471 807
-965 588 -842 -906
-458 -783 -436 626
789 -184 -330 -139
-201 -127 335 -215
962 19 95 -63
-933 227 675 -714
-912 -449 39 -219
-800 -316 974 -21
213 680 432 -401
-64 -607 155 -720
826 979 276 505
-12 -124 -951 257
107 -339 344 -184
-124 889 -668 871
338 961 -872 -935
-662 185 274 519
781 580 -335 855
-120 -525 -733 252
569 571 -244 -67
-78 -853 157 88
387 228 -949 931
677 462 700 -49
95 -63 -1 949
-120 -525 -994 919
-746 118 -276 669
-201 -127 557 -493
828 -489 727 987
888 592 434 -854
364 -867 637 160
-892 -826 458 495
-969 -591 827 173
-20 -800 -4 -950
-167 769 97 -127
700 -49 336 -290
569 571 -552 -238
432 -401 -394 595
-20 -800 546 -656
411 -476 -24 815
275 333 -408 947
-51 -814 267 -126
-651 -74 -222 195
83 -726 -767 -394
828 -489 -799 630
-701 906 -435 -566
567 -792 611 -54
-610 -798 -273 941
487 -659 -629 -889
557 -493 397 362
-154 -573 718 528
-912 -449 646 526
-276 669 -234 -464
902 -947 -995 970
-831 -281 34 -267
729 862 149 -704
-4 -950 -481 810
-741 58 -97 -991
-64 -607 -183 -228
364 -867 -235 415
826 979 -292 866
-335 855 90 -466
-822 29 -405 -945
-97 -991 391 -404
-167 769 548 -390
804 -270 320 -999
-471 807 -192 -176
643 -849 -14 927
556 173 -786 -180
361 948 -426 -88
-662 185 15 -55
419 -255 119 -446
200
-425 -20 -993 648
-993 648 -385 628
-385 628 -387 700
-425 -20 160 -911
-387 700 -187 490
160 -911 -123 -789
-425 -20 -396 342
160 -911 940 569
-187 490 819 13
160 -911 46 -172
-993 648 -504 -262
819 13 339 -411
-187 490 911 -844
819 13 971 627
339 -411 -574 848
-385 628 442 -737
911 -844 -957 -321
-396 342 249 997
911 -844 -804 -338
-957 -321 482 -94
-123 -789 132 252
-385 628 -434 825
-396 342 536 68
-804 -338 -386 -12
940 569 -100 -762
339 -411 926 697
-957 -321 935 -891
-993 648 -919 619
-504 -262 -628 -811
-574 848 -707 166
-707 166 397 -491
536 68 -304 -909
-957 -321 489 509
-574 848 177 837
-387 700 326 824
46 -172 -52 156
-628 -811 -34 275
-386 -12 -735 -104
177 837 368 726
-504 -262 -476 500
-34 275 154 507
-425 -20 102 -85
911 -844 549 -267
-386 -12 -213 58
-52 156 995 -449
-386 -12 287 -889
-100 -762 419 272
-34 275 567 677
-628 -811 -107 -621
549 -267 330 -215
-957 -321 789 389
567 677 -69 -871
-957 -321 790 -191
339 -411 -647 -607
330 -215 -412 -61
46 -172 -734 813
419 272 -234 952
-386 -12 792 925
-628 -811 753 74
549 -267 477 694
-412 -61 -798 -709
-919 619 -117 -948
-919 619 -958 -51
-213 58 -708 -906
-957 -321 737 -396
326 824 69 238
132 252 -731 755
-707 166 632 802
632 802 506 283
339 -411 -344 -391
-123 -789 -595 785
102 -85 147 933
-213 58 -548 -347
-69 -871 -456 -311
-708 -906 759 -321
536 68 -205 225
819 13 918 -592
-548 -347 43 837
632 802 -419 -270
-304 -909 697 -414
819 13 723 101
160 -911 -973 -993
-504 -262 369 -444
-476 500 -966 -339
-213 58 -616 -567
-52 156 760 -622
442 -737 -99 543
697 -414 -210 174
-595 785 915 -3
567 677 951 -69
632 802 -902 75
926 697 -588 -639
-69 -871 756 604
-735 -104 -907 -759
-628 -811 127 -907
160 -911 -258 -675
723 101 -640 16
-425 -20 53 -444
-69 -871 306 109
326 824 199 -785
-708 -906 515 368
-386 -12 977 598
995 -449 999 695
489 509 -822 566
368 726 837 -844
971 627 -116 -179
-205 225 444 45
-647 -607 -641 285
792 925 907 -863
792 925 -827 -107
-34 275 -614 -593
-798 -709 620 644
-628 -811 -441 -365
-902 75 -868 121
-966 -339 251 -550
287 -889 -227 798
-386 -12 -20 910
-973 -993 119 -384
-504 -262 -245 -294
-957 -321 974 952
-822 566 965 371
-344 -391 787 -583
368 726 423 796
753 74 994 550
-441 -365 -10 386
-52 156 226 -4
-213 58 -503 856
506 283 -545 449
287 -889 411 183
-868 121 -198 514
753 74 -339 643
-396 342 -494 -306
489 509 -684 -847
339 -411 -969 35
226 -4 -761 980
-107 -621 -953 -981
-628 -811 -378 -811
787 -583 51 274
977 598 -13 993
-198 514 116 -877
53 -444 -324 -642
-10 386 80 -633
-396 342 -901 -348
442 -737 -960 295
-901 -348 -529 112
-588 -639 370 537
-339 643 -38 504
411 183 451 853
-827 -107 113 146
-456 -311 -923 -80
-123 -789 117 -738
-13 993 -351 615
368 726 805 584
53 -444 405 695
-966 -339 298 8
759 -321 920 268
154 507 824 -664
-10 386 -532 331
368 726 264 288
-960 295 -842 -528
-378 -811 877 -639
-245 -294 -704 966
-339 643 659 -533
935 -891 569 366
-412 -61 -488 101
760 -622 -766 407
-213 58 -539 -3
-205 225 -666 -380
251 -550 14 230
-476 500 -421 561
287 -889 -174 -601
819 13 -697 -815
298 8 -17 -9
-907 -759 921 726
789 389 -294 42
477 694 -677 -858
119 -384 -45 159
-640 16 551 147
368 726 691 868
971 627 -161 841
-798 -709 -814 -689
-735 -104 -416 -192
-532 331 -660 -153
999 695 401 -171
759 -321 -454 518
-100 -762 244 148
-614 -593 -685 985
753 74 865 -268
401 -171 -745 -219
-966 -339 497 69
-198 514 -162 792
-213 58 274 419
515 368 900 644
-745 -219 -721 885
536 68 -654 625
442 -737 302 -794
405 695 -795 497
-324 -642 -839 -128
397 -491 188 830
-666 -380 795 -285
200
630 679 998 -89
630 679 -547 -690
-547 -690 375 -586
630 679 434 441
-547 -690 -890 -536
-547 -690 -176 16
434 441 816 -890
630 679 -151 357
998 -89 996 -371
816 -890 -34 -142
-34 -142 641 174
-176 16 -964 -468
-151 357 -879 366
-879 366 -15 436
-151 357 -916 -225
998 -89 465 -668
-151 357 881 820
375 -586 896 -679
816 -890 -648 -825
641 174 -434 -18
-34 -142 -10 55
-176 16 516 -454
-547 -690 576 860
881 820 835 250
-10 55 312 769
516 -454 450 -575
-547 -690 151 732
576 860 -135 691
-34 -142 99 91
630 679 368 -910
99 91 310 307
-135 691 -723 -256
450 -575 -190 -513
-916 -225 691 993
-964 -468 -929 -609
465 -668 -38 535
-434 -18 637 555
630 679 -408 -614
896 -679 -502 -878
-135 691 -978 526
375 -586 -325 -532
434 441 -461 16
450 -575 -934 162
-723 -256 569 39
-879 366 916 875
99 91 -936 72
-151 357 -235 765
-151 357 -132 140
576 860 -710 432
569 39 698 813
-132 140 -826 710
-190 -513 -850 -441
312 769 683 -981
-325 -532 696 514
-723 -256 -490 269
151 732 -887 -647
375 -586 842 -177
-929 -609 -585 272
450 -575 -12 -198
-190 -513 -911 -697
641 174 221 -13
-235 765 -270 -654
691 993 -270 75
-710 432 510 379
-190 -513 699 634
842 -177 -922 132
816 -890 -155 481
-10 55 57 -960
-10 55 -921 898
221 -13 622 -621
-408 -614 756 131
-235 765 44 87
312 769 -269 -162
-936 72 406 -46
434 441 -440 -248
-38 535 -489 -649
-502 -878 192 2
-440 -248 509 477
-12 -198 -839 597
637 555 431 249
-12 -198 273 270
569 39 231 890
-12 -198 828 -744
-269 -162 379 580
-916 -225 821 442
-490 269 -372 -258
509 477 -160 -152
691 993 166 -375
-408 -614 -925 -963
-648 -825 -953 709
569 39 -722 521
842 -177 -698 -370
-10 55 -444 895
699 634 23 -172
192 2 234 246
-850 -441 817 -771
-270 -654 585 -811
828 -744 -543 432
166 -375 -32 581
-15 436 217 -120
312 769 -3 649
310 307 -961 -880
576 860 830 -624
-489 -649 -849 -204
-176 16 -606 -395
-12 -198 717 -265
312 769 592 -752
756 131 -426 259
-826 710 -73 785
-826 710 724 270
-879 366 679 657
817 -771 -481 -188
585 -811 727 31
-461 16 349 -337
727 31 -433 502
756 131 540 -659
-190 -513 694 -587
916 875 405 -547
-440 -248 278 167
-710 432 390 -764
465 -668 624 -33
23 -172 -44 -824
-964 -468 501 711
-648 -825 -973 79
-151 357 107 13
-12 -198 518 -896
679 657 -838 -476
-964 -468 -591 -575
-961 -880 150 -526
-722 521 -258 -423
-547 -690 923 354
516 -454 -211 518
-890 -536 2 113
-325 -532 -619 -853
-606 -395 -682 -924
683 -981 765 -3
-440 -248 669 332
-502 -878 162 477
379 580 618 575
-591 -575 -989 -924
-490 269 445 89
-606 -395 -299 -651
717 -265 682 -281
682 -281 -857 -239
-838 -476 898 470
-648 -825 124 369
898 470 211 593
-12 -198 729 -241
-606 -395 -783 -533
835 250 -327 770
150 -526 -192 673
221 -13 -262 -53
679 657 6 903
-648 -825 984 -773
-44 -824 523 -125
-934 162 76 -13
-160 -152 348 -615
691 993 -367 254
57 -960 420 -908
-722 521 220 880
450 -575 414 670
450 -575 157 545
-543 432 22 -757
99 91 906 932
431 249 -749 -482
998 -89 -630 -331
465 -668 -645 -107
107 13 -759 492
-619 -853 169 -340
-434 -18 -47 -833
-44 -824 145 -411
107 13 741 215
-925 -963 -380 -425
406 -46 567 487
-849 -204 -96 -229
-440 -248 -273 832
821 442 761 63
-502 -878 18 -80
231 890 -268 196
349 -337 53 738
-698 -370 -169 858
-648 -825 794 -581
-989 -924 -185 -755
405 -547 268 950
-783 -533 353 -408
-648 -825 -19 -392
622 -621 528 289
998 -89 629 -260
22 -757 -23 161
2 113 36 -444
53 738 -622 -74
162 477 159 -398
828 -744 -760 -302
828 -744 909 837
-857 -239 175 829
-408 -614 -546 -683
765 -3 -510 -816
-585 272 -741 -376
509 477 253 -650
53 738 212 -407
200
-170 -236 682 673
-170 -236 75 522
682 673 -222 884
682 673 265 -98
265 -98 -783 346
-222 884 1000 800
265 -98 118 518
1000 800 165 428
-783 346 673 -712
75 522 410 -78
410 -78 -961 -304
673 -712 584 994
-170 -236 -231 -82
673 -712 427 87
-961 -304 -859 -556
-859 -556 712 -964
682 673 460 -198
682 673 -44 -887
75 522 -856 718
673 -712 -482 574
427 87 719 -579
-44 -887 660 -509
1000 800 -442 518
-442 518 134 -63
427 87 889 552
-856 718 -359 -425
165 428 637 -199
75 522 863 361
863 361 101 543
1000 800 441 771
682 673 119 475
673 -712 -101 105
719 -579 692 -885
118 518 493 -768
-44 -887 -881 49
-881 49 879 537
-482 574 906 -180
906 -180 -26 280
-881 49 -454 648
660 -509 519 388
265 -98 -416 267
673 -712 353 436
118 518 -753 780
265 -98 80 128
-856 718 667 106
660 -509 957 593
-170 -236 -549 337
-859 -556 -300 -550
80 128 530 -65
879 537 745 -410
80 128 -527 59
692 -885 -35 225
637 -199 -716 51
-753 780 324 937
-482 574 78 558
-549 337 -379 922
1000 800 726 571
78 558 -934 501
-44 -887 -335 264
118 518 -270 792
667 106 -997 83
165 428 969 -528
-856 718 -627 684
-856 718 -74 -846
-997 83 -460 -157
165 428 840 -1
-231 -82 -776 973
-35 225 -804 657
673 -712 -251 593
-856 718 751 628
441 771 -465 85
719 -579 167 -276
1000 800 -959 -572
637 -199 -430 -653
673 -712 -435 -528
1000 800 820 928
-627 684 629 -488
637 -199 -110 333
101 543 515 708
-251 593 -754 -610
-251 593 -822 558
1000 800 674 719
820 928 -712 341
957 593 -418 452
-379 922 33 -602
-783 346 -662 -608
-527 59 -631 90
906 -180 -638 256
-435 -528 885 -392
-754 -610 937 654
-934 501 -28 -32
134 -63 -713 769
-881 49 -244 -921
101 543 762 -206
-74 -846 -990 -153
745 -410 -867 -274
-460 -157 -214 -468
-335 264 289 -569
-867 -274 720 973
-961 -304 109 555
-335 264 803 369
726 571 -318 503
-776 973 -419 -374
-482 574 309 -818
969 -528 -921 695
265 -98 256 -31
-244 -921 619 -550
-482 574 -393 -425
673 -712 938 243
-627 684 -7 -607
515 708 93 769
692 -885 184 492
-549 337 859 595
-231 -82 76 -199
-222 884 -673 919
441 771 -141 -256
-7 -607 -423 -415
840 -1 -718 574
-28 -32 -741 -131
-465 85 -483 -388
101 543 -332 -500
-214 -468 -814 -228
78 558 55 205
80 128 -839 -465
751 628 -239 -271
719 -579 -192 -87
-959 -572 -6 -997
441 771 -308 196
-527 59 36 763
-482 574 -429 225
-419 -374 36 539
906 -180 84 343
-379 922 -200 -51
134 -63 711 -466
-141 -256 221 -488
-192 -87 -735 -474
-6 -997 22 718
-718 574 259 -557
-251 593 666 294
745 -410 -630 -289
460 -198 880 131
-673 919 -93 -135
165 428 261 -21
-332 -500 417 222
519 388 -519 298
-713 769 -924 629
417 222 -156 -428
-673 919 858 27
863 361 -739 369
-200 -51 -752 929
584 994 988 402
22 718 -134 -154
530 -65 -69 -762
101 543 362 943
859 595 -382 833
-44 -887 -507 -980
-631 90 481 592
-519 298 -710 -855
682 673 907 -367
-251 593 -988 -361
-454 648 81 -886
937 654 -184 733
-716 51 -448 -260
-200 -51 -349 752
-754 -610 -439 -982
889 552 -467 471
-454 648 641 -1
-101 105 372 489
660 -509 -996 221
-921 695 538 819
-527 59 -647 -330
-527 59 548 803
76 -199 934 -670
719 -579 -183 847
880 131 -73 527
907 -367 -567 -174
682 673 -802 956
36 539 876 453
674 719 -510 -82
-549 337 -130 795
-435 -528 923 411
309 -818 242 -590
641 -1 -162 299
-465 85 294 474
863 361 -948 -918
692 -885 576 -552
859 595 507 -905
-35 225 -555 619
362 943 -403 434
-418 452 652 -37
-192 -87 -963 -198
-921 695 727 -203
-510 -82 596 -277
666 294 -897 -201
-741 -131 -314 -647
692 -885 -287 -382
289 -569 -809 294
55 205 411 -802
-214 -468 -175 943
-712 341 -207 850
200
-958 568 455 917
-958 568 871 -841
871 -841 113 -962
113 -962 245 -866
245 -866 -738 914
871 -841 -568 -224
455 917 852 981
455 917 -250 -401
-958 568 -587 -103
-568 -224 -465 989
-568 -224 -619 2
-250 -401 -205 -931
852 981 742 941
852 981 -92 -796
-587 -103 -713 -986
-465 989 -674 -258
-250 -401 -288 -360
245 -866 -407 -462
245 -866 -901 -792
852 981 451 -671
-92 -796 738 506
-407 -462 -892 -727
-713 -986 -408 -44
-674 -258 -176 385
113 -962 477 941
-619 2 809 470
-619 2 -209 -24
-568 -224 514 773
-250 -401 -443 -756
852 981 564 -666
113 -962 -315 563
-315 563 -301 418
477 941 739 -330
-465 989 -679 -996
-679 -996 867 848
-619 2 -415 786
852 981 836 328
738 506 18 749
-176 385 861 -908
-301 418 -160 216
-901 -792 715 -29
18 749 963 -596
867 848 387 -779
-674 -258 -34 -595
-892 -727 -347 -197
-587 -103 559 -234
451 -671 505 807
245 -866 -897 635
-619 2 -740 251
-415 786 58 886
564 -666 776 759
-315 563 -752 22
-892 -727 562 237
455 917 644 726
-897 635 -470 405
-470 405 -264 664
-301 418 775 772
-443 -756 665 -809
-752 22 -887 -693
514 773 874 809
715 -29 -158 680
874 809 398 836
-897 635 189 279
-301 418 -549 639
398 836 -74 -984
-679 -996 -145 -140
189 279 748 698
665 -809 -927 -950
-407 -462 729 -517
874 809 342 -233
-250 -401 486 -487
455 917 -946 -575
562 237 -976 -357
852 981 283 -310
665 -809 909 -634
874 809 316 -478
-347 -197 -661 444
-407 -462 -967 -29
-74 -984 883 585
-347 -197 466 591
-674 -258 -436 -270
-619 2 -857 206
867 848 234 137
-315 563 1000 670
-958 568 41 90
342 -233 -165 -845
466 591 -477 -819
245 -866 591 -514
-34 -595 -200 -727
-674 -258 -485 850
-465 989 359 -785
-205 -931 899 -703
-74 -984 99 -982
729 -517 812 56
-485 850 635 -969
-465 989 969 936
-92 -796 -615 -548
748 698 -326 730
-408 -44 -888 -96
-901 -792 -882 885
635 -969 121 -313
-301 418 441 -174
121 -313 -245 982
-34 -595 -833 -327
874 809 -943 525
514 773 554 -146
-477 -819 -472 818
-288 -360 333 -175
-200 -727 595 425
-165 -845 753 -799
-958 568 198 -411
-200 -727 70 -329
809 470 488 258
-245 982 -594 -201
359 -785 126 480
-245 982 -62 -921
-897 635 724 473
775 772 -596 -48
-897 635 -653 -631
-679 -996 406 15
-245 982 436 -990
-653 -631 -464 406
635 -969 -229 -418
126 480 -23 632
-315 563 -79 135
776 759 -712 -496
-549 639 -221 -159
234 137 432 -625
-408 -44 873 134
-470 405 63 -683
812 56 887 500
883 585 -380 658
466 591 -149 -410
-347 -197 653 155
554 -146 450 496
41 90 648 372
-477 -819 61 685
591 -514 -578 -780
665 -809 -414 415
387 -779 -116 170
-615 -548 79 937
653 155 -656 938
-436 -270 -182 -67
-414 415 260 392
79 937 -454 190
-414 415 -889 65
-470 405 -801 32
-833 -327 -658 854
-740 251 -919 112
742 941 574 -722
-976 -357 756 -795
-34 -595 540 -14
883 585 132 -366
724 473 -88 50
-976 -357 948 892
-454 190 587 -505
-158 680 -467 485
-801 32 -567 843
-594 -201 850 106
-578 -780 961 -137
852 981 -254 489
-712 -496 -431 948
-347 -197 -554 -329
-857 206 -273 -751
852 981 -538 28
283 -310 805 261
644 726 -3 -746
-549 639 -794 -486
-472 818 -729 703
836 328 110 -327
-23 632 -995 898
-443 -756 839 -146
-927 -950 -843 150
333 -175 965 912
559 -234 916 -950
-34 -595 370 -137
559 -234 -835 -303
-145 -140 856 648
-946 -575 632 838
-549 639 -808 160
-347 -197 671 -741
-888 -96 -920 421
316 -478 221 -232
562 237 767 -53
-79 135 -366 694
-465 989 -626 -385
-88 50 226 726
-587 -103 563 964
63 -683 -261 69
-407 -462 -58 -653
99 -982 -318 -821
-431 948 692 667
805 261 518 307
234 137 -672 -105
836 328 -724 961
70 -329 -353 910
-713 -986 252 -342
477 941 -106 -642
-347 -197 -53 -653
-888 -96 -232 580
200
-984 902 303 -635
-984 902 754 8
303 -635 220 109
220 109 -891 -677
-891 -677 -452 -583
-984 902 -874 -699
303 -635 -826 493
220 109 386 -926
303 -635 871 929
-452 -583 815 -321
871 929 961 22
-874 -699 -644 868
-984 902 355 124
355 124 -75 -407
303 -635 -773 -519
-773 -519 -460 -593
-75 -407 -744 680
220 109 -276 -386
-644 868 -981 -678
355 124 -315 960
-981 -678 205 -657
-874 -699 529 -938
-744 680 -897 -700
-897 -700 391 -672
-744 680 -766 673
-984 902 -989 -397
-452 -583 491 -885
-766 673 805 156
-644 868 188 -369
529 -938 -390 818
-75 -407 369 -873
220 109 -696 -606
369 -873 -429 -352
-989 -397 -155 -622
-155 -622 -275 -391
-75 -407 954 -351
-826 493 968 -95
-315 960 554 -658
491 -885 330 -429
-981 -678 164 737
205 -657 -301 850
-981 -678 952 595
205 -657 930 -597
-696 -606 -295 -487
-826 493 -434 977
-696 -606 -630 616
954 -351 -921 -548
220 109 -579 -633
871 929 -536 -448
-275 -391 481 819
-874 -699 -487 -468
386 -926 -910 -463
871 929 -31 206
-744 680 -421 -931
-981 -678 -343 -735
330 -429 -345 -800
386 -926 509 25
-343 -735 730 387
-155 -622 -995 494
730 387 251 552
730 387 443 -738
303 -635 -925 648
930 -597 -486 -695
-891 -677 -433 -791
-276 -386 -239 690
968 -95 -677 723
-390 818 -178 184
-579 -633 -206 314
-421 -931 -937 -945
391 -672 388 -409
-921 -548 928 -595
-486 -695 562 -833
815 -321 852 -738
-989 -397 -796 -800
961 22 -731 681
-984 902 899 734
388 -409 -720 773
-239 690 410 345
-31 206 -5 568
-981 -678 284 -145
-630 616 -669 -289
-178 184 -782 646
205 -657 -466 217
-315 960 47 -245
205 -657 -955 39
-989 -397 879 372
509 25 7 -717
954 -351 820 -572
-782 646 907 76
-891 -677 -965 448
-178 184 810 -52
554 -658 979 687
-433 -791 110 460
-826 493 277 -829
-796 -800 -559 573
509 25 -781 -60
-466 217 -704 -42
-452 -583 -327 -872
-731 681 286 -382
-206 314 850 699
907 76 367 772
277 -829 -426 752
-155 -622 35 -384
-891 -677 -919 382
509 25 -259 40
-891 -677 -284 704
-345 -800 910 -598
277 -829 -553 -451
-744 680 -473 953
-301 850 -344 877
367 772 -158 856
7 -717 21 -115
-984 902 -558 -569
-345 -800 906 567
899 734 675 444
303 -635 67 -449
-284 704 975 478
529 -938 -880 68
-327 -872 326 -492
805 156 -585 613
-429 -352 -721 -516
979 687 575 975
-345 -800 577 -290
906 567 -890 744
-669 -289 163 921
-344 877 150 524
-874 -699 -67 -875
-301 850 -799 277
388 -409 845 -703
-466 217 -612 39
675 444 -173 -297
-327 -872 531 865
930 -597 -423 -115
-155 -622 -49 -919
-669 -289 129 -583
845 -703 387 -377
-910 -463 -808 632
-426 752 -530 830
575 975 846 876
-704 -42 -859 -73
-473 953 794 493
387 -377 317 -13
-390 818 -904 -797
-995 494 -352 343
-352 343 37 60
-487 -468 -987 9
-781 -60 242 -337
-965 448 197 -169
387 -377 728 34
367 772 -924 36
-981 -678 384 -936
805 156 916 592
164 737 -150 542
-150 542 -181 -503
21 -115 -823 -186
907 76 687 -546
-150 542 -783 -305
-782 646 -702 96
-536 -448 549 55
-344 877 189 -80
-150 542 -41 -139
-987 9 -643 -362
-327 -872 866 665
687 -546 774 38
35 -384 -778 -75
47 -245 698 -8
317 -13 379 894
164 737 955 -850
163 921 -267 -398
-919 382 180 -891
531 865 238 -384
-553 -451 -964 -278
961 22 -741 -929
687 -546 198 -396
928 -595 -578 659
-921 -548 -476 -729
-421 -931 -599 845
-704 -42 151 625
815 -321 937 -136
754 8 -733 -784
-731 681 -459 100
238 -384 126 -703
386 -926 373 -950
-904 -797 568 421
286 -382 -990 -554
728 34 17 -985
-783 -305 264 289
850 699 -639 718
-783 -305 -9 -524
284 -145 652 -33
330 -429 54 410
866 665 -138 -376
-158 856 433 -674
67 -449 -876 -562
-559 573 -325 457
687 -546 -123 564
-955 39 71 -34
961 22 -156 817
820 -572 38 -474
-987 9 -999 -341
