10
200
-899 689 883 -583
883 -583 -144 -661
-899 689 -432 51
-432 51 625 -213
-144 -661 323 237
-432 51 889 -446
-432 51 914 -301
-432 51 -438 -623
889 -446 630 780
-899 689 375 -179
323 237 -902 -275
323 237 -421 -266
883 -583 204 968
883 -583 745 -831
745 -831 -345 55
-432 51 -110 563
630 780 -165 -825
-421 -266 599 -624
-144 -661 505 -854
745 -831 -303 -492
505 -854 301 -270
-902 -275 116 -154
-165 -825 -805 -299
323 237 -959 629
599 -624 900 803
630 780 108 -36
900 803 -774 584
-805 -299 170 -71
-805 -299 -225 139
323 237 -283 -550
630 780 96 596
900 803 -588 -211
323 237 -29 -27
-421 -266 -66 -829
116 -154 923 512
170 -71 -462 -302
-303 -492 -936 805
-345 55 -884 791
630 780 -56 690
-56 690 -229 726
116 -154 866 -196
625 -213 -209 -108
505 -854 -327 -229
-588 -211 746 58
900 803 -316 -273
599 -624 320 315
-56 690 -625 675
-902 -275 -128 -993
323 237 -556 -988
-556 -988 761 802
375 -179 730 -562
-144 -661 753 -703
630 780 194 219
-229 726 -145 720
-316 -273 -31 -972
599 -624 379 700
753 -703 148 -852
-66 -829 210 186
210 186 926 -407
210 186 335 209
-884 791 -125 367
-432 51 -599 -294
-902 -275 -147 -909
-902 -275 -454 -426
-899 689 679 -242
745 -831 865 -694
-31 -972 755 304
-774 584 411 884
-556 -988 -434 269
914 -301 -860 584
761 802 -869 -50
-936 805 -509 -85
-283 -550 -23 934
-454 -426 -182 -19
-599 -294 -710 715
375 -179 115 -556
-23 934 804 -489
679 -242 959 745
148 -852 934 -560
323 237 -211 370
-774 584 -40 -982
379 700 840 737
-884 791 176 735
-869 -50 139 -850
170 -71 81 -732
-899 689 357 956
625 -213 560 542
-229 726 -694 314
-805 -299 857 -194
-434 269 243 109
-283 -550 -299 -61
914 -301 887 131
505 -854 57 -727
320 315 365 582
866 -196 359 799
176 735 290 557
-31 -972 -437 975
804 -489 995 -535
-902 -275 -688 678
923 512 90 985
-128 -993 -309 -420
-125 367 -369 233
-625 675 294 -404
-40 -982 -405 -332
887 131 971 -426
-209 -108 -249 -77
-462 -302 592 -345
599 -624 -400 765
914 -301 -961 -835
320 315 22 200
-40 -982 -862 866
359 799 -814 636
-369 233 -321 -153
204 968 -999 966
-438 -623 747 298
-229 726 -756 145
923 512 -159 -95
-303 -492 -928 968
-588 -211 289 934
-182 -19 -563 -834
323 237 281 183
-694 314 425 39
-694 314 -604 757
-249 -77 -166 470
-625 675 259 218
761 802 -741 808
320 315 -73 856
-66 -829 -835 199
-211 370 829 -347
-438 -623 25 -654
-860 584 -222 482
281 183 941 455
-327 -229 -218 539
747 298 777 -896
753 -703 -418 426
-434 269 30 -136
108 -36 -690 -767
755 304 -112 -962
194 219 677 365
883 -583 653 759
170 -71 -497 750
-434 269 -570 723
914 -301 -941 -391
-147 -909 120 154
-147 -909 606 -116
148 -852 -119 -967
-321 -153 -620 -584
57 -727 -388 822
290 557 -777 692
139 -850 818 325
116 -154 36 905
-40 -982 635 116
-432 51 319 -520
-400 765 988 998
-434 269 97 512
818 325 -611 162
-690 -767 78 529
804 -489 741 81
818 325 449 572
753 -703 -330 -635
243 109 454 -629
-437 975 308 898
746 58 706 -568
-556 -988 431 -196
-862 866 59 630
-225 139 882 158
-899 689 806 521
-165 -825 771 500
-556 -988 877 139
139 -850 455 738
116 -154 561 -702
-405 -332 -516 124
914 -301 -783 453
-710 715 191 -722
148 -852 -35 -785
818 325 304 -211
630 780 -847 -818
-249 -77 -903 312
-303 -492 -719 -413
730 -562 -313 -450
971 -426 -394 944
971 -426 -255 86
900 803 -681 -239
294 -404 -114 8
304 -211 577 -332
-620 -584 -65 591
78 529 242 -514
804 -489 499 397
499 397 -898 -491
-345 55 977 -329
-847 -818 545 -199
411 884 10 -601
-454 -426 -288 -161
359 799 -11 29
677 365 -871 -594
-434 269 -631 319
-625 675 241 387
-299 -61 -789 -429
-405 -332 -856 535
959 745 4 289
200
718 -965 -286 -182
-286 -182 767 786
718 -965 -516 752
-286 -182 720 -494
718 -965 -267 -152
720 -494 -780 328
767 786 -774 -650
-774 -650 607 -231
-516 752 450 2
607 -231 662 751
720 -494 -813 216
-286 -182 800 290
607 -231 783 470
-780 328 -773 -745
783 470 -36 474
783 470 882 -738
-267 -152 -133 -786
450 2 -115 144
-813 216 -736 145
-133 -786 -380 504
-133 -786 -721 -259
-286 -182 288 418
882 -738 -139 -786
-115 144 851 -318
-813 216 -733 330
783 470 -90 997
-733 330 578 405
578 405 914 20
718 -965 -79 -350
851 -318 -782 -820
-782 -820 -15 -545
767 786 945 -382
288 418 -147 -164
851 -318 -272 -246
783 470 91 89
-272 -246 -17 -910
718 -965 886 580
-139 -786 152 217
578 405 -506 928
288 418 740 625
-36 474 79 -91
882 -738 469 298
-506 928 560 -167
-147 -164 878 -663
450 2 74 884
-782 -820 729 966
767 786 252 -413
-774 -650 -367 -823
-774 -650 -606 917
79 -91 507 460
-133 -786 400 -239
-773 -745 -814 700
-272 -246 -277 -121
-15 -545 -134 -747
-15 -545 -95 -464
-15 -545 -882 -698
450 2 233 343
945 -382 180 580
886 580 -868 -889
-267 -152 592 -892
-736 145 863 -106
-773 -745 78 451
-516 752 510 -609
592 -892 576 -827
-115 144 -7 -725
592 -892 92 784
914 20 725 731
-36 474 66 280
945 -382 463 -8
92 784 -211 945
945 -382 149 -259
-90 997 652 907
288 418 86 -521
-36 474 926 -901
-139 -786 453 -446
718 -965 -565 -344
882 -738 -761 170
-733 330 -216 -734
-277 -121 -862 164
86 -521 681 6
-782 -820 -60 886
863 -106 37 -651
-139 -786 954 8
652 907 -858 -749
607 -231 -461 -127
914 20 742 799
-516 752 966 -403
-773 -745 -875 -331
-721 -259 -405 -742
560 -167 -307 -556
288 418 -963 190
767 786 -911 87
-882 -698 -903 597
800 290 608 150
-606 917 350 719
66 280 -395 211
-858 -749 -844 757
886 580 509 237
-773 -745 -704 115
91 89 619 -614
400 -239 -410 -654
619 -614 -674 128
-134 -747 494 -16
740 625 -666 466
-307 -556 -463 64
288 418 -312 884
-267 -152 30 530
79 -91 -505 186
607 -231 656 401
-15 -545 -962 -537
-461 -127 -331 -471
-862 164 -598 -157
720 -494 136 887
252 -413 373 -343
-882 -698 -386 -539
-875 -331 221 -103
-367 -823 -587 189
509 237 694 973
560 -167 374 -7
374 -7 -769 -71
-79 -350 -38 69
-461 -127 533 -991
-733 330 -997 -485
-565 -344 84 -796
509 237 334 914
-506 928 598 157
954 8 -178 344
718 -965 141 876
-115 144 50 -138
-962 -537 621 -820
-380 504 -851 -194
-216 -734 -758 611
494 -16 839 -926
533 -991 489 791
619 -614 401 711
141 876 286 -317
681 6 -842 -928
-774 -650 -201 79
-773 -745 -362 -266
-17 -910 639 -766
453 -446 -135 803
578 405 128 235
945 -382 411 -617
-461 -127 73 632
-380 504 208 -415
50 -138 -326 336
619 -614 47 -166
608 150 755 854
945 -382 174 78
-139 -786 70 -618
652 907 -330 -810
914 20 266 -790
79 -91 -734 256
725 731 531 -90
401 711 974 -704
-380 504 684 -689
-565 -344 677 -161
694 973 -366 980
453 -446 223 465
-463 64 -654 -794
221 -103 -393 -634
136 887 -559 -31
-598 -157 -800 250
223 465 -170 379
73 632 -783 -350
221 -103 -795 -572
656 401 -296 -446
453 -446 298 406
411 -617 -361 45
-393 -634 745 -110
729 966 171 -963
-844 757 915 -696
136 887 -764 -166
652 907 497 509
92 784 -775 249
-780 328 582 764
-775 249 209 362
252 -413 -708 -363
-286 -182 -681 -456
-395 211 259 354
-708 -363 545 577
-362 -266 862 -747
494 -16 -969 292
598 157 750 -288
259 354 778 968
208 -415 -412 258
350 719 556 396
489 791 55 866
576 -827 -759 269
174 78 -642 -405
259 354 -131 779
86 -521 569 839
494 -16 -609 -326
851 -318 293 360
578 405 -634 -631
-842 -928 -568 402
-79 -350 -950 -753
66 280 -497 -49
-761 170 26 -473
607 -231 -498 376
200
-819 982 -635 -228
-635 -228 192 -22
192 -22 603 -423
-819 982 -298 698
-298 698 671 523
-298 698 -152 -387
192 -22 -457 20
-298 698 853 998
-298 698 166 -351
-635 -228 708 171
-635 -228 661 266
671 523 349 900
166 -351 -470 -66
603 -423 157 678
-635 -228 -3 965
-457 20 -736 -623
-736 -623 -544 134
708 171 -260 905
157 678 431 224
-457 20 -108 -784
431 224 300 -735
-260 905 571 177
349 900 324 -910
-3 965 933 -532
-152 -387 686 -596
671 523 -783 670
-470 -66 -773 -186
-819 982 -987 274
192 -22 -223 915
-457 20 -400 -230
603 -423 912 93
708 171 -4 427
431 224 -346 -360
431 224 -44 202
708 171 718 -354
-108 -784 -434 -523
671 523 995 956
-44 202 282 0
-298 698 189 -433
-819 982 982 -252
-346 -360 248 320
300 -735 -743 0
-544 134 -518 3
-44 202 78 -20
189 -433 59 -519
718 -354 569 981
-518 3 -511 -476
-470 -66 278 -584
853 998 692 932
166 -351 148 397
995 956 58 -613
686 -596 345 -757
300 -735 -738 372
-346 -360 -941 742
148 397 -876 306
-260 905 831 -717
-941 742 -469 -602
-152 -387 -271 -276
933 -532 -508 422
-152 -387 498 -598
58 -613 146 365
-152 -387 -156 580
192 -22 -647 733
157 678 -523 -431
498 -598 -886 652
-941 742 791 430
-987 274 120 -743
982 -252 -167 -788
-108 -784 761 -623
282 0 353 50
-876 306 -66 433
278 -584 -443 -899
166 -351 861 -981
-167 -788 877 763
-635 -228 969 -790
708 171 38 79
982 -252 504 183
-941 742 -35 -873
-434 -523 -396 739
-523 -431 462 505
462 505 -319 352
-783 670 -241 -422
603 -423 -318 -493
148 397 -31 -553
-152 -387 695 916
282 0 -703 480
189 -433 -65 -650
-44 202 315 -18
861 -981 -467 -573
-108 -784 -840 245
-840 245 339 -518
-271 -276 -88 -533
59 -519 562 983
-457 20 606 662
969 -790 418 438
-241 -422 720 -573
-65 -650 575 821
-647 733 41 -272
-156 580 -553 224
-886 652 162 357
-783 670 736 397
498 -598 -534 698
324 -910 608 -912
-534 698 -717 -234
-319 352 577 881
315 -18 -358 -168
-635 -228 164 715
969 -790 81 -959
692 932 2 164
575 821 746 402
164 715 -758 915
-469 -602 -483 -171
877 763 -454 -790
-400 -230 -662 576
-319 352 727 674
-223 915 -515 799
720 -573 376 29
-470 -66 -512 806
282 0 -733 670
-511 -476 -821 -390
718 -354 591 -390
603 -423 978 557
-773 -186 -176 76
692 932 848 -235
-346 -360 904 -347
504 183 -344 -463
78 -20 292 -456
-736 -623 -673 496
-518 3 -300 297
504 183 667 -938
353 50 -114 -116
38 79 649 -481
-736 -623 -969 403
-819 982 964 -327
315 -18 516 216
-88 -533 495 820
-534 698 258 24
59 -519 228 -829
-66 433 95 286
671 523 523 -736
571 177 -371 -547
-840 245 -555 746
-241 -422 -609 -625
-969 403 -975 -912
692 932 309 -139
-703 480 -827 971
-886 652 168 733
-167 -788 -232 -487
761 -623 -769 680
708 171 283 48
2 164 -414 -733
-232 -487 -394 -457
41 -272 -750 607
-555 746 84 996
-470 -66 -626 174
982 -252 -541 573
695 916 -970 -75
-541 573 745 124
146 365 -958 -278
933 -532 366 -309
-523 -431 -127 -377
978 557 80 -448
-35 -873 190 265
-371 -547 -338 291
-515 799 602 451
431 224 898 587
164 715 645 -284
-483 -171 -677 187
353 50 130 509
-958 -278 149 63
-457 20 -800 -437
58 -613 108 -301
-773 -186 -639 -580
-512 806 296 -665
995 956 240 -118
-553 224 355 -90
283 48 -178 439
-346 -360 -487 357
853 998 -578 479
192 -22 -857 -260
569 981 777 -52
80 -448 -372 524
-114 -116 -370 -700
162 357 -740 -739
300 -735 532 -679
-370 -700 -625 731
-178 439 759 -460
667 -938 169 857
-338 291 -126 316
-958 -278 -912 -698
-740 -739 -84 370
309 -139 311 -321
-827 971 335 945
-298 698 377 -983
349 900 -284 -558
-396 739 -89 -871
-876 306 537 -127
-703 480 -224 -259
462 505 -926 -490
649 -481 600 403
200
157 -922 959 208
157 -922 -644 -685
-644 -685 318 597
959 208 -687 545
-687 545 773 5
157 -922 -453 165
157 -922 -122 425
-453 165 -628 680
157 -922 228 -112
959 208 -244 692
959 208 765 500
157 -922 -985 -293
-644 -685 542 -323
-453 165 -398 -134
773 5 808 -839
157 -922 -345 757
959 208 -504 672
-453 165 -547 -486
-687 545 -971 548
-687 545 176 277
-504 672 -278 507
-547 -486 -73 473
-687 545 908 -568
-547 -486 -639 -358
542 -323 876 602
-628 680 973 434
876 602 524 401
-73 473 63 581
908 -568 117 -531
-345 757 907 -409
318 597 772 -959
117 -531 384 64
-628 680 573 -224
-345 757 800 -852
-971 548 564 855
-639 -358 -651 -291
907 -409 -703 -892
-345 757 -175 388
542 -323 -732 232
876 602 418 -902
-687 545 483 -231
418 -902 -450 9
773 5 -250 167
228 -112 -590 255
573 -224 868 737
-398 -134 691 956
959 208 519 -280
-590 255 -123 -26
-398 -134 150 -73
-703 -892 102 164
-244 692 -579 -513
150 -73 -429 -648
-703 -892 981 -415
-504 672 -144 330
-504 672 -270 214
-504 672 992 180
519 -280 -564 657
150 -73 495 -221
-504 672 61 -299
808 -839 -541 915
-250 167 -41 850
876 602 -218 428
765 500 181 612
765 500 322 700
-398 -134 848 -895
519 -280 569 -362
181 612 -621 -744
772 -959 -459 299
-703 -892 -338 758
-450 9 240 187
495 -221 381 -480
765 500 -747 -116
808 -839 836 -757
-651 -291 431 -720
240 187 941 -187
-687 545 -8 458
-459 299 979 -865
117 -531 142 195
-541 915 -300 -283
941 -187 611 226
524 401 -2 -568
519 -280 -727 -726
-345 757 947 -14
-687 545 155 438
979 -865 -750 446
836 -757 68 477
981 -415 -499 -754
-218 428 823 49
-504 672 969 487
-590 255 -435 811
-250 167 -612 -56
318 597 748 940
-590 255 -501 -793
322 700 518 306
63 581 -953 -41
-270 214 -544 -937
-2 -568 -513 991
907 -409 938 506
68 477 -458 726
808 -839 22 907
959 208 -751 -180
63 581 -689 -606
-270 214 -148 -535
-644 -685 651 812
848 -895 -467 537
-453 165 -700 -9
181 612 -49 788
-703 -892 82 931
-123 -26 -533 553
-501 -793 -51 -588
569 -362 216 737
651 812 796 347
947 -14 -255 -769
519 -280 627 44
431 -720 426 867
-144 330 78 582
-612 -56 -731 -897
-687 545 -850 840
-504 672 501 631
431 -720 122 -743
-590 255 247 -446
979 -865 -62 -35
-747 -116 -569 86
-122 425 402 -892
-590 255 209 -475
-687 545 147 -619
-651 -291 990 -919
-533 553 948 -218
501 631 -736 -929
-564 657 -781 -981
990 -919 -117 -929
147 -619 -454 745
938 506 909 -651
147 -619 -988 -811
150 -73 -769 -25
176 277 148 -810
973 434 -926 225
322 700 980 542
611 226 121 171
796 347 189 -816
-458 726 -241 -352
969 487 161 264
569 -362 -834 -302
564 855 -380 -217
772 -959 -46 431
-450 9 -422 961
-590 255 -766 16
564 855 653 17
909 -651 -918 -637
-454 745 703 -220
-459 299 -874 -85
-621 -744 -386 -376
384 64 215 -589
808 -839 -847 -896
-513 991 130 -195
691 956 -638 -400
-300 -283 586 -760
-8 458 226 -951
-73 473 291 951
122 -743 976 -637
-547 -486 -400 322
981 -415 897 -491
240 187 824 -924
322 700 924 518
-689 -606 433 853
800 -852 143 -65
800 -852 -442 -52
-300 -283 -177 -439
-148 -535 994 933
773 5 -40 -559
-458 726 -510 944
-429 -648 -43 552
142 195 -455 -375
402 -892 -287 301
-345 757 961 867
948 -218 716 542
-454 745 -417 461
240 187 7 738
-628 680 -891 -371
611 226 167 -322
-442 -52 -585 -413
-544 -937 -331 -923
68 477 -296 -154
148 -810 789 672
-499 -754 239 641
979 -865 436 -147
653 17 -618 -62
150 -73 -539 257
-345 757 -74 648
150 -73 870 998
418 -902 -754 -925
-73 473 759 -493
-40 -559 -178 557
61 -299 621 193
-122 425 -309 -856
7 738 967 930
-435 811 794 -438
897 -491 -925 548
426 867 928 -97
876 602 567 552
200
920 842 -209 -241
-209 -241 524 337
920 842 -958 397
920 842 -465 -314
524 337 -999 856
-465 -314 -845 -842
920 842 -38 -258
-465 -314 -366 -772
-209 -241 -228 773
524 337 992 222
-38 -258 -593 -458
-366 -772 660 -222
524 337 -43 431
-999 856 137 948
-845 -842 -94 -212
992 222 154 -444
-593 -458 773 -866
-228 773 -115 -60
524 337 -555 -802
-115 -60 435 -144
773 -866 432 -529
773 -866 -626 794
992 222 -766 -563
660 -222 -864 819
-38 -258 -549 466
-958 397 -348 683
-999 856 -745 284
-94 -212 290 -516
154 -444 -17 -57
-348 683 -664 733
-228 773 928 -783
-38 -258 698 539
154 -444 678 472
-94 -212 999 338
-115 -60 385 -20
-38 -258 -125 85
992 222 481 -346
999 338 -836 896
-43 431 919 297
919 297 884 -313
435 -144 -635 500
-845 -842 -980 -98
992 222 603 150
154 -444 -707 -235
-94 -212 -369 710
-766 -563 82 -495
-209 -241 -824 -453
660 -222 317 -670
919 297 -211 -379
-836 896 -244 -480
-664 733 -735 49
317 -670 -801 -26
-766 -563 989 -770
-999 856 861 713
-593 -458 260 283
-125 85 40 856
-999 856 168 -702
989 -770 -805 -616
-228 773 682 793
-958 397 -967 -772
-999 856 195 -431
682 793 614 2
-115 -60 104 -116
989 -770 68 -970
82 -495 423 -896
603 150 809 622
432 -529 214 789
82 -495 -629 -861
-626 794 240 -809
660 -222 -932 319
40 856 -665 -167
214 789 788 641
-745 284 811 -834
-999 856 -355 153
-845 -842 -263 -758
-593 -458 -282 231
-629 -861 -182 771
811 -834 -80 436
317 -670 963 -280
524 337 661 664
154 -444 -988 402
-824 -453 437 -375
385 -20 -972 -970
-209 -241 265 -911
435 -144 647 -511
773 -866 -78 -833
-735 49 -756 -577
-115 -60 703 396
-593 -458 715 -434
682 793 -559 -526
773 -866 -514 201
68 -970 486 832
-958 397 -351 -130
435 -144 832 -865
-972 -970 -772 -621
-664 733 361 -944
-999 856 355 771
-125 85 -803 457
-355 153 -965 697
-369 710 -795 744
-803 457 -404 -982
788 641 627 147
-369 710 -144 -72
-182 771 -950 654
920 842 -276 -217
40 856 -841 69
260 283 730 290
432 -529 495 -79
-932 319 -603 728
-999 856 786 -286
614 2 402 -871
809 622 -943 900
137 948 99 842
-988 402 973 112
290 -516 39 244
361 -944 -105 -953
-805 -616 731 250
678 472 -676 -823
361 -944 886 41
919 297 -563 876
811 -834 -709 -276
-465 -314 550 -16
-555 -802 -283 20
-967 -772 598 764
-709 -276 384 -44
-772 -621 -91 -255
-263 -758 98 890
-563 876 -928 -579
-465 -314 -576 -313
-967 -772 921 -169
39 244 216 940
-369 710 581 405
-709 -276 313 -632
361 -944 553 550
-404 -982 303 453
104 -116 -189 367
39 244 -968 -687
-968 -687 911 -537
660 -222 479 627
-282 231 -945 -381
-465 -314 -890 -500
-555 -802 775 -128
-836 896 -286 -796
581 405 288 244
627 147 850 102
39 244 -767 628
290 -516 283 294
-43 431 579 79
-999 856 -217 -408
-514 201 381 744
-824 -453 735 498
-676 -823 -135 -264
627 147 -477 -560
660 -222 -568 204
288 244 596 -164
-283 20 -272 337
928 -783 946 762
98 890 -484 -771
703 396 -313 238
-824 -453 -807 203
715 -434 -376 427
-348 683 308 -544
288 244 -36 -946
-626 794 436 134
432 -529 345 -519
-105 -953 -728 629
-676 -823 70 -931
946 762 138 591
731 250 457 -266
385 -20 575 -190
481 -346 187 980
886 41 -256 680
-17 -57 -257 348
-958 397 487 851
98 890 -891 651
-928 -579 -238 -171
495 -79 -524 -65
788 641 -45 -166
355 771 680 -538
481 -346 229 103
-366 -772 631 462
-125 85 891 -873
-348 683 200 219
303 453 935 125
-841 69 411 214
-772 -621 -367 110
39 244 74 -309
920 842 268 857
-803 457 -498 68
283 294 -929 538
268 857 -572 959
911 -537 -688 9
435 -144 867 -246
138 591 -617 923
-38 -258 725 -21
-549 466 227 96
-366 -772 468 -660
603 150 116 667
935 125 -176 -297
116 667 570 -443
200
895 833 616 455
616 455 -966 -646
-966 -646 610 -585
-966 -646 776 -511
-966 -646 -710 -332
616 455 -395 -666
610 -585 -941 803
610 -585 -458 -108
616 455 -126 -835
-126 -835 -439 -732
-439 -732 -608 590
-395 -666 -750 89
-941 803 -97 -755
-97 -755 12 163
-97 -755 -62 -853
-750 89 -823 -225
610 -585 704 -362
610 -585 961 -423
610 -585 101 -555
-62 -853 511 -559
-710 -332 97 880
610 -585 385 -925
-62 -853 -88 -336
12 163 577 559
97 880 347 -205
-941 803 -132 658
385 -925 523 349
895 833 -564 503
101 -555 974 626
-710 -332 -59 -842
523 349 542 -667
-966 -646 761 901
-458 -108 911 530
-132 658 -469 258
511 -559 -136 363
12 163 30 -205
911 530 -861 105
-966 -646 694 -816
347 -205 541 -204
-966 -646 7 -843
974 626 724 755
-439 -732 -689 -516
-823 -225 981 -556
724 755 -44 962
-861 105 889 -974
694 -816 502 32
-941 803 889 159
577 559 177 -420
776 -511 -665 347
-710 -332 604 657
-88 -336 697 -410
577 559 -232 -222
776 -511 41 393
776 -511 677 832
704 -362 -627 12
511 -559 904 122
704 -362 -499 19
30 -205 -653 -648
12 163 207 321
-608 590 230 -289
-499 19 594 -975
776 -511 -187 -606
-608 590 -31 -447
7 -843 335 -593
-941 803 -11 735
-44 962 -259 -414
-823 -225 -304 127
981 -556 -855 -608
542 -667 819 -645
677 832 758 137
-941 803 307 -661
-439 -732 -84 627
-689 -516 -143 788
-132 658 -930 -116
-304 127 -99 191
616 455 -694 -172
-11 735 412 -491
-941 803 -113 -668
-564 503 655 -445
-439 -732 -701 -335
412 -491 965 859
30 -205 -417 169
594 -975 -960 97
335 -593 -237 267
761 901 462 825
-855 -608 309 -813
-417 169 -579 -645
-701 -335 452 557
-11 735 -541 763
452 557 -901 -697
758 137 -892 837
697 -410 -128 -197
-665 347 -251 -917
-627 12 291 -217
655 -445 27 721
41 393 973 -978
-237 267 -598 675
-892 837 -675 -25
-855 -608 884 -317
291 -217 -595 -278
-653 -648 -733 947
724 755 -416 -261
-892 837 273 -159
-128 -197 -257 -235
-84 627 590 415
-59 -842 749 -761
307 -661 -597 658
-417 169 345 554
-733 947 106 -552
347 -205 -109 -1000
27 721 287 -535
724 755 -616 -66
542 -667 -142 -66
-251 -917 42 -900
452 557 544 -492
-966 -646 984 627
-143 788 -592 86
604 657 -995 830
287 -535 -718 228
106 -552 -774 -896
-257 -235 996 -647
-598 675 -808 -311
-259 -414 416 61
-109 -1000 896 -119
-304 127 -719 145
-187 -606 879 652
-823 -225 -188 -791
965 859 -356 -649
385 -925 -398 560
-132 658 468 -99
-458 -108 802 975
-458 -108 630 -64
523 349 888 867
-750 89 -990 -215
655 -445 -926 -293
-132 658 474 106
347 -205 743 -50
-689 -516 322 -696
-458 -108 818 -962
42 -900 49 -187
41 393 475 353
27 721 -766 446
-823 -225 -4 -412
-892 837 880 -564
-608 590 -910 517
879 652 389 600
-966 -646 46 423
-718 228 825 -7
544 -492 161 578
965 859 145 178
761 901 -6 -889
-710 -332 185 -870
-665 347 -903 -399
416 61 688 36
-237 267 767 -775
818 -962 -39 -446
-910 517 -697 692
12 163 -886 -760
307 -661 72 -829
-966 -646 750 285
322 -696 612 424
185 -870 887 605
-750 89 -352 -243
590 415 737 795
345 554 -249 608
-750 89 -407 947
697 -410 -324 543
-143 788 204 425
767 -775 -51 747
502 32 806 -170
161 578 -283 54
-930 -116 562 -595
-598 675 -380 -323
758 137 757 522
-886 -760 -33 -91
-11 735 -471 489
-259 -414 -680 826
511 -559 966 355
-251 -917 -655 434
749 -761 312 -662
724 755 -443 708
-608 590 400 -869
462 825 -574 -733
974 626 -260 17
961 -423 1000 -766
-324 543 59 -919
230 -289 239 899
981 -556 993 -839
-439 -732 668 351
806 -170 831 -681
887 605 -262 -194
97 880 717 43
887 605 -240 391
-710 -332 310 -100
-51 747 -899 559
-901 -697 -826 10
-44 962 -904 270
207 321 906 235
523 349 -677 903
-262 -194 470 -223
200
-545 -231 797 -846
797 -846 -783 805
797 -846 467 -450
797 -846 630 38
-545 -231 -463 614
-463 614 30 -629
-463 614 -302 -244
467 -450 -901 -436
-302 -244 -765 969
-463 614 274 -619
467 -450 -72 -689
-545 -231 287 262
-463 614 -745 109
-901 -436 -756 -226
-72 -689 -529 177
-463 614 908 -219
-745 109 519 194
908 -219 -45 870
-529 177 53 -996
274 -619 -609 901
-745 109 -440 683
-440 683 929 -951
467 -450 488 322
797 -846 -291 -304
30 -629 -662 -462
-783 805 -179 -323
797 -846 -672 -521
-672 -521 -731 -613
274 -619 -3 56
-745 109 -160 -164
-440 683 -533 -620
-533 -620 180 -456
-179 -323 -212 651
-212 651 627 467
180 -456 424 201
-662 -462 138 300
-609 901 289 240
-463 614 219 77
-302 -244 719 -221
519 194 -445 -896
-440 683 105 -187
-533 -620 303 870
-72 -689 -344 -208
424 201 272 -649
-745 109 -968 -619
929 -951 -567 -555
-179 -323 -359 287
289 240 360 795
-302 -244 -203 522
488 322 744 777
219 77 189 915
-203 522 -814 680
272 -649 804 -715
-756 -226 -358 746
467 -450 -517 -158
180 -456 -704 58
-302 -244 258 -561
-765 969 -87 504
-445 -896 927 -181
927 -181 -751 -45
189 915 -884 -213
744 777 339 760
189 915 81 -749
927 -181 111 279
339 760 -18 -82
-968 -619 799 -536
287 262 563 47
-609 901 26 -274
-72 -689 -509 -476
-358 746 -678 -197
804 -715 813 -175
-3 56 -769 -141
-814 680 -207 635
-704 58 -633 -950
303 870 668 -430
-745 109 -936 -898
-765 969 -311 326
488 322 805 -7
-672 -521 -336 -396
-445 -896 60 822
-302 -244 -908 -912
-311 326 -84 -185
272 -649 -584 984
26 -274 450 -628
-908 -912 -237 -389
744 777 -110 246
-359 287 934 710
-212 651 343 -717
-783 805 611 462
-678 -197 -486 -185
-237 -389 -271 752
26 -274 -455 -878
-45 870 14 -740
-814 680 -714 -810
-908 -912 175 -747
-769 -141 521 590
-455 -878 -282 308
-72 -689 -807 413
-291 -304 587 98
-745 109 618 811
-745 109 495 -952
-968 -619 -976 -216
627 467 580 -609
-84 -185 -563 311
-463 614 896 734
-110 246 -737 -13
343 -717 154 540
-567 -555 818 -493
-179 -323 928 -784
-884 -213 -789 957
495 -952 735 -84
467 -450 1000 147
-463 614 -36 -260
735 -84 -93 1
219 77 -388 198
-751 -45 999 -661
-36 -260 483 163
519 194 -164 548
-976 -216 -593 322
999 -661 -154 -925
-745 109 455 305
343 -717 851 -306
519 194 864 -6
928 -784 248 933
1000 147 -136 191
-237 -389 -357 -234
219 77 -864 800
303 870 -927 -724
-93 1 -289 -859
-976 -216 -942 -832
14 -740 -247 342
580 -609 -159 -60
-159 -60 169 -781
-247 342 -262 -82
-136 191 -195 -727
175 -747 194 593
-45 870 -127 708
-195 -727 231 388
81 -749 -4 744
-593 322 982 -871
488 322 -476 -817
-160 -164 323 -919
-344 -208 269 752
-207 635 1 304
-529 177 440 102
-807 413 -841 -740
-486 -185 840 530
611 462 -510 687
-678 -197 700 461
-302 -244 507 385
-87 504 702 -643
521 590 330 774
194 593 731 274
-814 680 669 -340
-567 -555 -369 -74
138 300 -886 403
934 710 187 -693
668 -430 796 -995
796 -995 701 195
14 -740 320 -720
-486 -185 -29 676
-463 614 -153 -193
563 47 -288 -680
-765 969 381 736
-3 56 673 404
-678 -197 613 -512
60 822 -934 245
14 -740 -444 29
-545 -231 546 263
-29 676 -701 437
702 -643 504 -757
360 795 -264 495
669 -340 33 249
30 -629 -801 31
934 710 -842 -792
248 933 -183 521
-455 -878 -624 -921
-517 -158 307 -115
-264 495 886 -108
303 870 -364 486
287 262 436 531
797 -846 203 -54
804 -715 41 698
-127 708 185 -365
-344 -208 -552 248
-463 614 545 -589
-127 708 -757 438
519 194 -872 -835
-886 403 523 127
323 -919 -972 5
-154 -925 640 856
-160 -164 -408 -993
26 -274 410 -446
450 -628 -260 637
-358 746 995 -782
982 -871 -893 -30
450 -628 829 -165
424 201 -406 -615
-701 437 727 340
410 -446 12 -289
200
476 -26 821 170
476 -26 -436 356
-436 356 132 -988
-436 356 -78 489
132 -988 -495 934
-78 489 770 958
821 170 -721 110
-495 934 -47 -936
476 -26 -981 377
-981 377 -90 -23
132 -988 -238 -298
-436 356 -781 -16
-981 377 -382 671
476 -26 33 787
-90 -23 977 332
-495 934 -281 612
132 -988 659 -890
-382 671 326 -168
770 958 -34 -886
-721 110 -68 -42
-238 -298 77 -63
-34 -886 -245 85
-721 110 -458 -795
-34 -886 856 -689
-281 612 664 -985
-47 -936 80 521
132 -988 -378 -929
-47 -936 76 513
-436 356 178 -573
-238 -298 -164 -299
132 -988 -974 235
770 958 947 -1
-34 -886 -242 -387
476 -26 475 762
80 521 917 -352
-781 -16 -214 478
-458 -795 -691 -776
-436 356 -457 157
664 -985 -573 -665
-382 671 -778 195
659 -890 928 -162
856 -689 -353 -313
-34 -886 11 -13
-691 -776 478 -840
-281 612 561 -628
-781 -16 599 427
-778 195 208 -50
-281 612 -644 338
-457 157 -865 -422
178 -573 -183 -120
664 -985 -346 -877
977 332 172 -783
664 -985 849 47
208 -50 -419 403
-981 377 -333 612
-573 -665 34 508
80 521 63 729
-419 403 -966 740
34 508 -822 -361
-436 356 -79 -712
132 -988 -857 -692
-68 -42 740 -902
80 521 962 945
-573 -665 -616 882
11 -13 -173 249
-616 882 705 429
-616 882 -733 998
-164 -299 -292 870
-966 740 884 -362
-966 740 495 -555
884 -362 646 432
659 -890 -440 295
-419 403 -302 812
705 429 941 408
-781 -16 540 543
-419 403 -527 797
132 -988 -321 262
941 408 -21 349
947 -1 -610 92
-47 -936 -839 305
-78 489 327 -635
-974 235 -895 232
-895 232 -132 303
-302 812 813 -200
-68 -42 286 -651
770 958 450 608
-281 612 550 925
178 -573 591 680
-382 671 -901 -920
-778 195 -270 -927
-173 249 555 -803
-79 -712 396 946
-573 -665 -230 -132
478 -840 682 396
-47 -936 371 824
-382 671 -795 269
-573 -665 461 -377
476 -26 117 925
-721 110 -9 -736
962 945 -816 118
-79 -712 -347 -646
-90 -23 629 950
-78 489 695 195
34 508 456 794
327 -635 -650 892
-173 249 -223 637
-346 -877 -168 279
884 -362 -445 -959
-822 -361 594 864
475 762 -639 -38
646 432 -697 -932
821 170 -918 -536
682 396 521 -811
-445 -959 521 -230
-9 -736 -977 -456
-650 892 -262 4
-333 612 -282 754
-781 -16 -430 773
-382 671 253 -71
664 -985 -169 648
77 -63 750 -916
-436 356 -794 -30
-778 195 -693 327
-527 797 -257 -134
-650 892 981 -980
-223 637 146 164
599 427 841 -316
-639 -38 446 -846
-865 -422 -417 802
-778 195 115 136
884 -362 615 668
-816 118 195 498
-164 -299 -719 -616
-857 -692 -400 -772
813 -200 -877 312
-68 -42 882 826
555 -803 468 -707
-966 740 619 -899
-650 892 209 -612
-857 -692 869 232
750 -916 -732 -675
-895 232 313 -696
-697 -932 -987 271
208 -50 -118 174
76 513 634 -320
-440 295 -911 -232
-321 262 -363 404
619 -899 -374 -104
-302 812 311 -539
962 945 -528 -103
-911 -232 -404 285
-68 -42 -953 935
117 925 408 276
495 -555 -256 13
-857 -692 -863 -404
594 864 -447 447
561 -628 -546 -101
599 427 314 688
-918 -536 197 340
634 -320 -670 693
849 47 806 -878
195 498 431 269
-292 870 -718 920
646 432 302 206
-282 754 732 745
-374 -104 148 -764
849 47 642 675
197 340 -599 380
197 340 -286 -862
-721 110 116 380
-404 285 -304 291
-353 -313 54 -932
-223 637 897 -332
286 -651 -187 -692
-419 403 -123 385
-347 -646 -965 -642
540 543 161 -706
-382 671 -624 497
-436 356 118 551
-183 -120 -770 510
-245 85 -395 111
-977 -456 604 -671
-527 797 729 272
634 -320 -547 780
408 276 -998 398
-419 403 -471 -580
-895 232 -935 -786
806 -878 986 -840
118 551 -542 567
-445 -959 139 846
-123 385 -657 -214
314 688 404 37
-839 305 -907 -253
209 -612 -900 -32
521 -811 590 -868
599 427 402 389
977 332 -508 12
54 -932 592 -931
-173 249 -494 -462
461 -377 -358 376
200
642 767 -214 860
642 767 -633 -879
642 767 -12 -941
-214 860 -619 -84
-12 -941 694 -798
-214 860 9 223
9 223 -150 -679
-214 860 -794 -941
694 -798 555 136
-214 860 -801 -673
-633 -879 260 276
-619 -84 40 616
40 616 -862 -465
555 136 563 154
-214 860 -253 -405
260 276 341 301
260 276 -579 460
-579 460 -933 38
-633 -879 246 -644
-933 38 -673 457
246 -644 316 -309
-801 -673 -947 765
694 -798 754 414
260 276 391 937
555 136 -716 -8
-12 -941 -827 924
-801 -673 606 -626
555 136 -681 -55
-619 -84 -1000 -889
-716 -8 -583 -174
-801 -673 960 -395
-253 -405 -261 -794
341 301 105 -342
-862 -465 225 -552
-827 924 -470 -425
960 -395 -462 773
-214 860 -431 653
960 -395 61 437
-253 -405 -984 -742
260 276 -354 -750
225 -552 -747 367
-253 -405 -605 -638
341 301 595 -965
-619 -84 875 348
-214 860 -75 337
391 937 629 -963
-681 -55 844 -24
642 767 241 455
-794 -941 961 970
-984 -742 611 43
875 348 -492 88
606 -626 -217 -977
-673 457 -825 779
341 301 352 -144
391 937 -622 -503
-150 -679 764 -224
-579 460 360 -461
260 276 598 581
61 437 -171 -291
555 136 850 -855
-217 -977 -914 934
875 348 308 842
-492 88 590 -26
-673 457 180 -910
225 -552 882 391
-862 -465 175 47
246 -644 238 -965
-1000 -889 -918 1
40 616 872 -19
180 -910 -688 700
175 47 -151 225
754 414 713 -957
754 414 948 -746
180 -910 742 -674
-801 -673 -610 902
260 276 923 -753
105 -342 -800 198
-12 -941 -434 -403
-470 -425 -275 -263
961 970 -990 873
308 842 925 -125
-275 -263 645 -701
-716 -8 623 -483
246 -644 664 126
180 -910 998 -675
-434 -403 -554 -893
-990 873 -191 527
360 -461 219 -437
-673 457 731 -303
555 136 408 505
-354 -750 913 -303
961 970 430 352
430 352 578 11
882 391 -130 377
352 -144 94 755
-431 653 -964 -284
961 970 -930 -23
764 -224 767 795
61 437 240 -705
308 842 903 -164
408 505 -359 631
61 437 -397 342
241 455 -625 -337
238 -965 -872 -468
-872 -468 784 -137
875 348 -456 816
-150 -679 498 349
-747 367 -939 939
960 -395 -898 -112
-492 88 -78 -959
-214 860 -765 -335
-947 765 685 -491
408 505 955 82
590 -26 379 -594
-765 -335 -337 213
664 126 -366 914
-275 -263 -713 -903
-150 -679 -22 219
-765 -335 639 -539
764 -224 -684 169
-625 -337 891 861
623 -483 726 -212
-253 -405 230 -164
40 616 2 1000
-75 337 -163 879
639 -539 811 -896
925 -125 -895 592
961 970 884 898
-625 -337 54 -834
664 126 318 -898
105 -342 -550 814
408 505 -524 638
913 -303 -784 352
-990 873 975 8
379 -594 -454 -959
-217 -977 -532 -537
-990 873 -816 587
664 126 -696 828
590 -26 301 301
-253 -405 -192 -446
-688 700 -982 -618
-862 -465 -284 -280
-765 -335 -102 95
-1000 -889 7 534
998 -675 -560 696
61 437 435 136
923 -753 172 -997
260 276 77 -50
-192 -446 -897 -780
-359 631 -140 -500
-716 -8 -399 -128
7 534 65 -936
-470 -425 531 188
555 136 -869 68
-1000 -889 699 326
578 11 805 4
435 136 8 354
-862 -465 771 -144
-930 -23 -839 -730
-554 -893 521 -179
105 -342 28 -600
2 1000 333 793
-524 638 -88 -796
-579 460 482 -418
961 970 -795 -625
-765 -335 88 -484
961 970 984 869
-713 -903 -875 -999
-784 352 -87 -190
-964 -284 -614 -378
-524 638 251 -469
903 -164 -912 -315
606 -626 136 664
742 -674 579 -570
884 898 -498 454
-839 -730 -355 916
872 -19 72 793
8 354 662 -509
225 -552 -328 844
-78 -959 197 -517
767 795 4 648
579 -570 -665 -455
555 136 229 503
-192 -446 -798 -494
-397 342 -31 369
-354 -750 678 494
555 136 912 -917
642 767 656 529
318 -898 -58 222
7 534 -239 916
611 43 -626 327
-784 352 11 -510
-583 -174 -892 -119
225 -552 696 -262
-151 225 -98 -7
-872 -468 234 221
590 -26 608 -575
771 -144 134 718
65 -936 85 -206
-765 -335 416 -782
200
803 615 960 -127
960 -127 -847 -482
803 615 -884 108
960 -127 -990 37
960 -127 621 721
960 -127 -955 362
803 615 858 -546
960 -127 666 372
666 372 886 -111
-955 362 -723 985
-990 37 -7 323
621 721 -430 -710
-955 362 -566 -249
960 -127 -209 -640
858 -546 119 1
858 -546 790 237
-209 -640 -244 -489
-244 -489 101 -565
101 -565 -384 527
-955 362 -1 797
-209 -640 -116 -245
-1 797 -786 -734
119 1 -653 865
-430 -710 133 512
666 372 -163 -479
621 721 663 -137
960 -127 -726 -959
-884 108 912 658
960 -127 -26 -277
666 372 401 903
-955 362 -625 -585
401 903 -748 -677
-384 527 -317 -503
-116 -245 -560 547
886 -111 -614 729
790 237 -993 137
101 -565 480 -807
803 615 192 627
-993 137 883 823
-384 527 -272 273
-116 -245 993 720
-723 985 -820 421
-820 421 807 721
401 903 147 468
-993 137 -431 127
790 237 -88 531
-614 729 649 -619
-431 127 143 -318
-1 797 -156 924
-955 362 22 -425
133 512 965 596
480 -807 -52 896
-723 985 808 716
-955 362 -717 -765
-560 547 385 318
663 -137 -693 937
666 372 72 -77
-156 924 -788 -711
621 721 -525 749
-1 797 -916 -984
-990 37 -706 -865
621 721 -248 207
-693 937 995 985
-614 729 502 637
-884 108 14 796
-209 -640 -296 -941
133 512 334 256
-7 323 34 131
480 -807 83 -654
-156 924 -756 358
-717 -765 -659 996
-717 -765 752 -735
-26 -277 974 411
-1 797 620 -849
192 627 -181 969
995 985 82 441
-209 -640 381 -452
-916 -984 -518 59
-430 -710 536 75
-726 -959 -642 -46
886 -111 50 312
-209 -640 46 -348
-916 -984 41 349
858 -546 -924 -138
-955 362 -754 -544
663 -137 -167 -84
-7 323 -395 -555
886 -111 516 -32
-726 -959 560 -765
385 318 -874 342
-993 137 -356 437
-248 207 -684 368
560 -765 49 757
620 -849 189 -641
-990 37 403 737
-706 -865 -364 -223
189 -641 492 -712
-884 108 -944 62
-874 342 -249 573
-431 127 -279 -404
101 -565 975 225
-955 362 -121 -199
-642 -46 954 714
-560 547 931 -792
803 615 -744 -412
883 823 596 190
-916 -984 -1000 385
22 -425 495 -602
-249 573 -313 56
401 903 289 529
931 -792 266 -150
-754 -544 -62 -463
-1 797 113 943
536 75 510 -388
858 -546 1000 23
-249 573 -267 749
-317 -503 84 -656
596 190 -711 1000
-560 547 -437 -278
974 411 477 460
34 131 722 -885
-356 437 -18 556
-717 -765 -93 39
-26 -277 173 -417
954 714 -679 -821
858 -546 708 -569
-431 127 203 -343
-955 362 -469 140
-272 273 947 976
84 -656 -662 610
974 411 512 43
101 -565 -8 -569
334 256 -435 -559
-121 -199 -609 690
34 131 -442 -626
-717 -765 899 650
-711 1000 686 780
-566 -249 -84 532
-52 896 -863 -688
-442 -626 199 369
-625 -585 679 57
-756 358 -615 231
-442 -626 933 -919
41 349 -814 467
536 75 -288 29
620 -849 -777 86
954 714 368 115
-726 -959 -821 -234
666 372 914 625
-679 -821 -79 648
-267 749 -186 367
203 -343 -923 -633
-821 -234 776 19
289 529 175 -980
-944 62 -409 376
-248 207 -527 -859
-62 -463 -893 -391
-717 -765 -803 -895
686 780 640 546
-356 437 152 197
-116 -245 231 509
-7 323 -829 -977
722 -885 -275 127
-525 749 369 525
807 721 -254 791
620 -849 -243 -535
-821 -234 719 -552
-18 556 443 -16
790 237 939 -667
776 19 782 727
-788 -711 -419 -789
22 -425 -112 100
939 -667 -353 104
933 -919 337 -274
-560 547 830 -694
495 -602 -528 -577
-167 -84 171 834
-469 140 -421 -800
14 796 -564 1
858 -546 359 755
113 943 -308 234
-272 273 -76 -716
-84 532 -549 391
-803 -895 764 -943
-430 -710 207 -416
-384 527 -583 689
-121 -199 778 344
-18 556 -314 -426
-18 556 -905 766
790 237 373 669
-625 -585 -496 782
-993 137 -601 -983
-317 -503 871 413
871 413 -457 -697
679 57 853 686
807 721 40 -960
-112 100 753 -818
-786 -734 93 -85
203 -343 -616 713
-814 467 877 -669
