10
200
309 -955 972 -36
309 -955 -527 508
309 -955 577 341
972 -36 366 -985
366 -985 -265 386
366 -985 -82 -145
-82 -145 -397 501
366 -985 708 -559
-82 -145 -590 -35
-590 -35 413 212
309 -955 -15 68
413 212 472 -966
-397 501 504 -61
-590 -35 -325 841
309 -955 -179 805
708 -559 -373 326
366 -985 -733 673
309 -955 380 960
366 -985 -216 -948
309 -955 537 932
972 -36 -985 968
380 960 -653 394
380 960 -823 565
-179 805 793 749
380 960 695 -324
-82 -145 155 -432
-15 68 -547 780
-985 968 -343 -44
-733 673 -171 -504
-823 565 -446 -474
708 -559 560 -893
-446 -474 66 937
-446 -474 -793 192
155 -432 -535 985
-733 673 145 -369
155 -432 522 517
-216 -948 -759 470
-653 394 764 -105
-547 780 971 129
-397 501 -10 -603
309 -955 -56 578
-733 673 980 953
-590 -35 104 -561
-397 501 -20 127
-733 673 153 -570
153 -570 151 613
-265 386 903 350
764 -105 11 450
366 -985 981 601
-179 805 19 233
-10 -603 -980 966
380 960 -691 51
472 -966 962 806
-985 968 558 620
522 517 -329 -325
558 620 -790 657
472 -966 -641 -399
504 -61 -121 -583
11 450 -232 -952
522 517 -738 375
66 937 455 673
972 -36 782 -44
66 937 -30 159
-985 968 -684 205
-121 -583 -594 -814
-684 205 -26 -494
-15 68 391 -456
-691 51 -103 102
-329 -325 -589 229
-738 375 314 -331
981 601 808 79
19 233 -259 -233
504 -61 76 151
-216 -948 770 -832
522 517 159 761
66 937 90 -598
537 932 -774 416
-774 416 859 886
-446 -474 -886 476
-547 780 78 -331
504 -61 -42 936
808 79 293 292
-594 -814 -411 -867
577 341 -893 -481
-589 229 683 385
-259 -233 571 526
-325 841 -358 -941
708 -559 -202 375
-103 102 797 -83
793 749 -88 732
-259 -233 -160 -710
-30 159 -726 -268
391 -456 -989 229
972 -36 733 274
-325 841 -503 803
-88 732 910 -579
808 79 -236 456
980 953 845 26
314 -331 -59 789
-216 -948 -632 -964
-236 456 804 -635
-980 966 272 935
155 -432 -361 65
-15 68 -583 -484
145 -369 -563 -424
980 953 -18 -881
-793 192 -149 -745
309 -955 -435 842
-10 -603 392 954
972 -36 503 504
-56 578 -51 990
981 601 -909 -975
366 -985 992 853
-82 -145 724 64
571 526 850 820
845 26 861 501
-909 -975 -797 231
-397 501 575 -492
-236 456 912 -220
-446 -474 325 -497
-15 68 -688 723
293 292 720 568
-691 51 -454 -283
-373 326 61 519
11 450 -260 612
910 -579 617 -679
903 350 119 603
962 806 141 245
-103 102 328 819
-989 229 505 -587
119 603 -354 -775
-149 -745 351 -754
-20 127 341 -514
-886 476 -497 -246
-358 -941 -792 113
571 526 -425 -685
850 820 -591 -690
-329 -325 902 -579
76 151 189 917
325 -497 37 958
-358 -941 -651 130
-103 102 358 -860
-216 -948 -807 -43
-329 -325 -117 130
-759 470 -374 13
537 932 -683 539
-374 13 562 941
-632 -964 -723 -658
797 -83 -360 959
-179 805 57 37
-30 159 882 -971
-179 805 -195 538
882 -971 105 -431
562 941 -359 486
-632 -964 -299 -927
159 761 -105 992
351 -754 374 -230
560 -893 760 707
-591 -690 175 -805
912 -220 59 -727
-202 375 -972 -822
-797 231 -624 452
-397 501 -477 -227
-343 -44 629 -283
-792 113 462 -292
380 960 18 -332
413 212 -369 256
-160 -710 -714 -407
-759 470 205 906
90 -598 106 66
-361 65 591 -401
-989 229 -707 908
105 -431 65 53
-360 959 665 194
-299 -927 334 602
-369 256 -679 728
-972 -822 -631 759
104 -561 757 797
314 -331 -853 785
309 -955 556 -37
325 -497 438 -774
-723 -658 17 122
782 -44 901 -428
57 37 -799 -77
861 501 -476 -94
380 960 -812 69
797 -83 -276 -678
-179 805 -570 -960
-359 486 198 -990
-476 -94 788 829
90 -598 331 686
-260 612 880 -200
-547 780 809 -463
-42 936 515 648
724 64 -911 -254
205 906 156 -537
59 -727 -836 898
-216 -948 -17 -449
-759 470 716 442
151 613 780 205
200
433 -123 -744 591
-744 591 -473 393
-473 393 -744 993
-744 591 745 -123
433 -123 -983 -151
-744 993 954 75
-473 393 -379 593
-744 993 741 -574
-983 -151 435 -757
433 -123 862 -331
741 -574 816 775
954 75 285 0
285 0 403 -948
-744 591 502 -815
502 -815 -962 -452
435 -757 924 -982
-473 393 734 961
435 -757 -708 120
954 75 404 325
-983 -151 -282 67
734 961 111 911
404 325 717 -528
111 911 756 -436
-473 393 661 206
-282 67 -995 -663
502 -815 943 215
734 961 -887 -905
717 -528 7 836
756 -436 183 487
404 325 676 763
7 836 608 -441
502 -815 223 822
816 775 -526 228
661 206 615 -51
734 961 217 -629
816 775 -807 -286
943 215 356 37
661 206 176 684
111 911 883 227
862 -331 953 242
676 763 -595 234
217 -629 -700 850
745 -123 663 419
356 37 -990 913
502 -815 48 -278
-473 393 -989 83
717 -528 -126 -690
741 -574 -307 -230
-744 993 418 206
745 -123 896 -889
-595 234 -220 -933
-807 -286 645 -190
953 242 637 514
-983 -151 497 143
-379 593 980 889
-126 -690 -600 -985
661 206 960 -275
-989 83 -706 -935
111 911 -666 944
717 -528 54 388
-989 83 411 887
953 242 857 645
435 -757 565 -954
676 763 182 196
356 37 232 -702
-708 120 -678 455
54 388 -3 835
-282 67 532 -977
816 775 239 904
661 206 -916 32
741 -574 531 525
-990 913 -674 907
615 -51 24 -424
285 0 860 -222
-807 -286 -545 984
-995 -663 -967 -685
565 -954 700 -799
-282 67 900 332
700 -799 848 404
-887 -905 634 -424
676 763 -865 157
896 -889 617 583
-744 591 432 -425
223 822 -97 23
-220 -933 376 -767
-989 83 261 647
734 961 -491 -985
418 206 -866 -51
-744 993 269 -850
432 -425 -325 -798
-600 -985 -137 199
615 -51 -439 374
-708 120 613 486
883 227 -858 155
-666 944 672 278
637 514 281 -575
862 -331 485 75
-282 67 -141 -808
-220 -933 -812 398
432 -425 -640 745
-990 913 625 734
-990 913 -492 -550
-491 -985 -323 891
953 242 570 348
24 -424 -875 878
-325 -798 -875 195
-137 199 -167 755
717 -528 951 -400
896 -889 451 36
-887 -905 729 -393
-967 -685 -42 -112
613 486 -917 409
-858 155 -86 -345
-866 -51 937 -759
-545 984 -371 562
-3 835 -342 182
532 -977 -732 -93
502 -815 388 -253
896 -889 624 -884
-371 562 47 -386
183 487 47 -245
896 -889 -726 -670
485 75 930 606
531 525 -455 450
-526 228 -719 85
261 647 -616 -905
943 215 -472 -479
-866 -51 -610 324
48 -278 -203 -346
-666 944 -845 952
570 348 193 -280
217 -629 680 -14
376 -767 -322 -972
-678 455 -162 785
-491 -985 308 635
734 961 -684 -577
729 -393 -346 764
-887 -905 482 879
7 836 -426 143
-719 85 258 -295
954 75 -387 70
896 -889 161 -151
645 -190 310 915
676 763 535 144
482 879 799 854
-866 -51 -360 601
-97 23 -7 282
48 -278 850 78
-387 70 159 285
482 879 374 590
-203 -346 56 184
418 206 911 475
-875 195 434 796
960 -275 -26 705
729 -393 -960 -360
-325 -798 830 705
-526 228 76 -138
756 -436 106 766
-387 70 171 -755
159 285 -91 515
-342 182 -991 -141
-732 -93 -128 -167
451 36 -973 -349
-3 835 345 -727
411 887 -313 910
285 0 969 546
634 -424 -718 -508
980 889 -309 -948
47 -386 108 -982
-916 32 -645 914
-126 -690 -233 -458
374 590 -628 -126
451 36 -124 406
937 -759 459 -752
-960 -360 213 -854
-379 593 -435 458
900 332 786 -696
617 583 948 295
786 -696 423 -273
816 775 469 -71
-322 -972 -564 545
-983 -151 -733 832
-124 406 241 534
717 -528 75 -399
-7 282 506 578
459 -752 825 -314
-732 -93 446 83
-141 -808 -655 19
-137 199 545 -609
-162 785 -935 393
-995 -663 -722 855
435 -757 -182 801
816 775 288 -835
825 -314 -644 -713
403 -948 -405 975
-126 -690 -72 767
-7 282 -289 97
423 -273 35 -127
76 -138 -83 -907
435 -757 -285 661
200
991 222 35 -863
991 222 240 -860
35 -863 -804 -568
35 -863 390 -149
35 -863 -170 -160
-170 -160 705 -986
35 -863 -660 -594
-170 -160 -562 228
-804 -568 -369 188
-804 -568 -373 -238
-369 188 -872 232
-373 -238 181 481
181 481 -798 -39
-369 188 -869 356
-869 356 -549 443
-798 -39 132 -564
-170 -160 23 -180
390 -149 -312 -941
390 -149 78 -70
181 481 -6 -983
-549 443 -427 -241
390 -149 -483 918
-869 356 -988 -145
-369 188 14 525
78 -70 -668 609
-373 -238 -48 734
-427 -241 -720 969
-798 -39 -261 -179
78 -70 45 -839
-170 -160 -32 713
991 222 587 597
181 481 -366 -988
45 -839 -949 -777
-668 609 -974 779
587 597 586 -102
14 525 -336 -909
181 481 -59 -193
-483 918 855 -28
181 481 -257 580
-32 713 399 -25
-562 228 -497 -434
-549 443 -503 -708
-257 580 148 -750
-660 -594 344 741
-720 969 -398 956
586 -102 804 -921
-503 -708 -813 -157
-261 -179 -424 793
-872 232 -639 -296
181 481 723 897
-813 -157 -751 -330
723 897 -181 161
804 -921 786 -131
132 -564 -186 -3
-483 918 860 -163
-497 -434 556 98
556 98 -763 511
-186 -3 77 560
804 -921 -906 132
-261 -179 612 -473
-763 511 530 386
77 560 476 482
-639 -296 248 -140
148 -750 160 229
181 481 389 934
-336 -909 503 -869
-751 -330 -928 -419
586 -102 -156 -536
-639 -296 -107 -657
-549 443 656 291
556 98 511 810
991 222 -414 -873
399 -25 -726 376
-257 580 375 -776
-639 -296 -825 -514
181 481 -484 -826
-312 -941 -451 -594
148 -750 -9 -315
-928 -419 73 947
-763 511 818 70
240 -860 631 -96
-751 -330 -481 -152
248 -140 -263 72
181 481 426 189
399 -25 -722 -614
818 70 806 -199
-156 -536 414 612
-804 -568 -629 760
-170 -160 -572 817
-497 -434 -227 -38
77 560 -3 401
-424 793 714 -38
631 -96 -899 506
530 386 -240 79
390 -149 815 -155
511 810 -608 467
-336 -909 525 -207
-170 -160 741 -664
586 -102 -380 -100
-107 -657 711 208
804 -921 -731 -270
815 -155 -119 -325
-369 188 -259 -389
-336 -909 -705 253
-720 969 -754 -648
804 -921 -992 190
-988 -145 122 -695
631 -96 -990 290
556 98 -810 -53
705 -986 98 -669
73 947 474 137
705 -986 840 937
-398 956 942 258
-263 72 -246 40
-263 72 354 -286
511 810 -469 -664
-668 609 -822 -61
818 70 837 661
240 -860 -325 921
-731 -270 -939 -478
-722 -614 120 443
77 560 -922 468
991 222 453 -899
-107 -657 -331 342
160 229 -697 -318
414 612 -771 383
-763 511 -961 591
389 934 424 -653
-720 969 76 -944
-414 -873 -781 198
-336 -909 933 -683
815 -155 583 421
804 -921 141 692
-804 -568 -770 390
-751 -330 -222 -640
-246 40 567 -628
-763 511 -58 -584
714 -38 -796 660
476 482 105 -636
-170 -160 554 -781
583 421 -47 -766
723 897 726 677
-424 793 156 177
855 -28 -690 -993
45 -839 441 343
-810 -53 -448 832
78 -70 -826 -652
-261 -179 -341 402
723 897 667 -84
815 -155 -724 48
741 -664 953 57
656 291 -381 104
726 677 963 -583
656 291 84 -907
-928 -419 758 506
344 741 -236 -759
-825 -514 -456 -955
78 -70 433 -704
-660 -594 -676 -945
-826 -652 -492 -78
723 897 -385 792
474 137 967 117
-9 -315 -683 332
248 -140 984 808
424 -653 882 949
76 -944 410 -865
860 -163 101 141
-341 402 -823 70
-456 -955 383 -778
612 -473 581 -517
-961 591 696 19
424 -653 -613 -69
612 -473 -794 -667
76 -944 -505 -994
-336 -909 -95 -954
-484 -826 -559 -198
-683 332 138 806
-872 232 507 -968
-59 -193 262 -897
-949 -777 8 186
-726 376 988 348
-751 -330 -232 903
-3 401 367 -447
-899 506 -108 704
-259 -389 -200 37
45 -839 -449 688
815 -155 -356 155
586 -102 187 245
187 245 912 -406
-549 443 -913 52
-341 402 695 -179
-810 -53 -183 -684
587 597 72 382
122 -695 -418 492
587 597 63 -324
-813 -157 -311 -261
705 -986 393 921
73 947 -790 74
-246 40 -36 -254
631 -96 -191 -679
200
59 906 -51 106
59 906 384 730
59 906 615 805
-51 106 -482 -183
615 805 -410 187
-482 -183 166 -810
384 730 364 813
615 805 31 84
-482 -183 -93 18
166 -810 69 -828
-93 18 -16 -980
-93 18 147 -191
364 813 597 343
31 84 -499 24
166 -810 -432 -505
-482 -183 -786 897
-51 106 335 46
384 730 878 405
-432 -505 966 309
597 343 551 -231
615 805 -643 -500
59 906 892 228
-16 -980 232 721
892 228 -555 835
892 228 -225 535
232 721 -707 375
59 906 -393 -499
-555 835 923 869
923 869 749 -644
147 -191 290 467
69 -828 48 663
878 405 967 -173
-786 897 155 -547
232 721 -317 -322
966 309 -633 -958
147 -191 -931 -64
166 -810 302 632
-51 106 -596 -741
-317 -322 389 289
-410 187 664 682
749 -644 -693 -882
-432 -505 -719 135
-693 -882 991 -298
384 730 -630 90
335 46 328 267
166 -810 -409 775
335 46 550 424
892 228 -560 632
-409 775 423 133
-693 -882 896 -759
-393 -499 179 35
615 805 -385 -510
31 84 873 -602
-393 -499 -373 412
-719 135 924 -917
179 35 -758 509
-596 -741 -613 -971
-410 187 -563 930
-596 -741 500 270
-630 90 300 443
-707 375 -947 -783
328 267 -48 981
-633 -958 -488 866
-707 375 -231 -786
-385 -510 -406 -852
166 -810 87 -105
364 813 -111 -413
-317 -322 152 45
892 228 275 -808
-555 835 286 78
-488 866 -418 -36
300 443 -171 795
59 906 -182 -36
-947 -783 -632 -10
179 35 409 -854
-418 -36 368 -757
551 -231 -963 321
-48 981 -277 -46
-963 321 854 837
-758 509 -870 -343
597 343 65 -308
892 228 956 -64
87 -105 432 528
423 133 537 -687
155 -547 -119 210
147 -191 -150 618
-630 90 81 219
-373 412 486 -48
335 46 224 -516
384 730 484 -920
966 309 950 16
-632 -10 134 150
232 721 75 -598
-93 18 -491 -306
550 424 -667 845
878 405 210 809
275 -808 -139 343
-111 -413 -495 748
275 -808 613 -67
75 -598 636 719
923 869 -466 -634
-632 -10 464 975
878 405 843 -914
232 721 -389 -826
-707 375 489 -641
-596 -741 779 -901
-410 187 -703 -404
-870 -343 592 332
328 267 -712 556
409 -854 -822 819
551 -231 559 942
152 45 802 756
-707 375 341 559
-555 835 723 -520
923 869 823 -173
335 46 850 949
-633 -958 -896 118
335 46 832 -234
-182 -36 515 493
636 719 -23 232
275 -808 388 910
-389 -826 -668 435
134 150 -398 921
850 949 427 610
423 133 669 350
551 -231 -229 235
364 813 712 -26
-171 795 -259 -813
59 906 -305 733
224 -516 670 -51
-373 412 -78 840
302 632 -459 -226
-707 375 -26 679
-410 187 506 -298
-555 835 345 643
388 910 881 -46
-896 118 -249 -252
-495 748 -125 758
592 332 -438 883
59 906 671 -479
500 270 501 662
-438 883 -274 -979
-274 -979 -436 -312
950 16 117 -489
500 270 727 -29
389 289 -302 -140
-459 -226 238 856
881 -46 626 527
843 -914 -367 675
-139 343 818 811
364 813 961 522
956 -64 -781 690
-274 -979 -88 841
-302 -140 767 667
427 610 -58 211
-48 981 92 571
767 667 -13 -428
-499 24 -642 912
636 719 -995 268
-259 -813 82 44
-139 343 -734 952
-23 232 -152 479
615 805 -531 -249
-225 535 -403 417
779 -901 -195 472
69 -828 895 -641
432 528 -263 477
-195 472 -893 921
-633 -958 -451 483
489 -641 904 -729
302 632 -538 529
-139 343 120 518
-317 -322 656 -563
-231 -786 344 873
384 730 885 99
-249 -252 -503 695
432 528 284 363
-436 -312 -53 -565
-633 -958 -957 -41
-466 -634 919 -522
-596 -741 296 -867
389 289 416 222
-249 -252 -817 -957
82 44 864 -196
432 528 -940 683
923 869 221 163
550 424 860 834
81 219 -831 743
-58 211 -423 -481
-758 509 882 478
238 856 312 844
892 228 -186 -226
-88 841 -280 -795
48 663 507 653
-274 -979 -567 131
-995 268 -701 456
956 -64 -852 479
991 -298 -612 -222
364 813 -86 -1
409 -854 -194 -8
200
-874 -930 478 -750
-874 -930 -417 -629
-417 -629 473 -232
-417 -629 -92 -840
-92 -840 854 165
-417 -629 679 43
473 -232 395 568
854 165 -574 -596
478 -750 667 540
-92 -840 507 658
395 568 -535 331
395 568 -902 869
473 -232 810 952
810 952 793 503
793 503 985 -980
-902 869 922 825
-417 -629 -277 -161
-92 -840 127 -299
679 43 396 779
810 952 -961 -614
-92 -840 782 -113
985 -980 -802 -903
-417 -629 -966 -277
854 165 321 -895
-417 -629 -737 -726
507 658 -234 -261
-417 -629 115 -511
395 568 -721 -901
-277 -161 -625 -603
854 165 482 667
-902 869 346 -153
679 43 -119 -687
782 -113 779 -473
985 -980 94 564
793 503 390 -964
346 -153 424 -817
390 -964 -631 -564
-721 -901 -486 729
395 568 845 420
473 -232 316 -953
667 540 109 864
-874 -930 -159 -730
-277 -161 -977 558
-802 -903 950 -11
854 165 -270 -911
424 -817 323 789
-92 -840 -685 341
-119 -687 -242 -104
-242 -104 930 -514
346 -153 -730 673
109 864 -443 -142
-631 -564 -345 -476
-159 -730 597 -116
930 -514 562 98
-345 -476 -878 -899
-92 -840 -410 475
482 667 29 -123
395 568 405 340
-443 -142 -817 -456
562 98 544 -465
-443 -142 180 -150
482 667 791 -242
793 503 -741 976
473 -232 -224 -77
396 779 -765 -266
-765 -266 -293 -896
597 -116 515 88
-625 -603 249 674
180 -150 -590 331
950 -11 89 89
-631 -564 11 -804
562 98 697 55
478 -750 933 589
-874 -930 -882 218
-882 218 593 750
-293 -896 -668 -605
29 -123 -566 -1
697 55 -302 346
-625 -603 -303 -437
482 667 288 940
-345 -476 -496 714
-277 -161 170 303
-874 -930 -972 -329
-685 341 551 287
-878 -899 -825 364
-721 -901 -831 743
-410 475 -609 -646
-625 -603 -400 -181
-878 -899 -569 -594
-882 218 -448 -439
-410 475 287 111
985 -980 375 -168
-535 331 566 949
323 789 -807 891
-119 -687 803 863
-224 -77 -421 588
507 658 123 111
-625 -603 974 570
-566 -1 -257 -995
-730 673 95 322
-721 -901 -647 -585
793 503 607 156
950 -11 -784 66
-92 -840 -509 290
109 864 -885 -449
782 -113 -133 -737
-293 -896 -477 -27
-535 331 -884 311
478 -750 834 -230
-535 331 -297 636
950 -11 616 -637
950 -11 574 576
-574 -596 -931 -785
29 -123 -759 -947
395 568 797 -284
515 88 773 2
810 952 832 -500
810 952 -280 -307
562 98 -80 237
473 -232 -216 -461
94 564 278 994
-297 636 914 -19
616 -637 -218 474
-931 -785 553 -680
597 -116 477 149
-874 -930 -110 483
-159 -730 -643 -72
779 -473 24 327
922 825 -585 -970
797 -284 338 478
593 750 191 -509
-972 -329 448 -445
477 149 44 458
396 779 330 819
-574 -596 -917 139
-133 -737 586 121
507 658 -827 153
478 -750 213 648
-277 -161 -480 -244
-590 331 752 -267
-257 -995 -984 428
-486 729 -774 -365
-535 331 -579 -30
515 88 -309 -21
127 -299 -430 876
-345 -476 399 50
170 303 958 -405
482 667 240 -266
396 779 -364 571
-345 -476 -758 -456
854 165 759 134
-902 869 -612 -784
191 -509 497 910
-609 -646 850 511
-297 636 705 609
-827 153 -237 -153
950 -11 333 645
-216 -461 -603 715
-224 -77 987 -405
-884 311 -547 -75
-302 346 -620 255
-410 475 -254 272
448 -445 -416 -720
346 -153 -326 -571
-297 636 308 -32
-443 -142 505 -205
395 568 -836 -288
333 645 291 257
-80 237 -78 919
697 55 -851 -583
950 -11 844 194
922 825 -898 -240
-400 -181 -367 -193
607 156 81 -633
497 910 -725 -473
477 149 -99 -179
-590 331 362 -39
-977 558 -541 -838
424 -817 -414 -388
396 779 -396 -436
667 540 786 867
-541 -838 -77 691
123 111 -301 -612
95 322 681 -2
779 -473 190 199
-784 66 682 445
-977 558 -427 -58
-802 -903 -344 -2
-566 -1 -563 -566
249 674 -7 101
-78 919 -228 776
-301 -612 -209 595
-133 -737 342 786
89 89 82 -159
-898 -240 -479 -146
562 98 -684 -111
793 503 866 708
-931 -785 777 -68
-612 -784 814 871
29 -123 -873 897
200
62 -429 154 -246
154 -246 -695 -757
-695 -757 -652 -697
62 -429 -917 -233
154 -246 798 -969
62 -429 -316 -874
154 -246 394 39
-316 -874 186 177
798 -969 87 -546
-316 -874 580 571
186 177 455 993
-917 -233 796 788
455 993 -972 489
455 993 -101 886
-917 -233 -51 759
-101 886 467 346
455 993 607 -739
-652 -697 -775 -398
-652 -697 -995 43
-316 -874 -790 433
580 571 -483 -130
87 -546 855 -159
-695 -757 96 950
467 346 754 -749
-483 -130 -165 521
607 -739 -661 692
798 -969 439 365
-101 886 -965 736
394 39 -642 -371
439 365 987 500
-917 -233 -365 795
-790 433 165 -181
439 365 30 -69
96 950 -548 404
-548 404 7 122
-917 -233 583 -911
-775 -398 725 -29
798 -969 -792 288
607 -739 -551 -960
-551 -960 577 536
725 -29 453 -620
-775 -398 671 218
583 -911 249 -835
583 -911 789 -982
754 -749 -13 668
796 788 -329 -28
7 122 -888 237
-917 -233 672 426
165 -181 -577 -41
439 365 424 -840
87 -546 5 186
-577 -41 495 -34
-483 -130 -511 98
62 -429 -465 -675
796 788 887 -93
453 -620 144 -854
495 -34 -505 -119
439 365 -321 98
-888 237 523 457
87 -546 912 -290
-511 98 985 402
-661 692 -164 -39
5 186 418 -978
-790 433 -900 -491
912 -290 992 -412
577 536 -750 266
5 186 951 -242
-101 886 -927 -895
-164 -39 -651 -198
-316 -874 -200 963
96 950 584 941
-329 -28 -734 -792
-164 -39 940 279
154 -246 -679 176
672 426 751 -150
672 426 -571 360
-679 176 -348 705
-321 98 -862 -317
751 -150 -381 655
30 -69 -444 94
-13 668 690 -699
690 -699 -807 130
-750 266 80 -877
-164 -39 644 308
-917 -233 -474 -778
-465 -675 507 -885
-316 -874 -65 437
-790 433 203 -521
583 -911 836 435
-642 -371 773 -189
249 -835 -767 657
-750 266 51 898
-767 657 -644 -454
144 -854 -233 -585
96 950 800 -641
203 -521 640 -737
-316 -874 356 -249
467 346 694 753
-200 963 -130 74
-888 237 -323 75
165 -181 563 697
-474 -778 -114 -688
-321 98 -52 -803
796 788 400 925
-505 -119 60 866
-321 98 -959 458
940 279 -162 -488
144 -854 -161 466
584 941 -36 -512
-551 -960 -382 -173
789 -982 517 232
517 232 -122 505
30 -69 397 531
424 -840 -779 867
563 697 717 228
951 -242 741 266
-695 -757 74 831
-444 94 -219 573
-36 -512 -954 -539
144 -854 840 -781
-382 -173 101 -669
789 -982 500 905
-36 -512 436 925
992 -412 -552 -892
-316 -874 343 -161
96 950 308 -178
-888 237 112 194
96 950 -788 715
-161 466 -556 204
-321 98 -933 -223
87 -546 687 638
-571 360 -144 -797
887 -93 769 -509
-382 -173 -583 412
672 426 18 270
397 531 728 -763
-734 -792 99 258
-965 736 -725 153
62 -429 581 -322
495 -34 417 -333
-571 360 829 -949
640 -737 -619 822
-474 -778 -488 -368
-365 795 215 -622
580 571 -843 -650
-767 657 -837 253
789 -982 -905 654
453 -620 -25 -296
577 536 712 978
-382 -173 321 -272
495 -34 -8 -941
-972 489 244 -851
439 365 -610 -169
-13 668 -35 904
690 -699 939 623
751 -150 -960 -233
-959 458 582 666
244 -851 -212 300
-52 -803 727 -467
249 -835 837 -857
-323 75 -88 -944
453 -620 -218 -879
717 228 -48 -434
-679 176 513 949
-862 -317 -224 393
165 -181 853 -992
583 -911 407 -602
836 435 -786 -729
800 -641 -582 -886
154 -246 597 -796
513 949 518 146
690 -699 564 877
495 -34 -479 -465
-88 -944 357 52
-88 -944 540 120
-548 404 -2 530
-381 655 617 835
-734 -792 441 227
-786 -729 -54 139
671 218 210 -982
455 993 -446 -397
-479 -465 730 13
-995 43 268 588
887 -93 257 -456
101 -669 82 824
992 -412 187 -138
-219 573 -404 -899
5 186 -846 -150
887 -93 127 914
800 -641 147 -501
101 -669 -521 347
513 949 681 -124
837 -857 421 848
-316 -874 -810 -790
-161 466 68 957
-479 -465 -74 782
144 -854 -753 915
564 877 -328 -310
751 -150 630 -756
754 -749 -280 214
200
361 -905 -803 907
-803 907 917 -309
-803 907 444 -313
-803 907 482 765
917 -309 -208 814
917 -309 -340 743
-803 907 204 408
-803 907 -423 -241
482 765 326 218
-340 743 75 -623
917 -309 313 -880
-423 -241 -242 -445
313 -880 251 215
313 -880 535 112
-423 -241 -243 907
313 -880 840 473
-340 743 -720 -612
-340 743 -315 -850
-423 -241 -706 -900
204 408 124 844
326 218 -568 -800
-423 -241 619 667
-243 907 376 -619
-242 -445 853 -147
251 215 -964 -224
-315 -850 610 -136
-423 -241 613 -935
853 -147 224 832
482 765 -823 661
-423 -241 -739 -861
-706 -900 -180 -384
-208 814 371 623
-180 -384 -281 547
-823 661 283 801
75 -623 -696 899
613 -935 -268 90
619 667 957 -718
840 473 -304 977
-315 -850 -542 -722
957 -718 127 386
-208 814 -290 -516
-304 977 -231 500
613 -935 718 -600
-803 907 -627 623
-242 -445 -970 -729
-696 899 -246 113
-823 661 430 -145
-706 -900 543 -82
-706 -900 505 864
251 215 -103 -992
-315 -850 -966 772
-304 977 216 589
840 473 -20 -236
204 408 48 -646
853 -147 -953 -870
313 -880 -668 -232
-970 -729 946 52
444 -313 875 -298
-964 -224 -343 350
313 -880 -574 -259
-268 90 -925 581
48 -646 -814 -578
543 -82 431 110
204 408 341 244
-803 907 -238 866
444 -313 -946 550
430 -145 603 -151
-281 547 -206 -70
-568 -800 415 832
-953 -870 397 996
-343 350 -217 -499
-343 350 -312 452
283 801 -787 349
224 832 -519 -89
-206 -70 -838 11
415 832 131 -173
957 -718 260 -266
-268 90 -845 -142
-574 -259 497 878
-845 -142 137 402
-281 547 571 -415
326 218 -151 -342
603 -151 847 883
853 -147 229 -389
610 -136 -690 -467
543 -82 948 890
-151 -342 408 -33
-925 581 342 19
342 19 -783 527
-20 -236 -561 948
543 -82 -275 -205
-946 550 -458 425
-627 623 -299 -782
571 -415 -212 8
-290 -516 -800 828
-281 547 -35 777
-151 -342 -305 -197
283 801 -425 168
840 473 -703 265
718 -600 254 -433
-568 -800 -1000 892
-242 -445 -296 812
603 -151 777 -364
-423 -241 -637 940
-299 -782 395 18
415 832 -991 496
395 18 510 717
-946 550 751 -452
-953 -870 860 -288
-151 -342 271 301
-304 977 -556 -196
204 408 -412 574
840 473 -643 -768
-206 -70 -602 354
-243 907 -213 -307
430 -145 222 5
718 -600 -302 424
917 -309 -467 -327
415 832 38 424
-296 812 667 506
254 -433 268 858
-20 -236 772 -825
875 -298 -266 532
271 301 794 293
840 473 190 578
251 215 314 -702
535 112 109 593
137 402 880 364
510 717 675 921
-212 8 -367 -770
-212 8 747 -255
-1000 892 -520 -443
-966 772 338 219
619 667 621 237
-637 940 -114 -112
216 589 -389 -337
-213 -307 -707 266
-20 -236 -671 -319
-412 574 -621 -345
482 765 -759 215
-602 354 -926 295
505 864 -232 -681
-953 -870 -606 118
314 -702 -821 285
-821 285 -484 -922
667 506 782 -690
-759 215 -995 960
-35 777 261 -729
-343 350 909 723
-425 168 -738 135
415 832 158 -953
917 -309 -187 340
782 -690 658 568
-268 90 -96 385
-671 -319 231 768
-706 -900 328 -135
-35 777 -837 -600
131 -173 -309 422
-995 960 477 134
-783 527 290 25
-568 -800 822 747
-290 -516 -877 -278
946 52 -774 30
-213 -307 -841 987
-696 899 -118 -502
-20 -236 -553 549
-96 385 -977 814
-877 -278 -203 -823
497 878 -666 -849
338 219 -932 540
875 -298 -714 -404
747 -255 -490 -233
109 593 732 -547
-35 777 -468 752
-706 -900 179 -771
-242 -445 -937 489
-458 425 95 899
-783 527 -651 318
-739 -861 -346 -916
-425 168 -404 512
917 -309 730 -440
-643 -768 783 -524
-925 581 724 333
-217 -499 -705 -450
-238 866 -721 -492
-627 623 442 -529
-212 8 577 -117
124 844 226 -461
875 -298 -327 216
-208 814 -360 -310
158 -953 491 932
917 -309 693 521
-96 385 239 654
-242 -445 436 -649
619 667 324 348
-118 -502 984 147
-739 -861 -225 -387
-720 -612 -387 348
-696 899 331 300
-304 977 711 -73
200
740 986 -695 -309
-695 -309 974 474
974 474 351 -960
974 474 -994 -565
740 986 903 -691
-695 -309 918 -242
974 474 -929 -103
-929 -103 -251 -107
918 -242 -443 12
974 474 23 130
740 986 958 961
351 -960 325 -588
351 -960 -549 636
958 961 -656 479
958 961 -617 216
-994 -565 831 -971
-695 -309 577 -754
23 130 462 237
958 961 818 -280
-251 -107 -542 592
958 961 -793 190
-695 -309 -37 47
23 130 956 -843
-656 479 826 -823
831 -971 -583 -451
325 -588 -127 174
325 -588 -431 309
958 961 335 -522
-656 479 153 768
974 474 44 -237
577 -754 240 -614
-656 479 8 -156
-583 -451 -937 786
826 -823 415 -724
831 -971 724 213
-549 636 -842 -755
740 986 -101 -310
956 -843 435 862
-127 174 -550 -128
-549 636 493 -765
-842 -755 -138 34
335 -522 -44 599
44 -237 -181 686
-550 -128 848 -30
-583 -451 39 -266
-44 599 160 -643
831 -971 -707 796
-181 686 354 -554
-44 599 -256 -982
-256 -982 -422 87
577 -754 839 -364
-583 -451 993 402
740 986 -762 861
577 -754 552 201
-431 309 891 843
-842 -755 -992 66
577 -754 93 941
-101 -310 813 -346
-550 -128 483 -153
813 -346 702 374
848 -30 -888 267
493 -765 862 953
-929 -103 992 -756
483 -153 -335 -142
848 -30 -638 -61
903 -691 892 -256
-929 -103 -808 -92
892 -256 -867 553
-127 174 417 -108
903 -691 -640 460
862 953 -405 -726
848 -30 471 -625
-405 -726 -69 -322
483 -153 -454 -729
335 -522 968 -338
-793 190 -596 -362
-842 -755 584 116
892 -256 -374 155
552 201 -885 140
958 961 717 -472
903 -691 -322 934
577 -754 523 83
-885 140 704 251
577 -754 329 528
717 -472 -890 -890
435 862 178 -281
-596 -362 -51 -928
462 237 -66 612
993 402 198 -882
435 862 -585 444
704 251 183 -311
-867 553 -129 -491
483 -153 540 640
-335 -142 -786 -755
-842 -755 710 -954
740 986 -230 -953
-374 155 -721 -940
493 -765 841 949
-583 -451 311 956
-422 87 239 1
826 -823 906 582
471 -625 -411 -939
-44 599 -402 -537
-992 66 -529 650
523 83 977 -865
-617 216 515 -211
-51 -928 -530 55
335 -522 593 -176
-596 -362 -552 934
958 961 696 -603
-402 -537 737 -576
552 201 -474 -177
552 201 -430 -477
-251 -107 559 279
-37 47 318 -264
-430 -477 4 326
153 768 933 -808
993 402 -393 -698
696 -603 -733 360
-585 444 561 147
44 -237 -112 -462
561 147 706 118
-596 -362 47 -803
-335 -142 820 385
-994 -565 427 570
435 862 845 -197
839 -364 464 -437
329 528 162 -80
-454 -729 101 -125
-762 861 -22 -613
-138 34 352 601
-66 612 -160 -973
974 474 -796 -431
737 -576 -491 663
352 601 872 -944
435 862 -978 137
-550 -128 -184 302
325 -588 750 -497
-793 190 395 553
-66 612 341 -873
-583 -451 368 684
-411 -939 -13 -244
-733 360 -27 -591
153 768 -625 901
395 553 -226 440
-474 -177 -945 -418
872 -944 488 754
-596 -362 612 -305
891 843 -503 -746
724 213 -815 -483
-695 -309 277 683
717 -472 794 885
-992 66 -254 -165
-793 190 940 373
-431 309 678 -236
-474 -177 290 344
-474 -177 -185 714
471 -625 -316 569
561 147 522 216
277 683 194 -786
-393 -698 390 -191
-251 -107 48 -44
696 -603 865 517
311 956 -866 237
968 -338 -79 988
483 -153 281 -384
-786 -755 516 -396
-929 -103 262 250
-443 12 516 -65
974 474 88 248
-530 55 -917 435
794 885 -779 -362
-335 -142 20 410
-867 553 -394 830
462 237 853 -356
-411 -939 -983 222
-184 302 -649 645
974 474 -296 -182
-474 -177 148 -517
-945 -418 411 -982
-867 553 -672 911
-695 -309 -609 -729
561 147 -57 -962
-695 -309 -351 -20
702 374 -277 -345
262 250 476 598
462 237 -495 479
561 147 -658 -660
-57 -962 -794 -231
-230 -953 270 -372
352 601 141 884
-405 -726 746 -191
488 754 -751 -249
411 -982 51 931
-393 -698 -475 -908
48 -44 -128 308
704 251 -182 655
-786 -755 -420 -721
-128 308 -757 -796
891 843 -47 -573
200
683 76 324 963
683 76 -371 -623
324 963 -510 -248
683 76 13 155
683 76 -823 76
-371 -623 588 -392
324 963 -200 472
-200 472 -636 397
13 155 -929 244
-371 -623 707 -464
588 -392 -325 -649
-510 -248 -557 174
-371 -623 909 -630
324 963 454 -590
-200 472 619 96
-823 76 -600 -996
-200 472 883 335
-636 397 108 -924
588 -392 173 753
-636 397 100 -765
883 335 366 -892
-325 -649 -12 -32
883 335 -943 281
13 155 730 157
108 -924 -826 432
-325 -649 -883 705
13 155 -972 -534
683 76 31 -294
366 -892 196 -23
366 -892 -840 96
730 157 -926 -700
324 963 -543 -946
366 -892 -559 43
13 155 -738 -889
-972 -534 -384 -902
-883 705 -211 -729
100 -765 15 -150
-826 432 -992 924
366 -892 538 -9
707 -464 -321 685
-972 -534 330 316
883 335 -658 165
-559 43 124 437
-738 -889 724 -531
13 155 -365 491
-943 281 -842 948
-738 -889 344 -359
-929 244 573 657
-842 948 526 -261
108 -924 -611 568
-840 96 -878 -969
707 -464 -242 987
-365 491 -618 -518
108 -924 -516 558
-325 -649 887 -933
-611 568 -327 740
454 -590 -340 879
-384 -902 946 -554
-325 -649 -771 125
330 316 -447 47
173 753 148 -719
724 -531 -651 623
883 335 -508 -500
724 -531 711 735
108 -924 -470 -448
15 -150 921 912
-840 96 54 516
707 -464 -999 834
330 316 256 -349
711 735 -860 867
573 657 -563 -666
921 912 -235 737
454 -590 -363 589
573 657 218 75
573 657 924 322
-600 -996 -402 543
-235 737 716 452
148 -719 -442 71
124 437 969 -955
-516 558 937 -659
909 -630 150 -771
-543 -946 742 798
-999 834 522 -242
-242 987 -167 -692
-12 -32 178 450
-611 568 -18 222
-826 432 -504 358
454 -590 -993 773
100 -765 720 -899
-242 987 367 -8
-840 96 56 21
56 21 -537 -227
-611 568 -84 536
-972 -534 779 -457
779 -457 -195 831
-943 281 781 -777
-826 432 437 1000
56 21 963 646
-943 281 20 -534
937 -659 -475 -835
-402 543 345 -213
538 -9 896 -150
-321 685 50 -395
-618 -518 -20 700
921 912 -441 -454
54 516 -570 -115
909 -630 -63 724
909 -630 615 -552
-943 281 974 -123
-516 558 -497 647
330 316 653 -829
946 -554 -583 -142
-840 96 -990 -204
-583 -142 -392 -10
-993 773 978 -30
-557 174 646 -492
573 657 -601 562
-365 491 585 730
196 -23 941 816
883 335 -709 980
619 96 601 656
921 912 -893 -845
-618 -518 -787 -491
-200 472 -1000 -773
-929 244 -530 -943
-658 165 913 837
522 -242 -806 -745
-559 43 -527 908
538 -9 -312 -982
779 -457 -278 199
-583 -142 -767 -109
-447 47 62 -277
615 -552 -905 928
573 657 910 712
-738 -889 228 23
-771 125 497 996
-840 96 76 917
969 -955 767 -794
178 450 254 961
-559 43 -145 799
173 753 -630 791
-826 432 -56 -34
573 657 -22 384
-527 908 530 556
-992 924 -593 -237
909 -630 -383 -841
-508 -500 191 -195
-327 740 -172 204
683 76 499 -421
228 23 750 -504
-636 397 141 -135
178 450 450 939
-527 908 -574 752
-470 -448 380 -826
15 -150 143 224
-636 397 296 948
-738 -889 109 56
779 -457 923 796
-658 165 898 439
-84 536 -411 -414
-842 948 603 263
-327 740 -445 -114
707 -464 696 782
-363 589 991 -393
-618 -518 -676 -460
-709 980 -304 -498
-583 -142 -418 -625
653 -829 -352 520
707 -464 -595 -431
-630 791 771 -243
767 -794 -449 -864
-840 96 -924 841
-516 558 -261 925
-402 543 443 -196
-508 -500 -128 32
-543 -946 859 50
-583 -142 112 -214
256 -349 269 768
191 -195 -652 -424
454 -590 761 214
526 -261 665 -428
924 322 222 -709
443 -196 -49 42
-574 752 518 454
-823 76 -935 182
-943 281 -159 276
-990 -204 461 -755
-418 -625 -95 143
497 996 -374 -232
-826 432 -535 -580
-442 71 259 460
716 452 -679 -257
50 -395 -615 751
-883 705 -332 -464
108 -924 -181 -769
-972 -534 250 885
296 948 -199 -425
-651 623 879 733
653 -829 -88 343
-535 -580 63 691
200
927 328 764 145
764 145 984 -709
764 145 -276 -694
927 328 -297 87
984 -709 178 -167
-297 87 -12 859
764 145 302 624
-12 859 868 188
-12 859 518 271
-276 -694 -560 198
764 145 -537 297
927 328 266 -830
868 188 -571 537
-537 297 -35 764
927 328 -359 793
302 624 967 -499
-560 198 716 720
716 720 -437 597
984 -709 -423 -233
927 328 -9 -827
868 188 -881 -942
-560 198 -711 -408
-423 -233 -177 -131
-177 -131 687 954
716 720 -385 -847
302 624 -338 -291
967 -499 -651 -475
-177 -131 858 610
984 -709 217 -661
-711 -408 -416 730
-385 -847 655 600
-651 -475 173 707
302 624 -92 -557
-177 -131 -48 248
-177 -131 971 -368
687 954 723 113
927 328 335 -392
-338 -291 -192 893
-177 -131 930 895
-537 297 707 -298
930 895 707 743
-416 730 492 -143
335 -392 -512 231
971 -368 -167 550
655 600 284 -649
764 145 136 -615
173 707 85 -207
927 328 980 385
-423 -233 761 976
85 -207 652 -551
723 113 696 -589
-9 -827 -100 -595
284 -649 -664 362
967 -499 270 -406
335 -392 234 676
980 385 695 863
655 600 -484 608
-512 231 499 432
-537 297 -721 663
-12 859 35 -92
687 954 466 256
-359 793 -369 637
-416 730 208 -259
-100 -595 -473 351
-512 231 146 340
980 385 412 387
85 -207 737 -455
-437 597 -771 607
971 -368 -500 932
-473 351 593 -241
284 -649 670 75
-881 -942 392 164
35 -92 -604 927
-881 -942 -998 530
173 707 -660 552
284 -649 -619 252
-604 927 648 -624
655 600 -576 -739
-338 -291 -707 145
-576 -739 -653 359
-651 -475 -250 -663
-423 -233 605 -549
764 145 906 -883
-721 663 -624 -153
-167 550 -49 324
-998 530 -920 -716
412 387 -208 -207
-167 550 -944 708
-771 607 -267 556
-664 362 -895 573
-537 297 117 866
-484 608 719 -119
-423 -233 -753 -760
-192 893 -804 516
-484 608 -348 -992
-250 -663 373 464
-881 -942 300 -401
605 -549 -28 572
270 -406 -520 163
-619 252 -527 -602
648 -624 444 -707
-250 -663 31 478
284 -649 657 989
652 -551 -294 -36
984 -709 402 -38
868 188 -98 -860
-167 550 -413 932
-35 764 941 43
178 -167 925 975
302 624 736 494
-294 -36 -87 142
85 -207 918 795
-267 556 -222 952
716 720 -902 -385
695 863 65 849
605 -549 553 367
-651 -475 -252 615
930 895 -337 -303
-167 550 -589 18
-276 -694 -524 -929
-537 297 79 -412
737 -455 -612 -854
266 -830 161 -23
-416 730 -339 -791
161 -23 -466 -821
-87 142 -63 -956
-208 -207 -257 -692
-804 516 252 131
-753 -760 -78 -247
-252 615 -919 -105
-167 550 614 492
-28 572 -54 118
208 -259 834 804
-920 -716 470 -339
930 895 -204 -783
-222 952 966 -982
-276 -694 814 -593
65 849 -820 198
-297 87 733 709
-651 -475 754 588
392 164 242 638
-651 -475 713 -686
-619 252 -654 -32
927 328 -56 560
300 -401 158 914
-881 -942 -616 -878
373 464 -37 789
754 588 -841 -28
242 638 -271 572
35 -92 -229 640
761 976 996 -665
-771 607 -917 573
-222 952 -535 -12
614 492 961 -969
161 -23 -290 619
719 -119 651 442
-229 640 314 -129
-576 -739 -847 -863
-895 573 600 469
-753 -760 381 81
754 588 477 101
518 271 289 330
-473 351 609 -408
412 387 -436 886
-500 932 -36 277
270 -406 750 -945
-571 537 257 -94
657 989 -645 966
707 -298 -213 769
-222 952 -887 491
-616 -878 358 983
161 -23 -478 521
-92 -557 790 430
85 -207 -327 163
-222 952 299 508
173 707 525 663
971 -368 -238 487
242 638 -424 20
971 -368 -477 58
961 -969 -972 -629
35 -92 -47 44
-327 163 -882 -282
-339 -791 -454 -654
-28 572 -453 -723
270 -406 -77 270
266 -830 -235 215
961 -969 213 -477
-604 927 573 -864
-660 552 230 -227
761 976 -938 451
146 340 -648 -975
-882 -282 309 81
-500 932 908 800
707 -298 968 574
754 588 640 702
733 709 -873 -270
984 -709 350 795
-711 -408 -262 -642
-271 572 -159 -236
358 983 -748 697
