1
2000
367087 -614155 729758 790367
729758 790367 -255545 600988
-255545 600988 281608 -980183
281608 -980183 -172209 146664
-172209 146664 499169 699087
499169 699087 919485 -300646
919485 -300646 365122 -537634
365122 -537634 775642 370603
775642 370603 470980 634644
470980 634644 -97531 -300243
-97531 -300243 49880 -835387
49880 -835387 -464290 -701647
-464290 -701647 228367 831727
228367 831727 424408 522301
424408 522301 583363 406185
583363 406185 685561 -345244
685561 -345244 412340 -717983
412340 -717983 513908 -254485
513908 -254485 -924083 -702280
-924083 -702280 620847 -351868
620847 -351868 -788450 -597645
-788450 -597645 180682 -664012
180682 -664012 535920 23232
535920 23232 834908 460382
834908 460382 235131 203791
235131 203791 95192 -680861
95192 -680861 727956 649190
727956 649190 427793 -431964
427793 -431964 -468083 228566
-468083 228566 882364 -764436
882364 -764436 -424522 653226
-424522 653226 -299937 216719
-299937 216719 -690785 577028
-690785 577028 -499786 108228
-499786 108228 139552 -932605
139552 -932605 -705683 217441
-705683 217441 -76002 -913394
-76002 -913394 506034 -742544
506034 -742544 126245 -816974
126245 -816974 186961 770654
186961 770654 688113 -700171
688113 -700171 532141 48521
532141 48521 506713 660813
506713 660813 -967798 -290941
-967798 -290941 -631708 309315
-631708 309315 270658 -605197
270658 -605197 879368 -847716
879368 -847716 -521641 631084
-521641 631084 -584948 -382565
-584948 -382565 185943 895927
185943 895927 -954364 555795
-954364 555795 -874892 -569509
-874892 -569509 120905 -968
120905 -968 600728 -39936
600728 -39936 -207757 929705
-207757 929705 -838657 -514521
-838657 -514521 -151059 62399
-151059 62399 -72930 178228
-72930 178228 -72875 -493180
-72875 -493180 -791573 504
-791573 504 -94000 -117174
-94000 -117174 894000 971869
894000 971869 -282395 507135
-282395 507135 -330466 -282465
-330466 -282465 332639 -667097
332639 -667097 355866 -862903
355866 -862903 -178969 -245950
-178969 -245950 -204125 901372
-204125 901372 -766080 -14441
-766080 -14441 -25384 -619137
-25384 -619137 473793 797676
473793 797676 -235053 86027
-235053 86027 -445708 -595179
-445708 -595179 -24391 918289
-24391 918289 -154551 -59390
-154551 -59390 -152478 253959
-152478 253959 -687940 -698726
-687940 -698726 -154584 494098
-154584 494098 912944 807695
912944 807695 920674 -103085
920674 -103085 250158 504824
250158 504824 -398561 -798654
-398561 -798654 793558 -185450
793558 -185450 -711869 -691936
-711869 -691936 302339 -9196
302339 -9196 204826 890388
204826 890388 779408 -119765
779408 -119765 687430 942947
687430 942947 -52372 -302961
-52372 -302961 868159 955336
868159 955336 -815232 762305
-815232 762305 471561 -762027
471561 -762027 -142413 951285
-142413 951285 -292498 -818234
-292498 -818234 -758721 -654557
-758721 -654557 -862440 -135070
-862440 -135070 626071 388021
626071 388021 -168390 60444
-168390 60444 -27238 72051
-27238 72051 -824349 613999
-824349 613999 27217 114912
27217 114912 -452781 608038
-452781 608038 -211477 -927789
-211477 -927789 241115 544541
241115 544541 365613 537914
365613 537914 -892672 -498138
-892672 -498138 -400833 -394418
-400833 -394418 -917522 498599
-917522 498599 889078 -548007
889078 -548007 -226884 -811846
-226884 -811846 -250249 908034
-250249 908034 -946011 241486
-946011 241486 -301533 334559
-301533 334559 -354617 719485
-354617 719485 418822 706994
418822 706994 252961 582313
252961 582313 213756 767422
213756 767422 559701 975861
559701 975861 331299 958149
331299 958149 653133 406763
653133 406763 297579 -730397
297579 -730397 -693580 956127
-693580 956127 -431895 696866
-431895 696866 586111 -324252
586111 -324252 -428873 843024
-428873 843024 -818574 568791
-818574 568791 -75442 138022
-75442 138022 80122 -858512
80122 -858512 881220 247077
881220 247077 921346 578905
921346 578905 -179793 -635285
-179793 -635285 753464 260461
753464 260461 -881728 177549
-881728 177549 818680 -588638
818680 -588638 726927 978754
726927 978754 401062 -833613
401062 -833613 556630 318233
556630 318233 361589 -887664
361589 -887664 -325150 -498531
-325150 -498531 574490 -273491
574490 -273491 804160 784447
804160 784447 -801584 -26820
-801584 -26820 -847725 -461116
-847725 -461116 -422744 398176
-422744 398176 -642522 147989
-642522 147989 -923392 745604
-923392 745604 138803 555589
138803 555589 -945812 -763939
-945812 -763939 -302287 817673
-302287 817673 84004 -3919
84004 -3919 178364 576904
178364 576904 66572 -180454
66572 -180454 411840 -481783
411840 -481783 -824307 390198
-824307 390198 905071 259735
905071 259735 208145 125175
208145 125175 -1340 506293
-1340 506293 116943 811869
116943 811869 -672766 -387259
-672766 -387259 333972 392868
333972 392868 -635797 -75058
-635797 -75058 -86112 -717052
-86112 -717052 -840007 575055
-840007 575055 -892378 -559713
-892378 -559713 266698 -941985
266698 -941985 -236485 883058
-236485 883058 -711820 -131725
-711820 -131725 703201 -723719
703201 -723719 136260 -225965
136260 -225965 330313 721050
330313 721050 165185 232962
165185 232962 486012 -869329
486012 -869329 -801224 -308223
-801224 -308223 -650591 995630
-650591 995630 -782144 295226
-782144 295226 -246857 -115662
-246857 -115662 -467261 -704814
-467261 -704814 -244031 -573949
-244031 -573949 -428344 -499695
-428344 -499695 827760 -380132
827760 -380132 -986939 920408
-986939 920408 794270 482217
794270 482217 510795 758487
510795 758487 72846 442710
72846 442710 877133 -549069
877133 -549069 -759032 -416841
-759032 -416841 -446018 552594
-446018 552594 586603 -148416
586603 -148416 905004 -157539
905004 -157539 424589 549084
424589 549084 471515 -986570
471515 -986570 -848994 -605415
-848994 -605415 -273243 -755093
-273243 -755093 -696360 -504472
-696360 -504472 -114298 -644597
-114298 -644597 -242535 741922
-242535 741922 381061 192498
381061 192498 -883058 742258
-883058 742258 572379 -160116
572379 -160116 -892743 -73998
-892743 -73998 -809307 -526624
-809307 -526624 40187 -91563
40187 -91563 20011 -925989
20011 -925989 -71042 94172
-71042 94172 618467 116877
618467 116877 557241 552739
557241 552739 -618525 548
-618525 548 601076 859664
601076 859664 602885 -189171
602885 -189171 -835384 -198249
-835384 -198249 -514624 304655
-514624 304655 735555 294613
735555 294613 995274 -399947
995274 -399947 -633761 -981802
-633761 -981802 -314414 254483
-314414 254483 -391490 -451900
-391490 -451900 690768 -154454
690768 -154454 880437 -528473
880437 -528473 971598 -495403
971598 -495403 -585365 -685202
-585365 -685202 -667803 770648
-667803 770648 259336 247741
259336 247741 926440 -451259
926440 -451259 -52767 -695849
-52767 -695849 -979125 485385
-979125 485385 -837581 -172291
-837581 -172291 398957 -898182
398957 -898182 -920381 -109635
-920381 -109635 -610389 -884860
-610389 -884860 495675 -384363
495675 -384363 867472 -558762
867472 -558762 -805326 826088
-805326 826088 -291816 252050
-291816 252050 -724098 -928872
-724098 -928872 178276 684047
178276 684047 704511 13202
704511 13202 -674196 -99455
-674196 -99455 17020 -38052
17020 -38052 725635 -478297
725635 -478297 -292057 871232
-292057 871232 750054 -472408
750054 -472408 63181 655573
63181 655573 -917093 845812
-917093 845812 360101 -900159
360101 -900159 -650901 -161081
-650901 -161081 252207 -713255
252207 -713255 771127 236663
771127 236663 -377428 967019
-377428 967019 -849344 696419
-849344 696419 439721 -239607
439721 -239607 161877 -874065
161877 -874065 -951323 808650
-951323 808650 48173 672551
48173 672551 -221759 -365457
-221759 -365457 -619874 811173
-619874 811173 222472 -220947
222472 -220947 -860571 918522
-860571 918522 288099 11456
288099 11456 -747392 -72976
-747392 -72976 -341034 825736
-341034 825736 474484 -726821
474484 -726821 -208371 -360939
-208371 -360939 -379135 -449505
-379135 -449505 -925356 -1101
-925356 -1101 348365 774457
348365 774457 -928655 -495476
-928655 -495476 853337 -113482
853337 -113482 563271 -581633
563271 -581633 -391210 -414839
-391210 -414839 608584 399665
608584 399665 -163212 895760
-163212 895760 -279722 -252366
-279722 -252366 639579 643364
639579 643364 -8987 -19381
-8987 -19381 273622 338226
273622 338226 -266797 -278617
-266797 -278617 -162973 608313
-162973 608313 389188 -718865
389188 -718865 -683078 752514
-683078 752514 126905 -503150
126905 -503150 241087 -143210
241087 -143210 945859 -9902
945859 -9902 -893398 280269
-893398 280269 -266793 2733
-266793 2733 -975329 -584145
-975329 -584145 707797 -885843
707797 -885843 -308461 -538310
-308461 -538310 197103 -941415
197103 -941415 -43892 -256875
-43892 -256875 -459953 -594845
-459953 -594845 -208282 940284
-208282 940284 154356 -150066
154356 -150066 -895905 -442820
-895905 -442820 571710 726178
571710 726178 -502905 -950529
-502905 -950529 241072 702343
241072 702343 -743542 868505
-743542 868505 -351451 -747020
-351451 -747020 -610992 807178
-610992 807178 -225502 254191
-225502 254191 968215 610905
968215 610905 31824 670941
31824 670941 217600 729869
217600 729869 -666961 656262
-666961 656262 300207 -562520
300207 -562520 -184979 721426
-184979 721426 580328 -400131
580328 -400131 -396015 315320
-396015 315320 -302148 -60580
-302148 -60580 -27379 -222244
-27379 -222244 372614 -543671
372614 -543671 -866560 770227
-866560 770227 -168652 -536827
-168652 -536827 76411 935337
76411 935337 296462 680979
296462 680979 309872 -547619
309872 -547619 -933802 -427921
-933802 -427921 -797970 668303
-797970 668303 -263325 965789
-263325 965789 589136 -401621
589136 -401621 564638 278689
564638 278689 -579903 38515
-579903 38515 -546991 -689360
-546991 -689360 594165 -758255
594165 -758255 -583278 13623
-583278 13623 -906333 -300566
-906333 -300566 -118850 -621331
-118850 -621331 894277 -238580
894277 -238580 630603 -630591
630603 -630591 -869304 -320726
-869304 -320726 364938 65189
364938 65189 320611 -687508
320611 -687508 330681 634375
330681 634375 917088 507986
917088 507986 -50289 -70234
-50289 -70234 28784 -925387
28784 -925387 653678 672156
653678 672156 45879 -523265
45879 -523265 -582088 720668
-582088 720668 -284877 -361786
-284877 -361786 -816979 982345
-816979 982345 -699898 544276
-699898 544276 410715 596106
410715 596106 -617924 762697
-617924 762697 -902723 -705978
-902723 -705978 -358647 -393355
-358647 -393355 955296 -620867
955296 -620867 -665554 -648907
-665554 -648907 384144 -989597
384144 -989597 -576233 351019
-576233 351019 -894218 -324890
-894218 -324890 727590 467091
727590 467091 -44972 -161599
-44972 -161599 -699991 -143934
-699991 -143934 460992 674337
460992 674337 -593671 563361
-593671 563361 298692 359420
298692 359420 -956547 -535692
-956547 -535692 995667 895182
995667 895182 255744 -71179
255744 -71179 -978199 -81544
-978199 -81544 -943205 -632837
-943205 -632837 265216 -394013
265216 -394013 377682 -458122
377682 -458122 200685 -885264
200685 -885264 -167555 -845116
-167555 -845116 243957 -750441
243957 -750441 -98710 -34766
-98710 -34766 674253 -890785
674253 -890785 976938 -787273
976938 -787273 -935368 988376
-935368 988376 -531663 570611
-531663 570611 729086 -694727
729086 -694727 -459864 -506426
-459864 -506426 -853290 169431
-853290 169431 -730648 -27430
-730648 -27430 605273 264367
605273 264367 -999816 -754327
-999816 -754327 -86072 851005
-86072 851005 -366647 516845
-366647 516845 426392 -834132
426392 -834132 184102 -624106
184102 -624106 624001 -358262
624001 -358262 364583 681864
364583 681864 582671 -173242
582671 -173242 125681 143522
125681 143522 834093 948014
834093 948014 -896954 65485
-896954 65485 22732 475573
22732 475573 244582 -382739
244582 -382739 80580 -671776
80580 -671776 -691027 373403
-691027 373403 -356873 -236934
-356873 -236934 989270 482852
989270 482852 -683157 -581105
-683157 -581105 671631 -922656
671631 -922656 803781 356489
803781 356489 844028 -445763
844028 -445763 66076 887749
66076 887749 -852836 407870
-852836 407870 -895725 -131745
-895725 -131745 -708268 273268
-708268 273268 -512919 -58497
-512919 -58497 521510 375925
521510 375925 98086 -490202
98086 -490202 54729 905918
54729 905918 -911040 913058
-911040 913058 -890399 -524151
-890399 -524151 -722976 56382
-722976 56382 -894786 -162425
-894786 -162425 -989848 564787
-989848 564787 869637 430485
869637 430485 946257 267649
946257 267649 660110 962937
660110 962937 -72906 -902314
-72906 -902314 272302 -338463
272302 -338463 -262453 309594
-262453 309594 285956 522710
285956 522710 930906 -723953
930906 -723953 -245823 -430311
-245823 -430311 464915 -93694
464915 -93694 230226 285258
230226 285258 -393789 -597744
-393789 -597744 -453276 -181262
-453276 -181262 -401382 124039
-401382 124039 -290520 -503711
-290520 -503711 309059 -793898
309059 -793898 -60722 -459618
-60722 -459618 444748 -10758
444748 -10758 116089 629311
116089 629311 -345770 -358122
-345770 -358122 -16039 -327573
-16039 -327573 -823107 -926191
-823107 -926191 -414959 -70334
-414959 -70334 972333 -605691
972333 -605691 304561 330409
304561 330409 553577 935473
553577 935473 810390 -629149
810390 -629149 -507441 890372
-507441 890372 -9655 647231
-9655 647231 -817667 -301251
-817667 -301251 488521 32711
488521 32711 -536197 -782796
-536197 -782796 435413 289119
435413 289119 886224 -478923
886224 -478923 840627 -757097
840627 -757097 175187 -176517
175187 -176517 802263 -489339
802263 -489339 329849 -862382
329849 -862382 639126 -56075
639126 -56075 402972 -426291
402972 -426291 -3955 4584
-3955 4584 391333 -880600
391333 -880600 -57185 775808
-57185 775808 -618603 -889927
-618603 -889927 -249647 420977
-249647 420977 -682489 530067
-682489 530067 539894 -506625
539894 -506625 414177 796060
414177 796060 818566 -713039
818566 -713039 -275055 -208376
-275055 -208376 105884 680236
105884 680236 -31385 684522
-31385 684522 813717 283348
813717 283348 640239 -875543
640239 -875543 -922983 -932270
-922983 -932270 -580803 971443
-580803 971443 708846 415914
708846 415914 158470 87468
158470 87468 230833 441549
230833 441549 -333317 956636
-333317 956636 -866556 458957
-866556 458957 727387 -635965
727387 -635965 260884 -349960
260884 -349960 575929 -972956
575929 -972956 12565 461908
12565 461908 402390 -336972
402390 -336972 575201 -138841
575201 -138841 766135 -989170
766135 -989170 834135 -261024
834135 -261024 335750 -337077
335750 -337077 108747 -494104
108747 -494104 48169 -896900
48169 -896900 -918659 -893761
-918659 -893761 695257 -815714
695257 -815714 717626 -329839
717626 -329839 212116 -540026
212116 -540026 -690651 266593
-690651 266593 -436738 -755710
-436738 -755710 -575166 -888003
-575166 -888003 46979 -489740
46979 -489740 -377334 670685
-377334 670685 68678 -797366
68678 -797366 -838141 -163352
-838141 -163352 -68132 750801
-68132 750801 -383062 681101
-383062 681101 -286443 320773
-286443 320773 38878 -105065
38878 -105065 -610756 -320732
-610756 -320732 -825720 -275064
-825720 -275064 -568460 -678941
-568460 -678941 -413403 197972
-413403 197972 523237 961891
523237 961891 440188 -899511
440188 -899511 -869773 992170
-869773 992170 53453 -747016
53453 -747016 48529 -783574
48529 -783574 -320903 -769137
-320903 -769137 -949994 651771
-949994 651771 -916232 -302700
-916232 -302700 357532 704508
357532 704508 -813472 -699758
-813472 -699758 -737543 990602
-737543 990602 -870082 -45680
-870082 -45680 255259 562864
255259 562864 807504 471524
807504 471524 833397 151751
833397 151751 -746143 -774801
-746143 -774801 -145407 -298568
-145407 -298568 822729 -520767
822729 -520767 594454 213041
594454 213041 -103860 -675345
-103860 -675345 -569356 411006
-569356 411006 531978 -315461
531978 -315461 964000 -106608
964000 -106608 -664887 896144
-664887 896144 982343 -636138
982343 -636138 -785781 -370217
-785781 -370217 -685019 701358
-685019 701358 -718467 -66845
-718467 -66845 217941 969794
217941 969794 -924298 706141
-924298 706141 -475772 622841
-475772 622841 893202 464409
893202 464409 586081 346625
586081 346625 -292127 -544302
-292127 -544302 -609251 164577
-609251 164577 965552 210233
965552 210233 -548997 -252707
-548997 -252707 -782416 -254817
-782416 -254817 -366220 -817203
-366220 -817203 987478 -760476
987478 -760476 -272949 -118218
-272949 -118218 867316 -799272
867316 -799272 877059 292910
877059 292910 -611226 241502
-611226 241502 417458 -28512
417458 -28512 250027 -101322
250027 -101322 -896058 -662342
-896058 -662342 -724966 903188
-724966 903188 -445070 210312
-445070 210312 27038 171182
27038 171182 -612009 68594
-612009 68594 467089 82495
467089 82495 -148945 553133
-148945 553133 -451419 -114722
-451419 -114722 400089 261579
400089 261579 586258 409639
586258 409639 -885247 -750155
-885247 -750155 911615 -233722
911615 -233722 504158 259267
504158 259267 -117596 144656
-117596 144656 421049 966331
421049 966331 842480 149456
842480 149456 -652326 -409088
-652326 -409088 -109138 207415
-109138 207415 559374 272543
559374 272543 -678212 -313729
-678212 -313729 -930056 -390537
-930056 -390537 -913885 -995485
-913885 -995485 785868 -167511
785868 -167511 71042 533562
71042 533562 -647005 194678
-647005 194678 -612410 268096
-612410 268096 837189 -817173
837189 -817173 -61014 392423
-61014 392423 -340307 487976
-340307 487976 499659 726461
499659 726461 -765561 644209
-765561 644209 825542 45672
825542 45672 83687 -886431
83687 -886431 -764008 279783
-764008 279783 842846 -309042
842846 -309042 157358 375830
157358 375830 404277 -96552
404277 -96552 176852 -598119
176852 -598119 -766263 581931
-766263 581931 915456 -511100
915456 -511100 679742 -439845
679742 -439845 257028 456740
257028 456740 661216 -286406
661216 -286406 863800 96816
863800 96816 351147 734148
351147 734148 715003 993845
715003 993845 509269 753878
509269 753878 -973405 596110
-973405 596110 939479 -779535
939479 -779535 -896280 -56142
-896280 -56142 681229 44594
681229 44594 102700 -836813
102700 -836813 -605205 -23765
-605205 -23765 685152 -373120
685152 -373120 -924500 909945
-924500 909945 -389018 -30073
-389018 -30073 630741 -336461
630741 -336461 708871 643948
708871 643948 279327 -527089
279327 -527089 -139938 -99641
-139938 -99641 -276741 -627648
-276741 -627648 -968882 109696
-968882 109696 -535482 603364
-535482 603364 -507598 332475
-507598 332475 -869552 543391
-869552 543391 302601 -798181
302601 -798181 -19797 224029
-19797 224029 629559 -238541
629559 -238541 -334739 8054
-334739 8054 583969 -599250
583969 -599250 -703064 334348
-703064 334348 951866 -311537
951866 -311537 929783 418072
929783 418072 600373 425866
600373 425866 162292 -805744
162292 -805744 889428 -249425
889428 -249425 838720 -970279
838720 -970279 991806 -89312
991806 -89312 912945 205047
912945 205047 -53110 933187
-53110 933187 25604 920509
25604 920509 202661 -335517
202661 -335517 463098 -37029
463098 -37029 -169321 -994100
-169321 -994100 -264205 -276765
-264205 -276765 -780915 -24511
-780915 -24511 -373485 438871
-373485 438871 -737928 236201
-737928 236201 -450820 768734
-450820 768734 -341636 647198
-341636 647198 635950 -940337
635950 -940337 -623075 -448890
-623075 -448890 -803084 73605
-803084 73605 -848044 -104420
-848044 -104420 195067 -661102
195067 -661102 -578910 -941405
-578910 -941405 739045 -918151
739045 -918151 973806 42149
973806 42149 697597 -906565
697597 -906565 664159 -717732
664159 -717732 -389985 -535559
-389985 -535559 -854306 -71872
-854306 -71872 -889572 134560
-889572 134560 778216 -595541
778216 -595541 84962 967376
84962 967376 -616400 500606
-616400 500606 342079 597765
342079 597765 -273484 588575
-273484 588575 -913244 -45281
-913244 -45281 790693 482488
790693 482488 320945 -876535
320945 -876535 759529 686007
759529 686007 -53299 512471
-53299 512471 -456410 -534005
-456410 -534005 -117363 443741
-117363 443741 -90156 972243
-90156 972243 -291379 -92350
-291379 -92350 104029 328572
104029 328572 -984875 -58426
-984875 -58426 -999761 -463981
-999761 -463981 -961508 -419906
-961508 -419906 604672 -419658
604672 -419658 10003 553390
10003 553390 323255 288458
323255 288458 564421 290801
564421 290801 -550136 565182
-550136 565182 320207 931642
320207 931642 -825627 -404958
-825627 -404958 -817643 -313399
-817643 -313399 -91757 -220649
-91757 -220649 -296036 -881123
-296036 -881123 -410521 535188
-410521 535188 483520 -275403
483520 -275403 411885 -724776
411885 -724776 637320 358683
637320 358683 896572 224513
896572 224513 -32567 -555634
-32567 -555634 -179685 -622291
-179685 -622291 -297766 -124318
-297766 -124318 760796 731479
760796 731479 825158 -387152
825158 -387152 981448 -272586
981448 -272586 -929332 -143375
-929332 -143375 855081 -727994
855081 -727994 734380 160872
734380 160872 -441537 106024
-441537 106024 -33992 989700
-33992 989700 416769 -61481
416769 -61481 -339425 906779
-339425 906779 392827 -934422
392827 -934422 929624 -509450
929624 -509450 890327 652619
890327 652619 902982 -548740
902982 -548740 -586900 888776
-586900 888776 -236277 -809648
-236277 -809648 -71820 235656
-71820 235656 145862 156512
145862 156512 -420401 -249498
-420401 -249498 560141 -784242
560141 -784242 715803 116451
715803 116451 874296 -553857
874296 -553857 297053 -196535
297053 -196535 -148667 -981140
-148667 -981140 248399 -474824
248399 -474824 -943277 -172846
-943277 -172846 -834171 135310
-834171 135310 -349178 157248
-349178 157248 -850093 867349
-850093 867349 972203 -659366
972203 -659366 -300660 513460
-300660 513460 -714360 366653
-714360 366653 -584162 -646908
-584162 -646908 925150 305287
925150 305287 909287 876528
909287 876528 847097 -177062
847097 -177062 578031 -531420
578031 -531420 284902 -562896
284902 -562896 -587352 840470
-587352 840470 -822297 471550
-822297 471550 55635 338307
55635 338307 765695 768844
765695 768844 536221 -641472
536221 -641472 -206345 -566221
-206345 -566221 -339593 -199548
-339593 -199548 408790 -302232
408790 -302232 573205 -366265
573205 -366265 842337 -958069
842337 -958069 -420784 -568880
-420784 -568880 168034 487172
168034 487172 -417515 794958
-417515 794958 632205 597955
632205 597955 501205 455380
501205 455380 671522 -488550
671522 -488550 -559954 215827
-559954 215827 111660 -950222
111660 -950222 -401577 -912242
-401577 -912242 -550985 923285
-550985 923285 959438 -57672
959438 -57672 -363601 802209
-363601 802209 596251 612845
596251 612845 273352 773471
273352 773471 93872 -465847
93872 -465847 -87209 -794222
-87209 -794222 140825 878603
140825 878603 431081 747424
431081 747424 961960 -113759
961960 -113759 1194 -306782
1194 -306782 947475 -217605
947475 -217605 -452202 -775353
-452202 -775353 90902 -944484
90902 -944484 -162000 -462329
-162000 -462329 -140605 408039
-140605 408039 218854 906036
218854 906036 980227 -507243
980227 -507243 525480 -868028
525480 -868028 -835794 -102436
-835794 -102436 -837607 -395246
-837607 -395246 167577 -942304
167577 -942304 534935 866827
534935 866827 -647016 554186
-647016 554186 -161726 705317
-161726 705317 -446300 803057
-446300 803057 -437975 496992
-437975 496992 450628 197054
450628 197054 961989 126080
961989 126080 249403 -746508
249403 -746508 794724 -506276
794724 -506276 -14929 -935907
-14929 -935907 928946 -258287
928946 -258287 -225727 319081
-225727 319081 660797 178468
660797 178468 -357949 -408373
-357949 -408373 -813495 -105987
-813495 -105987 707962 545295
707962 545295 -907419 -922725
-907419 -922725 -717254 683898
-717254 683898 344692 -868804
344692 -868804 -305505 -499457
-305505 -499457 -734018 -780614
-734018 -780614 -437851 -762825
-437851 -762825 -529385 -494593
-529385 -494593 -33600 960315
-33600 960315 366729 886001
366729 886001 919573 -725443
919573 -725443 445344 294186
445344 294186 434785 636155
434785 636155 -187817 637225
-187817 637225 724515 549418
724515 549418 -82365 -127601
-82365 -127601 614123 551042
614123 551042 -119553 723669
-119553 723669 914566 -176169
914566 -176169 -238497 180289
-238497 180289 -193488 627296
-193488 627296 582313 -825461
582313 -825461 -160117 409612
-160117 409612 340556 502920
340556 502920 -866411 -505371
-866411 -505371 -916944 687501
-916944 687501 458415 385938
458415 385938 -264325 -200273
-264325 -200273 779501 59788
779501 59788 -404762 590589
-404762 590589 -652913 590524
-652913 590524 -114563 897725
-114563 897725 989893 831919
989893 831919 -250435 744422
-250435 744422 968978 351617
968978 351617 610885 -884589
610885 -884589 -489538 872019
-489538 872019 -186673 16439
-186673 16439 388422 834430
388422 834430 -354974 -731876
-354974 -731876 40587 -766620
40587 -766620 647536 571063
647536 571063 410077 -302388
410077 -302388 452739 -923253
452739 -923253 181432 878087
181432 878087 532527 921888
532527 921888 665033 449764
665033 449764 263027 -339986
263027 -339986 958191 815639
958191 815639 492872 458351
492872 458351 -953362 355865
-953362 355865 435273 -878527
435273 -878527 352757 -740403
352757 -740403 465513 -184630
465513 -184630 699600 678952
699600 678952 884789 -525231
884789 -525231 147335 488968
147335 488968 -552359 859610
-552359 859610 158081 -50112
158081 -50112 901411 534382
901411 534382 956068 206115
956068 206115 326168 -136983
326168 -136983 280159 -699838
280159 -699838 -752982 -827851
-752982 -827851 -245373 974529
-245373 974529 92264 268945
92264 268945 473110 -868183
473110 -868183 699450 429559
699450 429559 -794469 126920
-794469 126920 -53446 462493
-53446 462493 -134937 617669
-134937 617669 839562 -931318
839562 -931318 -649805 -563186
-649805 -563186 -18829 682959
-18829 682959 903955 556406
903955 556406 -248095 351304
-248095 351304 -943716 72333
-943716 72333 221767 105718
221767 105718 -519348 715881
-519348 715881 288303 -701194
288303 -701194 186635 -35146
186635 -35146 273493 -820508
273493 -820508 243595 356015
243595 356015 -380615 -433281
-380615 -433281 -510709 -120806
-510709 -120806 -322422 879675
-322422 879675 -572252 63738
-572252 63738 938014 -411887
938014 -411887 -64148 151966
-64148 151966 147679 -329187
147679 -329187 -250990 226832
-250990 226832 332216 -361258
332216 -361258 579015 997602
579015 997602 202135 983908
202135 983908 -985109 -864214
-985109 -864214 458353 -372834
458353 -372834 -735088 681623
-735088 681623 296507 -709587
296507 -709587 -3401 -699001
-3401 -699001 -790300 -114007
-790300 -114007 -61892 766022
-61892 766022 -871878 -672545
-871878 -672545 -874612 -813766
-874612 -813766 423092 -335991
423092 -335991 486625 -407997
486625 -407997 172736 733226
172736 733226 630365 306208
630365 306208 662062 686226
662062 686226 185262 282893
185262 282893 842506 -937850
842506 -937850 -118247 563909
-118247 563909 -289997 -994090
-289997 -994090 -751062 -159071
-751062 -159071 -680044 542158
-680044 542158 123306 240300
123306 240300 -331436 -401907
-331436 -401907 893069 -673985
893069 -673985 587907 204931
587907 204931 292816 289110
292816 289110 833819 282384
833819 282384 -544913 750404
-544913 750404 -647936 -101932
-647936 -101932 -258305 -569992
-258305 -569992 910193 702611
910193 702611 -97470 -53474
-97470 -53474 -920693 -719374
-920693 -719374 -12262 -1429
-12262 -1429 975814 -561242
975814 -561242 642400 140794
642400 140794 126969 -200365
126969 -200365 -957759 384835
-957759 384835 855176 -750350
855176 -750350 -174208 734433
-174208 734433 -870987 72342
-870987 72342 701220 347943
701220 347943 -917370 -43041
-917370 -43041 -538808 495343
-538808 495343 509475 456703
509475 456703 32303 117404
32303 117404 -980210 -849323
-980210 -849323 -318188 -701179
-318188 -701179 -953338 -177367
-953338 -177367 -398925 510297
-398925 510297 870481 370175
870481 370175 3199 -103438
3199 -103438 316693 -617385
316693 -617385 -893978 -29391
-893978 -29391 234916 -285574
234916 -285574 626196 -608458
626196 -608458 -662167 806585
-662167 806585 -435590 -56603
-435590 -56603 -514444 -155392
-514444 -155392 255650 -263792
255650 -263792 582714 -23394
582714 -23394 539274 93983
539274 93983 -15724 -639244
-15724 -639244 -157607 327137
-157607 327137 -358291 -653350
-358291 -653350 688170 788254
688170 788254 -347046 -945731
-347046 -945731 749521 -532310
749521 -532310 874620 533867
874620 533867 -228712 735446
-228712 735446 -119570 435306
-119570 435306 -846844 625110
-846844 625110 -400305 -891388
-400305 -891388 -496231 -81805
-496231 -81805 -43462 -934327
-43462 -934327 -421956 -305519
-421956 -305519 77644 690975
77644 690975 -239569 -807809
-239569 -807809 -684960 -965225
-684960 -965225 -305958 -974531
-305958 -974531 -948897 -663847
-948897 -663847 -889022 -435149
-889022 -435149 517804 -220723
517804 -220723 -831780 -906616
-831780 -906616 636470 -528795
636470 -528795 -360543 2505
-360543 2505 -824801 -785518
-824801 -785518 -367103 -474247
-367103 -474247 -421286 -689847
-421286 -689847 934889 498085
934889 498085 368029 -537537
368029 -537537 -304323 -481870
-304323 -481870 -239749 783269
-239749 783269 769339 -120069
769339 -120069 -421644 792885
-421644 792885 -627977 301000
-627977 301000 826518 -767129
826518 -767129 593958 658926
593958 658926 36097 -979436
36097 -979436 -298250 962189
-298250 962189 -276415 774279
-276415 774279 -411354 88000
-411354 88000 652179 914779
652179 914779 623208 -952416
623208 -952416 496573 -665850
496573 -665850 -415433 353534
-415433 353534 269166 337924
269166 337924 943263 159896
943263 159896 -71256 433547
-71256 433547 248350 -91927
248350 -91927 -277471 32702
-277471 32702 123237 -201991
123237 -201991 392574 926810
392574 926810 -192451 -796667
-192451 -796667 -161576 64093
-161576 64093 -587184 -224087
-587184 -224087 77615 -692531
77615 -692531 -162723 -471611
-162723 -471611 61223 -696073
61223 -696073 -477435 -112162
-477435 -112162 935436 754035
935436 754035 -250581 11421
-250581 11421 -338154 -373866
-338154 -373866 -229968 -77366
-229968 -77366 -776935 426406
-776935 426406 -102032 -643734
-102032 -643734 -907716 -869778
-907716 -869778 -938815 -969181
-938815 -969181 -420148 -464584
-420148 -464584 -235099 418189
-235099 418189 -952180 701107
-952180 701107 -415455 632317
-415455 632317 -426419 -935561
-426419 -935561 -893409 357927
-893409 357927 894299 -656757
894299 -656757 -169494 -135098
-169494 -135098 407764 -179238
407764 -179238 -179058 -843287
-179058 -843287 -23950 511397
-23950 511397 -224926 467745
-224926 467745 538919 -599779
538919 -599779 148483 -236323
148483 -236323 292849 906756
292849 906756 471133 -620843
471133 -620843 637860 378744
637860 378744 -20 -920434
-20 -920434 966837 264610
966837 264610 -577524 958643
-577524 958643 658290 -86367
658290 -86367 721908 483623
721908 483623 -941479 167415
-941479 167415 624963 -874509
624963 -874509 777634 -663352
777634 -663352 -942711 -1207
-942711 -1207 -323464 785733
-323464 785733 -530535 -980415
-530535 -980415 683668 -212165
683668 -212165 964242 -554999
964242 -554999 -801503 483672
-801503 483672 -320480 934107
-320480 934107 -70866 625711
-70866 625711 -660764 -16759
-660764 -16759 -457783 225353
-457783 225353 -93941 640801
-93941 640801 64350 685488
64350 685488 -504244 -247521
-504244 -247521 -975987 -895959
-975987 -895959 -545384 416039
-545384 416039 904215 837453
904215 837453 -278766 -441675
-278766 -441675 -997090 -701531
-997090 -701531 617548 595019
617548 595019 472443 -845150
472443 -845150 927646 136074
927646 136074 623635 956507
623635 956507 -438788 -442971
-438788 -442971 -271846 -523601
-271846 -523601 983157 582954
983157 582954 -598368 -689031
-598368 -689031 -311082 836433
-311082 836433 -8866 99676
-8866 99676 -168409 -5225
-168409 -5225 -142488 -477016
-142488 -477016 215360 -107712
215360 -107712 740692 541606
740692 541606 -951711 -836566
-951711 -836566 -868825 331333
-868825 331333 -692833 754171
-692833 754171 -261467 98965
-261467 98965 -949458 -430375
-949458 -430375 174195 -193748
174195 -193748 -302846 945916
-302846 945916 662079 -729277
662079 -729277 266727 411969
266727 411969 99976 -45876
99976 -45876 113996 924310
113996 924310 -563685 -209106
-563685 -209106 -353949 -172110
-353949 -172110 787859 753068
787859 753068 -793756 985815
-793756 985815 225139 730366
225139 730366 -436556 -326256
-436556 -326256 -927300 649784
-927300 649784 -98926 669263
-98926 669263 -94141 243545
-94141 243545 529575 339103
529575 339103 -366726 175458
-366726 175458 652613 -674376
652613 -674376 -196743 399682
-196743 399682 737162 318986
737162 318986 624401 27296
624401 27296 -352397 -628651
-352397 -628651 42517 515893
42517 515893 -444233 293187
-444233 293187 250874 699474
250874 699474 369608 489101
369608 489101 818643 865551
818643 865551 -756681 -244761
-756681 -244761 246434 930651
246434 930651 -919997 26400
-919997 26400 570770 768069
570770 768069 251817 -262142
251817 -262142 -457349 711355
-457349 711355 -637342 -614075
-637342 -614075 643718 945700
643718 945700 379850 -843761
379850 -843761 74893 559831
74893 559831 597094 -530918
597094 -530918 -836061 644010
-836061 644010 180475 997146
180475 997146 -721814 -309579
-721814 -309579 147141 510360
147141 510360 777237 626508
777237 626508 739210 -574152
739210 -574152 -468211 835785
-468211 835785 911661 -439338
911661 -439338 732297 585609
732297 585609 6774 15923
6774 15923 -53597 -247203
-53597 -247203 -820911 243501
-820911 243501 584373 -628630
584373 -628630 71338 -830009
71338 -830009 -414906 -947406
-414906 -947406 84806 -542502
84806 -542502 -838087 692330
-838087 692330 928948 -717238
928948 -717238 -148420 3064
-148420 3064 353560 10966
353560 10966 777163 -776246
777163 -776246 999132 -20652
999132 -20652 197922 -900105
197922 -900105 707099 16338
707099 16338 -885861 -885797
-885861 -885797 -211298 -894717
-211298 -894717 -193260 -674300
-193260 -674300 -507309 -273892
-507309 -273892 39419 226422
39419 226422 -109317 -793188
-109317 -793188 -888615 -512468
-888615 -512468 105312 119807
105312 119807 -215105 -202430
-215105 -202430 336435 -483606
336435 -483606 374935 -144888
374935 -144888 -470896 875251
-470896 875251 743400 -948866
743400 -948866 -255149 -320525
-255149 -320525 33847 -793549
33847 -793549 -93463 575124
-93463 575124 -57942 759349
-57942 759349 -292227 -355551
-292227 -355551 518963 -746744
518963 -746744 -444840 357829
-444840 357829 -344933 -382396
-344933 -382396 679167 175301
679167 175301 -440125 514755
-440125 514755 19200 501064
19200 501064 -347369 -725620
-347369 -725620 566563 143745
566563 143745 -939381 897975
-939381 897975 65001 226594
65001 226594 17595 740839
17595 740839 459056 -246438
459056 -246438 -403312 -584675
-403312 -584675 900555 -988857
900555 -988857 -159279 751307
-159279 751307 413107 264468
413107 264468 305260 729672
305260 729672 -646656 -381295
-646656 -381295 -714632 26756
-714632 26756 86131 -112818
86131 -112818 -586314 453978
-586314 453978 -139099 210596
-139099 210596 909773 999389
909773 999389 228722 -818012
228722 -818012 -753745 430441
-753745 430441 -744872 -580951
-744872 -580951 216806 -703907
216806 -703907 881400 489931
881400 489931 -589701 948205
-589701 948205 13873 -237124
13873 -237124 256936 470844
256936 470844 520124 -511008
520124 -511008 925043 -660431
925043 -660431 -526908 -510092
-526908 -510092 979921 -102364
979921 -102364 -235789 353325
-235789 353325 706183 -18392
706183 -18392 -115322 346829
-115322 346829 309001 -533515
309001 -533515 -54899 269430
-54899 269430 938855 -836122
938855 -836122 832522 476854
832522 476854 944353 591634
944353 591634 -215811 -486593
-215811 -486593 -743533 30839
-743533 30839 656854 -328255
656854 -328255 -609616 -764023
-609616 -764023 192453 662254
192453 662254 -645328 757824
-645328 757824 294430 -832349
294430 -832349 -677200 851598
-677200 851598 -781277 -415272
-781277 -415272 210381 92082
210381 92082 273541 -461708
273541 -461708 733338 -228962
733338 -228962 305790 347347
305790 347347 -573822 791784
-573822 791784 124875 598761
124875 598761 -467374 301926
-467374 301926 -496835 -893361
-496835 -893361 908015 -94787
908015 -94787 383174 -508436
383174 -508436 432448 -711992
432448 -711992 220713 -254467
220713 -254467 -230248 -56357
-230248 -56357 874513 959559
874513 959559 -649549 -743323
-649549 -743323 366570 304814
366570 304814 651668 854279
651668 854279 -124813 328044
-124813 328044 -748659 552413
-748659 552413 -914549 642851
-914549 642851 -827223 -393555
-827223 -393555 -967420 457301
-967420 457301 -490939 -651013
-490939 -651013 485035 -539299
485035 -539299 581757 651122
581757 651122 551557 -854166
551557 -854166 664782 155797
664782 155797 762689 -86092
762689 -86092 -341003 769335
-341003 769335 -330895 865941
-330895 865941 -681619 320078
-681619 320078 -334088 -808271
-334088 -808271 904660 909607
904660 909607 502568 -602765
502568 -602765 -961698 761204
-961698 761204 -865244 709184
-865244 709184 -14847 985333
-14847 985333 468741 -350828
468741 -350828 -828685 504525
-828685 504525 -427320 -240561
-427320 -240561 -596978 697269
-596978 697269 -779649 -47215
-779649 -47215 -539239 594521
-539239 594521 870169 -949336
870169 -949336 -524754 523356
-524754 523356 -638155 -624633
-638155 -624633 -199619 509486
-199619 509486 -696690 -47349
-696690 -47349 234280 901611
234280 901611 929438 -362558
929438 -362558 754094 768716
754094 768716 293583 -53664
293583 -53664 -27753 -783974
-27753 -783974 -216449 955943
-216449 955943 -207564 562138
-207564 562138 541371 -35389
541371 -35389 870371 97813
870371 97813 520624 -702851
520624 -702851 529685 836421
529685 836421 596372 -86798
596372 -86798 620331 977794
620331 977794 606840 -650640
606840 -650640 816970 -191639
816970 -191639 451454 -688652
451454 -688652 -730737 483812
-730737 483812 56594 -30937
56594 -30937 285143 -349458
285143 -349458 841918 265350
841918 265350 -522996 975871
-522996 975871 -761296 -954134
-761296 -954134 -522090 84388
-522090 84388 365394 844780
365394 844780 720647 694086
720647 694086 22674 491560
22674 491560 556852 72552
556852 72552 866187 23392
866187 23392 577643 -952922
577643 -952922 -993890 -214504
-993890 -214504 107827 565190
107827 565190 -70382 -746199
-70382 -746199 813507 546439
813507 546439 862227 470495
862227 470495 -849964 -54992
-849964 -54992 73683 -895708
73683 -895708 709230 -950185
709230 -950185 238571 -505170
238571 -505170 -126261 -558928
-126261 -558928 -216782 -60884
-216782 -60884 -604585 -387136
-604585 -387136 920462 431880
920462 431880 -292131 627716
-292131 627716 929040 844481
929040 844481 -866665 470884
-866665 470884 840956 -258108
840956 -258108 85794 -214588
85794 -214588 702833 -106696
702833 -106696 228731 690462
228731 690462 765625 -631495
765625 -631495 597193 -210001
597193 -210001 -984262 -903395
-984262 -903395 541448 -249272
541448 -249272 467252 -719041
467252 -719041 -850038 -7737
-850038 -7737 -835572 -239786
-835572 -239786 -238929 -648584
-238929 -648584 674578 500314
674578 500314 655487 -862119
655487 -862119 334795 938113
334795 938113 828941 125867
828941 125867 -972255 -375818
-972255 -375818 466642 -589299
466642 -589299 -85642 369809
-85642 369809 -885216 -961863
-885216 -961863 409434 -698583
409434 -698583 321797 -102522
321797 -102522 -21789 -356549
-21789 -356549 63082 -564733
63082 -564733 -585301 -345138
-585301 -345138 150638 975406
150638 975406 -135712 825775
-135712 825775 -21907 -310132
-21907 -310132 -446743 -73417
-446743 -73417 658849 -249626
658849 -249626 -645261 676647
-645261 676647 916652 -159215
916652 -159215 -222210 -907461
-222210 -907461 -379788 -726001
-379788 -726001 -354058 -353889
-354058 -353889 541376 -920672
541376 -920672 298417 -924665
298417 -924665 -394462 507497
-394462 507497 327606 -642737
327606 -642737 399159 284604
399159 284604 -268941 -445926
-268941 -445926 -1016 -630770
-1016 -630770 221901 871584
221901 871584 -261535 -825244
-261535 -825244 -674458 -288363
-674458 -288363 301185 115225
301185 115225 -292431 -293795
-292431 -293795 856888 89993
856888 89993 934047 592606
934047 592606 552972 -758180
552972 -758180 -383611 -31761
-383611 -31761 915442 -932288
915442 -932288 745462 516216
745462 516216 -3442 -579598
-3442 -579598 -831143 43421
-831143 43421 858951 709470
858951 709470 -43159 -338595
-43159 -338595 566328 486751
566328 486751 -48318 943363
-48318 943363 -656908 587823
-656908 587823 -796677 -286199
-796677 -286199 107251 -186191
107251 -186191 36949 62981
36949 62981 723687 -180727
723687 -180727 647106 527965
647106 527965 964300 -217461
964300 -217461 219760 -584845
219760 -584845 -47179 288734
-47179 288734 -840524 100861
-840524 100861 -511372 -264695
-511372 -264695 -420658 665689
-420658 665689 58383 -975416
58383 -975416 103019 -125933
103019 -125933 261076 -841143
261076 -841143 -451364 -494817
-451364 -494817 15582 -777407
15582 -777407 532578 -438948
532578 -438948 -688581 968195
-688581 968195 -439704 -459270
-439704 -459270 -551805 -129110
-551805 -129110 -829123 533416
-829123 533416 -621975 -780872
-621975 -780872 -919838 -497605
-919838 -497605 874055 458250
874055 458250 -566916 484118
-566916 484118 390667 761529
390667 761529 934438 -476173
934438 -476173 393493 164002
393493 164002 -50364 -295144
-50364 -295144 828251 -278604
828251 -278604 834130 -885627
834130 -885627 758607 497288
758607 497288 -559176 -653557
-559176 -653557 720769 -747665
720769 -747665 -857363 -257159
-857363 -257159 314405 431479
314405 431479 798516 -382842
798516 -382842 752529 222849
752529 222849 571610 829418
571610 829418 -504575 924192
-504575 924192 297091 652914
297091 652914 987581 -692345
987581 -692345 -456859 38156
-456859 38156 -890813 -471782
-890813 -471782 854698 465497
854698 465497 289589 -988621
289589 -988621 965471 866174
965471 866174 -696079 886733
-696079 886733 -946804 697837
-946804 697837 400470 -754637
400470 -754637 134534 964415
134534 964415 -757670 -494045
-757670 -494045 -452094 -37949
-452094 -37949 -646351 693140
-646351 693140 -409189 679414
-409189 679414 305087 184829
305087 184829 50992 -417777
50992 -417777 123585 69291
123585 69291 -321014 782492
-321014 782492 -270147 -498946
-270147 -498946 -175425 308719
-175425 308719 -355638 940128
-355638 940128 973301 -638376
973301 -638376 -475766 -686675
-475766 -686675 113360 185283
113360 185283 88895 -388222
88895 -388222 -725469 81183
-725469 81183 402507 120956
402507 120956 41302 -687342
41302 -687342 932700 370332
932700 370332 -327315 803314
-327315 803314 -214830 -961108
-214830 -961108 29362 -774216
29362 -774216 -698879 -842210
-698879 -842210 440023 972764
440023 972764 -274653 -531852
-274653 -531852 658344 -579191
658344 -579191 134101 933409
134101 933409 570016 159706
570016 159706 717913 222637
717913 222637 -725185 -890269
-725185 -890269 697099 -326078
697099 -326078 -768280 706228
-768280 706228 237485 307556
237485 307556 673025 603649
673025 603649 10797 -498616
10797 -498616 -933282 -731715
-933282 -731715 823754 757028
823754 757028 -594914 151923
-594914 151923 -723414 583519
-723414 583519 -707310 -199290
-707310 -199290 -322244 -832675
-322244 -832675 -201588 748573
-201588 748573 309461 850146
309461 850146 893750 7384
893750 7384 99410 970406
99410 970406 -521007 -416764
-521007 -416764 681133 -432144
681133 -432144 161344 496933
161344 496933 764727 -528141
764727 -528141 47345 798072
47345 798072 414301 895833
414301 895833 -513716 -144937
-513716 -144937 -891637 -936432
-891637 -936432 -122396 902290
-122396 902290 616115 -787917
616115 -787917 304038 -503170
304038 -503170 710161 -846361
710161 -846361 -853385 436977
-853385 436977 -698752 -700930
-698752 -700930 244989 -539241
244989 -539241 -826318 135574
-826318 135574 -725961 71297
-725961 71297 520950 -612317
520950 -612317 -385753 -839366
-385753 -839366 -725239 -294172
-725239 -294172 74251 -619290
74251 -619290 174169 -711896
174169 -711896 -965638 38914
-965638 38914 -694624 506217
-694624 506217 232332 -203384
232332 -203384 -858333 -664400
-858333 -664400 725646 505830
725646 505830 -755304 71242
-755304 71242 -183597 -232516
-183597 -232516 -570466 -36042
-570466 -36042 -656813 601285
-656813 601285 105156 -342319
105156 -342319 -784775 -65190
-784775 -65190 227694 588218
227694 588218 -952460 -478928
-952460 -478928 -33763 -930763
-33763 -930763 971324 516906
971324 516906 -565582 -806873
-565582 -806873 863387 -190060
863387 -190060 844797 -851605
844797 -851605 -57945 636844
-57945 636844 -299426 102049
-299426 102049 -82844 379152
-82844 379152 932768 967933
932768 967933 -28693 101412
-28693 101412 -451773 -366009
-451773 -366009 665302 -860598
665302 -860598 -580364 591196
-580364 591196 -297065 255094
-297065 255094 350955 472651
350955 472651 598106 605250
598106 605250 -814308 -580001
-814308 -580001 -343185 262021
-343185 262021 -563082 -725420
-563082 -725420 714926 -665877
714926 -665877 -569543 318123
-569543 318123 153678 88972
153678 88972 -265225 -927352
-265225 -927352 206413 704063
206413 704063 177381 -822288
177381 -822288 928114 -24410
928114 -24410 -498590 -863436
-498590 -863436 689881 -75441
689881 -75441 564243 498378
564243 498378 999503 -582989
999503 -582989 -702136 -578508
-702136 -578508 -353948 897242
-353948 897242 450177 397119
450177 397119 -78683 -997480
-78683 -997480 623140 -30029
623140 -30029 -422040 -206430
-422040 -206430 262786 666201
262786 666201 472677 -214812
472677 -214812 -370476 222914
-370476 222914 -86071 917178
-86071 917178 432161 -575880
432161 -575880 109551 -708466
109551 -708466 -996547 162133
-996547 162133 615244 -510768
615244 -510768 -255685 -698850
-255685 -698850 691215 -617833
691215 -617833 906219 -491116
906219 -491116 -131982 -944284
-131982 -944284 -724129 -724137
-724129 -724137 795225 924094
795225 924094 843218 -318365
843218 -318365 879171 -850550
879171 -850550 892782 -742614
892782 -742614 825902 -522228
825902 -522228 497274 815896
497274 815896 -835428 -86496
-835428 -86496 25947 928536
25947 928536 723175 -698910
723175 -698910 -881179 866773
-881179 866773 417987 73453
417987 73453 525982 109285
525982 109285 846323 338994
846323 338994 -698460 -409281
-698460 -409281 -353981 298667
-353981 298667 91257 -623801
91257 -623801 502409 792868
502409 792868 469047 563989
469047 563989 964579 954260
964579 954260 89001 -987338
89001 -987338 541867 280474
541867 280474 294734 984746
294734 984746 -60806 -580794
-60806 -580794 -900550 -110806
-900550 -110806 649450 -672131
649450 -672131 -797006 11320
-797006 11320 -144966 -656290
-144966 -656290 327057 884577
327057 884577 173541 523295
173541 523295 -881788 432025
-881788 432025 -583309 567438
-583309 567438 682843 -711922
682843 -711922 -923407 -749900
-923407 -749900 514401 -900703
514401 -900703 -565787 315179
-565787 315179 -357550 -97006
-357550 -97006 -801606 323352
-801606 323352 -811874 66961
-811874 66961 628713 -953664
628713 -953664 921743 -180031
921743 -180031 -35350 782088
-35350 782088 145721 -459057
145721 -459057 -631165 -697303
-631165 -697303 -268308 248041
-268308 248041 -669078 69423
-669078 69423 -367100 -289712
-367100 -289712 -547765 -308187
-547765 -308187 -820040 319473
-820040 319473 -45692 946833
-45692 946833 -368865 -931407
-368865 -931407 -274176 8430
-274176 8430 909720 997689
909720 997689 -700263 -244391
-700263 -244391 -589374 213819
-589374 213819 -142040 -659375
-142040 -659375 222753 -144485
222753 -144485 818078 86194
818078 86194 19020 -651874
19020 -651874 471326 136382
471326 136382 367050 543513
367050 543513 420953 -229357
420953 -229357 -995253 -799036
-995253 -799036 364020 -433371
364020 -433371 -669873 794868
-669873 794868 382461 363038
382461 363038 -220481 -717817
-220481 -717817 124364 -863571
124364 -863571 184002 -74447
184002 -74447 596908 717955
596908 717955 19522 172529
19522 172529 -371447 -313923
-371447 -313923 -793629 778801
-793629 778801 147954 -882008
147954 -882008 -848925 -430720
-848925 -430720 -439280 355458
-439280 355458 486703 143998
486703 143998 471011 -516530
471011 -516530 -501991 705276
-501991 705276 -547668 -518417
-547668 -518417 414650 -613631
414650 -613631 31885 -248940
31885 -248940 358357 -19929
358357 -19929 346715 -595957
346715 -595957 -842602 45424
-842602 45424 -180223 125968
-180223 125968 -542130 -669623
-542130 -669623 480057 -21950
480057 -21950 -316701 -122164
-316701 -122164 817803 -546842
817803 -546842 -127304 579900
-127304 579900 -979327 -506265
-979327 -506265 -87682 112512
-87682 112512 109511 490200
109511 490200 47182 -517712
47182 -517712 685466 734171
685466 734171 644263 274464
644263 274464 559848 32241
559848 32241 -377229 203009
-377229 203009 -497763 991652
-497763 991652 -954432 747836
-954432 747836 -275597 -425666
-275597 -425666 770539 -794888
770539 -794888 -628049 381077
-628049 381077 -765735 -981506
-765735 -981506 -802464 -787393
-802464 -787393 350635 -35522
350635 -35522 152803 -737636
152803 -737636 -911983 -29849
-911983 -29849 436156 117610
436156 117610 -841409 -223845
-841409 -223845 -852378 -454209
-852378 -454209 572119 281033
572119 281033 534058 -990416
534058 -990416 -355372 -702406
-355372 -702406 -844970 -783664
-844970 -783664 -100601 -282673
-100601 -282673 -205162 666949
-205162 666949 -859016 -213485
-859016 -213485 -961438 -767928
-961438 -767928 -231060 983854
-231060 983854 180692 362477
180692 362477 -238400 298094
-238400 298094 186355 152077
186355 152077 -184679 -94487
-184679 -94487 168746 354217
168746 354217 -496452 443571
-496452 443571 991701 -432865
991701 -432865 40340 481519
40340 481519 -493407 -964018
-493407 -964018 -66537 -549057
-66537 -549057 966291 -350854
966291 -350854 543128 -316795
543128 -316795 -958451 -306198
-958451 -306198 -453901 440926
-453901 440926 -25834 -534160
-25834 -534160 5177 -318350
5177 -318350 -335597 343585
-335597 343585 -7125 879930
-7125 879930 -345416 47516
-345416 47516 454504 450017
454504 450017 843828 742326
843828 742326 567655 381397
567655 381397 248305 131650
248305 131650 -659659 154596
-659659 154596 -256999 -878256
-256999 -878256 -878771 -261985
-878771 -261985 433707 -860556
433707 -860556 -471146 331994
-471146 331994 135855 -173551
135855 -173551 -523120 197905
-523120 197905 -993696 763003
-993696 763003 413655 417694
413655 417694 443985 -285412
443985 -285412 -320353 978238
-320353 978238 -186464 403476
-186464 403476 -482729 -981332
-482729 -981332 -227448 391805
-227448 391805 412291 625799
412291 625799 -810094 858118
-810094 858118 -474230 419760
-474230 419760 -59416 869955
-59416 869955 395524 -590962
395524 -590962 685229 -685550
685229 -685550 -35597 -165692
-35597 -165692 862363 654371
862363 654371 942681 970453
942681 970453 -429338 459026
-429338 459026 724932 -98270
724932 -98270 257029 952623
257029 952623 579606 -807397
579606 -807397 587271 239793
587271 239793 69641 -187426
69641 -187426 -895530 -323780
-895530 -323780 -494588 -140943
-494588 -140943 575812 -296143
575812 -296143 964638 898841
964638 898841 990375 634817
990375 634817 33966 -677227
33966 -677227 900499 -730522
900499 -730522 552142 -46162
552142 -46162 38275 306457
38275 306457 -293544 842096
-293544 842096 -965964 434276
-965964 434276 -125644 992978
-125644 992978 584687 89586
584687 89586 -485956 -575909
-485956 -575909 207899 760841
207899 760841 -579597 995267
-579597 995267 630604 833923
630604 833923 797593 -221266
797593 -221266 -639702 -287002
-639702 -287002 128309 -790569
128309 -790569 806126 553583
806126 553583 881928 -375819
881928 -375819 -624261 -106075
-624261 -106075 480364 -140032
480364 -140032 435304 -358275
435304 -358275 588705 684965
588705 684965 -520255 23958
-520255 23958 190993 810600
190993 810600 -564206 -325310
-564206 -325310 -557700 978973
-557700 978973 -649419 226902
-649419 226902 205172 -931573
205172 -931573 -173216 -9183
-173216 -9183 -282717 176502
-282717 176502 839049 -695334
839049 -695334 205088 -131035
205088 -131035 -498533 133052
-498533 133052 -569504 933269
-569504 933269 -514162 566361
-514162 566361 -926964 -182697
-926964 -182697 22047 873949
22047 873949 -594371 -394870
-594371 -394870 109907 -920009
109907 -920009 -405771 -183045
-405771 -183045 745567 -259476
745567 -259476 -343992 25902
-343992 25902 -283961 -288173
-283961 -288173 -397494 583346
-397494 583346 -272354 828246
-272354 828246 436903 799300
436903 799300 481113 -844448
481113 -844448 758818 -978243
758818 -978243 152708 -505557
152708 -505557 -734587 -883451
-734587 -883451 557503 496444
557503 496444 -317196 763011
-317196 763011 291366 112522
291366 112522 94117 -378292
94117 -378292 -521764 183799
-521764 183799 -652977 -858842
-652977 -858842 318525 -319102
318525 -319102 727175 455294
727175 455294 -153597 905302
-153597 905302 768942 -983518
768942 -983518 82394 569157
82394 569157 479220 -6902
479220 -6902 -635687 905940
-635687 905940 -501213 -220693
-501213 -220693 741352 394988
741352 394988 -763648 664782
-763648 664782 910256 -446258
910256 -446258 -619833 143806
-619833 143806 771678 -640756
771678 -640756 -551573 938628
-551573 938628 -208043 903879
-208043 903879 -19280 360032
-19280 360032 -928908 115692
-928908 115692 -222805 -767226
-222805 -767226 70363 -937753
70363 -937753 -800376 18790
-800376 18790 -298124 29433
-298124 29433 -43481 291022
-43481 291022 925036 -124088
925036 -124088 -480272 320052
-480272 320052 403683 881325
403683 881325 785944 59960
785944 59960 611380 -649287
611380 -649287 909160 -769884
909160 -769884 -986974 -243512
-986974 -243512 -481640 -264826
-481640 -264826 -513276 -596649
-513276 -596649 183479 -152559
183479 -152559 -614946 -476517
-614946 -476517 -795744 717252
-795744 717252 -900065 597389
-900065 597389 -526160 -533195
-526160 -533195 -521204 117311
-521204 117311 316428 543890
316428 543890 -645822 -447415
-645822 -447415 -935918 -410232
-935918 -410232 824190 410321
824190 410321 252014 -978591
252014 -978591 -994312 -319431
-994312 -319431 -374165 -986885
-374165 -986885 667789 775848
667789 775848 -595514 -214851
-595514 -214851 -232275 13645
-232275 13645 178620 -253886
178620 -253886 -657858 232721
-657858 232721 -52266 602323
-52266 602323 756924 971334
756924 971334 789411 941617
789411 941617 -144337 171275
-144337 171275 114390 20466
114390 20466 -298745 812435
-298745 812435 -68578 623036
-68578 623036 -994644 -173409
-994644 -173409 -207071 14884
-207071 14884 933541 581846
933541 581846 130354 -218587
130354 -218587 870744 -48184
870744 -48184 -99042 489800
-99042 489800 -741408 648791
-741408 648791 92149 -623425
92149 -623425 983386 10533
983386 10533 -29096 -382990
-29096 -382990 -680869 -934460
-680869 -934460 -424146 -353363
-424146 -353363 -906120 369844
-906120 369844 800628 333381
800628 333381 450836 -104322
450836 -104322 837415 -74899
837415 -74899 -24833 885351
-24833 885351 -967844 -940650
-967844 -940650 -524061 -43983
-524061 -43983 -362536 -384237
-362536 -384237 684285 -925915
684285 -925915 -64645 259602
-64645 259602 641717 902205
641717 902205 -891218 154129
-891218 154129 -756781 976298
-756781 976298 776382 -312454
776382 -312454 300472 736306
300472 736306 -694118 -115296
-694118 -115296 264292 -419479
264292 -419479 -643356 59513
-643356 59513 -960657 878202
-960657 878202 -766897 572498
-766897 572498 -847156 -789676
-847156 -789676 -703966 -56379
-703966 -56379 285409 870667
285409 870667 331594 28152
331594 28152 -480347 47398
-480347 47398 216302 984359
216302 984359 -284876 158398
-284876 158398 913172 902129
913172 902129 -228132 -891579
-228132 -891579 168969 636137
168969 636137 -194512 838669
-194512 838669 351031 459769
351031 459769 611733 -615677
611733 -615677 -842497 306418
-842497 306418 608097 835777
608097 835777 484124 752916
484124 752916 501159 910824
501159 910824 405987 -971
405987 -971 -346900 51079
-346900 51079 -792674 -920694
-792674 -920694 -392879 -340776
-392879 -340776 436555 -955745
436555 -955745 -249293 -301277
-249293 -301277 -191049 -900463
-191049 -900463 320825 -949289
320825 -949289 -590165 947068
-590165 947068 -764230 374901
-764230 374901 394283 -138757
394283 -138757 94851 -280652
94851 -280652 915402 700976
915402 700976 -645463 -296430
-645463 -296430 -154576 -524421
-154576 -524421 -773985 -865371
-773985 -865371 -431541 -823633
-431541 -823633 119268 -283422
119268 -283422 344029 995955
344029 995955 203575 314104
203575 314104 216609 -559528
216609 -559528 -476563 -127396
-476563 -127396 15099 844548
15099 844548 294141 163591
294141 163591 522563 578922
522563 578922 -799343 339076
-799343 339076 -517376 862827
-517376 862827 -391393 -32369
-391393 -32369 -553851 -757552
-553851 -757552 817114 -734705
817114 -734705 203822 174056
203822 174056 -143640 -764729
-143640 -764729 -903324 -778417
-903324 -778417 -185756 344405
-185756 344405 21065 426330
21065 426330 -617151 -318455
-617151 -318455 40414 -21546
40414 -21546 -710598 553113
-710598 553113 -759143 462186
-759143 462186 -309735 -343587
-309735 -343587 151330 -528332
151330 -528332 131039 172766
131039 172766 -904214 -471555
-904214 -471555 -520730 87533
-520730 87533 404984 860070
404984 860070 469778 -870509
469778 -870509 349214 561926
349214 561926 976632 157168
976632 157168 276770 922991
276770 922991 370580 -261906
370580 -261906 -779295 -591621
-779295 -591621 574695 -349323
574695 -349323 -931883 -740384
-931883 -740384 731308 -602833
731308 -602833 -845852 888760
-845852 888760 174671 -613810
174671 -613810 -102670 926251
-102670 926251 547879 -979034
547879 -979034 -160791 434785
-160791 434785 423746 748603
423746 748603 -104177 3212
-104177 3212 795089 -881522
795089 -881522 -794832 126201
-794832 126201 -639898 748075
-639898 748075 241131 460399
241131 460399 214821 389413
214821 389413 -949475 754485
-949475 754485 -875171 -977618
-875171 -977618 -823174 -188379
-823174 -188379 -517094 -564562
-517094 -564562 852569 -487539
852569 -487539 -415603 59515
-415603 59515 387638 -378812
387638 -378812 296707 -656496
296707 -656496 422828 238460
422828 238460 976077 821524
976077 821524 865669 -604894
865669 -604894 -884745 -781076
-884745 -781076 -459919 -668883
-459919 -668883 803742 245031
803742 245031 -662944 -315482
-662944 -315482 -630056 -843945
-630056 -843945 379295 505482
379295 505482 452626 244690
452626 244690 -716 913645
-716 913645 -959138 525971
-959138 525971 218918 523856
218918 523856 -145620 969472
-145620 969472 -861114 281575
-861114 281575 183765 288629
183765 288629 62748 -865132
62748 -865132 -328979 -446259
-328979 -446259 214250 378861
214250 378861 -22777 735983
-22777 735983 -553980 -222009
-553980 -222009 -37395 906279
-37395 906279 169207 500023
169207 500023 -873121 -573626
-873121 -573626 -104409 766724
-104409 766724 837040 764668
837040 764668 113361 969744
113361 969744 287907 94654
287907 94654 -762032 507846
-762032 507846 872648 216229
872648 216229 288929 -442584
288929 -442584 -943052 182761
-943052 182761 -250439 674131
-250439 674131 169588 30703
169588 30703 985983 -486320
985983 -486320 370600 593518
370600 593518 820689 932177
820689 932177 -815578 468296
-815578 468296 -753615 -124164
-753615 -124164 25447 -810179
25447 -810179 -881172 53837
-881172 53837 -196353 -76445
-196353 -76445 -466820 -610254
-466820 -610254 -167043 -444567
-167043 -444567 951188 -331838
951188 -331838 248043 492737
248043 492737 -465196 -656894
-465196 -656894 347719 -981263
347719 -981263 710060 -53979
710060 -53979 -761691 -184810
-761691 -184810 652586 -202738
652586 -202738 218686 605750
218686 605750 219912 -700880
219912 -700880 865333 -374182
865333 -374182 -923849 -867160
-923849 -867160 -10647 937673
-10647 937673 831676 -638954
831676 -638954 314872 695730
314872 695730 626727 813054
626727 813054 878702 92842
