1
2000
-468098 708837 554831 513493
554831 513493 289041 495497
289041 495497 527838 -708004
527838 -708004 320043 -353112
320043 -353112 537631 -510256
537631 -510256 25842 -690285
25842 -690285 282304 -671245
282304 -671245 593896 -445330
593896 -445330 -766099 -249974
-766099 -249974 301689 849306
301689 849306 -580114 501099
-580114 501099 976126 -884407
976126 -884407 161514 -641626
161514 -641626 -984867 -94017
-984867 -94017 -236014 93268
-236014 93268 524850 834941
524850 834941 -152934 632624
-152934 632624 -291452 -907714
-291452 -907714 -234349 898589
-234349 898589 -897018 -824031
-897018 -824031 -484071 -272192
-484071 -272192 73310 122168
73310 122168 187030 522641
187030 522641 45998 -151133
45998 -151133 -453206 749448
-453206 749448 -667224 -164722
-667224 -164722 -20547 -998502
-20547 -998502 116502 390799
116502 390799 247400 -655846
247400 -655846 634956 -426724
634956 -426724 -510819 928483
-510819 928483 -926836 697860
-926836 697860 119971 -26164
119971 -26164 832892 -923594
832892 -923594 566678 -715845
566678 -715845 115436 -860640
115436 -860640 -322663 -343215
-322663 -343215 -381040 -921081
-381040 -921081 87013 -191072
87013 -191072 -34189 540747
-34189 540747 306399 -211514
306399 -211514 201601 275725
201601 275725 486753 -563373
486753 -563373 -911198 813533
-911198 813533 11638 -774816
11638 -774816 70091 -896364
70091 -896364 428508 384365
428508 384365 125756 -733552
125756 -733552 -603473 503394
-603473 503394 71452 -176798
71452 -176798 -359491 -669437
-359491 -669437 -212709 -145460
-212709 -145460 -172973 908987
-172973 908987 -964077 -55133
-964077 -55133 -13667 886360
-13667 886360 545325 19338
545325 19338 488223 -607668
488223 -607668 -219605 -824692
-219605 -824692 171508 -230694
171508 -230694 488107 386004
488107 386004 492065 -600956
492065 -600956 -855115 -43077
-855115 -43077 433997 330258
433997 330258 -7997 455772
-7997 455772 -663847 -601892
-663847 -601892 -177826 280917
-177826 280917 726320 301215
726320 301215 -676149 542489
-676149 542489 -95250 -521239
-95250 -521239 963868 -969529
963868 -969529 -556119 -613526
-556119 -613526 -810001 -487515
-810001 -487515 -887800 -685375
-887800 -685375 282361 980006
282361 980006 463857 239354
463857 239354 558184 676433
558184 676433 -247248 -938820
-247248 -938820 -481018 664755
-481018 664755 799732 -701240
799732 -701240 -321460 15008
-321460 15008 845973 -672645
845973 -672645 815559 -210430
815559 -210430 660021 626546
660021 626546 101631 -838825
101631 -838825 -542251 -754143
-542251 -754143 -301013 -797586
-301013 -797586 605713 -532639
605713 -532639 689878 -539536
689878 -539536 -156591 -377341
-156591 -377341 -255212 -938665
-255212 -938665 -248962 -890474
-248962 -890474 904082 -597867
904082 -597867 -763354 -769131
-763354 -769131 463547 352065
463547 352065 208683 840995
208683 840995 -648874 773575
-648874 773575 -694037 805409
-694037 805409 -658698 -655020
-658698 -655020 -60876 497626
-60876 497626 987328 333827
987328 333827 -937556 -442199
-937556 -442199 -763190 -316676
-763190 -316676 542698 -191710
542698 -191710 583165 661418
583165 661418 -569471 313738
-569471 313738 -160797 652234
-160797 652234 -801097 303817
-801097 303817 694688 860440
694688 860440 651889 -208157
651889 -208157 493263 -644878
493263 -644878 -998411 284201
-998411 284201 496546 583274
496546 583274 -198562 586775
-198562 586775 -636612 175398
-636612 175398 -540270 -384339
-540270 -384339 -549006 285623
-549006 285623 -824004 648932
-824004 648932 -605438 229214
-605438 229214 -496622 -431818
-496622 -431818 275610 -26185
275610 -26185 -802709 -804122
-802709 -804122 -261516 -381985
-261516 -381985 -600752 341225
-600752 341225 621108 -825760
621108 -825760 -123274 475992
-123274 475992 571171 -473964
571171 -473964 -531053 465184
-531053 465184 301414 -55677
301414 -55677 867150 -667329
867150 -667329 35746 -894226
35746 -894226 911644 -470827
911644 -470827 914406 -255831
914406 -255831 -288658 -616403
-288658 -616403 293231 -174756
293231 -174756 418768 -266267
418768 -266267 417880 -226325
417880 -226325 -67566 -777597
-67566 -777597 411512 42341
411512 42341 746165 -627055
746165 -627055 115110 493009
115110 493009 -458937 -159939
-458937 -159939 237896 225974
237896 225974 -69026 -733188
-69026 -733188 360236 722514
360236 722514 157905 -309657
157905 -309657 -394997 -485231
-394997 -485231 319526 -746265
319526 -746265 -451541 585876
-451541 585876 -977027 -235406
-977027 -235406 -743369 -418574
-743369 -418574 500799 -270431
500799 -270431 435584 585874
435584 585874 -980020 778406
-980020 778406 -163416 326205
-163416 326205 301114 -161951
301114 -161951 -600519 580809
-600519 580809 -818105 -538432
-818105 -538432 869696 75767
869696 75767 -949300 492744
-949300 492744 -974384 510115
-974384 510115 -860281 -972369
-860281 -972369 34000 605794
34000 605794 -533788 149528
-533788 149528 772471 382475
772471 382475 510668 -281221
510668 -281221 -40355 -8084
-40355 -8084 -90721 878606
-90721 878606 430664 841061
430664 841061 -363050 -491986
-363050 -491986 -458073 82814
-458073 82814 520273 730791
520273 730791 406818 71508
406818 71508 -324554 -169076
-324554 -169076 -189857 -254163
-189857 -254163 -783993 -512199
-783993 -512199 -707421 752713
-707421 752713 538496 775754
538496 775754 820889 -79698
820889 -79698 8448 -721145
8448 -721145 116174 958842
116174 958842 100824 643786
100824 643786 -455159 164512
-455159 164512 395185 908444
395185 908444 710959 667687
710959 667687 299866 34332
299866 34332 447339 -776562
447339 -776562 294849 170802
294849 170802 570470 -694138
570470 -694138 544080 843974
544080 843974 -154126 -728279
-154126 -728279 -624835 187777
-624835 187777 42700 295846
42700 295846 -205197 -256385
-205197 -256385 343106 -933986
343106 -933986 -786512 324710
-786512 324710 -239583 -89934
-239583 -89934 -109269 -63736
-109269 -63736 198186 805624
198186 805624 -359839 -783095
-359839 -783095 -547931 345335
-547931 345335 -278774 -93520
-278774 -93520 -601071 457002
-601071 457002 544188 -162754
544188 -162754 -639686 901703
-639686 901703 718748 412343
718748 412343 -141433 -223929
-141433 -223929 -219282 957071
-219282 957071 -682678 362431
-682678 362431 -770890 195771
-770890 195771 540213 -665418
540213 -665418 303699 -192426
303699 -192426 -386712 694939
-386712 694939 -333042 818091
-333042 818091 -337586 28929
-337586 28929 -564211 619424
-564211 619424 -336107 512382
-336107 512382 -543659 -174072
-543659 -174072 631983 57618
631983 57618 147800 9272
147800 9272 -416926 346443
-416926 346443 -84294 613480
-84294 613480 893533 789020
893533 789020 421217 558083
421217 558083 200546 -179502
200546 -179502 378733 339977
378733 339977 412272 -66071
412272 -66071 -546562 -87798
-546562 -87798 506792 -277906
506792 -277906 511229 -899490
511229 -899490 -355631 564103
-355631 564103 296576 -359308
296576 -359308 -305473 -962352
-305473 -962352 -903629 -711379
-903629 -711379 -965209 299270
-965209 299270 -32952 16252
-32952 16252 -997910 459125
-997910 459125 -236970 -76154
-236970 -76154 663924 997229
663924 997229 273192 -696365
273192 -696365 620647 703887
620647 703887 750307 498469
750307 498469 -300967 945925
-300967 945925 553234 418576
553234 418576 203648 859021
203648 859021 809962 -545167
809962 -545167 581995 -71219
581995 -71219 -288454 356105
-288454 356105 817229 407043
817229 407043 -238825 806646
-238825 806646 -452244 538260
-452244 538260 930019 423158
930019 423158 -834644 775972
-834644 775972 433265 -472917
433265 -472917 -529753 -466866
-529753 -466866 765593 -969418
765593 -969418 -889858 -263972
-889858 -263972 982462 -716813
982462 -716813 707968 -986566
707968 -986566 320463 603276
320463 603276 -386005 31571
-386005 31571 -528614 90820
-528614 90820 -67222 947983
-67222 947983 -494755 333375
-494755 333375 -774980 60010
-774980 60010 -434798 623691
-434798 623691 41836 -256218
41836 -256218 921177 280071
921177 280071 -695028 -701009
-695028 -701009 -71532 125462
-71532 125462 28795 -143755
28795 -143755 -957942 -686253
-957942 -686253 -425533 131623
-425533 131623 418043 -100458
418043 -100458 -837574 113850
-837574 113850 690910 26411
690910 26411 -196566 -764424
-196566 -764424 640007 786382
640007 786382 830769 679162
830769 679162 -275174 -909142
-275174 -909142 -866 -973810
-866 -973810 715160 325425
715160 325425 630666 -650949
630666 -650949 -246297 711532
-246297 711532 696177 965985
696177 965985 -537576 189253
-537576 189253 722870 566928
722870 566928 50963 -75118
50963 -75118 3588 401553
3588 401553 749641 763797
749641 763797 -475635 -879070
-475635 -879070 819247 279774
819247 279774 636200 -516626
636200 -516626 -126336 847830
-126336 847830 779856 -340447
779856 -340447 -392815 247652
-392815 247652 -62728 -815659
-62728 -815659 584882 651018
584882 651018 691810 965029
691810 965029 -149623 -701867
-149623 -701867 -564670 -668748
-564670 -668748 230595 774217
230595 774217 -508363 -454435
-508363 -454435 696998 -779990
696998 -779990 677848 -74221
677848 -74221 717646 -680973
717646 -680973 -182111 411244
-182111 411244 -46329 -642879
-46329 -642879 -282873 846711
-282873 846711 257671 718336
257671 718336 -201270 -846759
-201270 -846759 405780 -742518
405780 -742518 680375 988192
680375 988192 264833 266962
264833 266962 257375 28090
257375 28090 640926 -479858
640926 -479858 -510186 -125728
-510186 -125728 772828 -864685
772828 -864685 142930 -254074
142930 -254074 -402150 -355323
-402150 -355323 998767 783720
998767 783720 -477923 -555972
-477923 -555972 -271778 -948963
-271778 -948963 431057 -397406
431057 -397406 -195235 190609
-195235 190609 920163 -874460
920163 -874460 199906 -539659
199906 -539659 581069 -823480
581069 -823480 75652 -855812
75652 -855812 -209818 -429262
-209818 -429262 -431611 272944
-431611 272944 -287112 650844
-287112 650844 -119436 -495100
-119436 -495100 -87395 -223635
-87395 -223635 5883 -477958
5883 -477958 59526 989062
59526 989062 874495 -861025
874495 -861025 839813 -158356
839813 -158356 -418194 901000
-418194 901000 -209844 -728019
-209844 -728019 -445640 189541
-445640 189541 -128897 811020
-128897 811020 618219 229932
618219 229932 626438 -787895
626438 -787895 380791 -767001
380791 -767001 526393 76307
526393 76307 108133 173365
108133 173365 -588512 -236639
-588512 -236639 -941702 -325811
-941702 -325811 -245541 223971
-245541 223971 -188831 619323
-188831 619323 -710729 -920585
-710729 -920585 469351 313120
469351 313120 -192792 -123487
-192792 -123487 456025 -993255
456025 -993255 -82242 -697737
-82242 -697737 297650 -946170
297650 -946170 -684533 198408
-684533 198408 -647217 -117279
-647217 -117279 687400 570041
687400 570041 -875897 -918935
-875897 -918935 821283 619801
821283 619801 737704 657886
737704 657886 357551 780917
357551 780917 -981506 -325367
-981506 -325367 -797276 504230
-797276 504230 509795 -100834
509795 -100834 793593 -675457
793593 -675457 -752184 491829
-752184 491829 -640157 -414461
-640157 -414461 731283 428580
731283 428580 412892 778388
412892 778388 -767518 -254802
-767518 -254802 970239 559364
970239 559364 268546 -155768
268546 -155768 -24413 -346630
-24413 -346630 -803395 314569
-803395 314569 190728 -265692
190728 -265692 -210285 -235257
-210285 -235257 -831205 499264
-831205 499264 301358 179104
301358 179104 -726655 752882
-726655 752882 266188 925563
266188 925563 431799 325427
431799 325427 647120 674491
647120 674491 156060 -622503
156060 -622503 -723922 -164737
-723922 -164737 894857 234160
894857 234160 -21429 786557
-21429 786557 219522 -924438
219522 -924438 836661 633195
836661 633195 632099 -988453
632099 -988453 37905 -209533
37905 -209533 853460 -733965
853460 -733965 -660 -81227
-660 -81227 -763116 -120873
-763116 -120873 655477 551912
655477 551912 260043 419515
260043 419515 -641438 -41386
-641438 -41386 -264815 152309
-264815 152309 -249568 69847
-249568 69847 -672461 -863618
-672461 -863618 -515246 -737492
-515246 -737492 -609 -192355
-609 -192355 -14250 -347868
-14250 -347868 688678 -325399
688678 -325399 963067 -776805
963067 -776805 716373 -395196
716373 -395196 275565 195467
275565 195467 819464 -185467
819464 -185467 -359857 700364
-359857 700364 405401 -666375
405401 -666375 710419 61501
710419 61501 798231 381499
798231 381499 714252 -692050
714252 -692050 614243 632300
614243 632300 81577 -952357
81577 -952357 91963 583898
91963 583898 -153343 -784794
-153343 -784794 -696716 -440617
-696716 -440617 335892 544566
335892 544566 75116 548406
75116 548406 271050 287924
271050 287924 938419 -630412
938419 -630412 -59810 -519757
-59810 -519757 263916 330429
263916 330429 -302473 433389
-302473 433389 312346 -605203
312346 -605203 -54199 -98193
-54199 -98193 -458856 831935
-458856 831935 592238 453584
592238 453584 -511541 -694757
-511541 -694757 -815389 934107
-815389 934107 259143 -567121
259143 -567121 -539321 11796
-539321 11796 52556 -493732
52556 -493732 367959 -206982
367959 -206982 -875004 -892190
-875004 -892190 -648070 -797726
-648070 -797726 107753 60680
107753 60680 119559 519286
119559 519286 -472801 559014
-472801 559014 -948318 -846689
-948318 -846689 820123 -624856
820123 -624856 903330 -154618
903330 -154618 -206765 -573953
-206765 -573953 260910 907569
260910 907569 696925 -679149
696925 -679149 250763 -628627
250763 -628627 79546 297223
79546 297223 849580 847069
849580 847069 -286122 -981712
-286122 -981712 345782 674023
345782 674023 85906 435391
85906 435391 -840844 -464449
-840844 -464449 -683344 -547426
-683344 -547426 427620 250031
427620 250031 146706 -422545
146706 -422545 15989 844893
15989 844893 850646 -124307
850646 -124307 -809497 564717
-809497 564717 31823 84026
31823 84026 373523 -926554
373523 -926554 -337768 35323
-337768 35323 128615 260979
128615 260979 -692280 506891
-692280 506891 324668 82033
324668 82033 -391233 582134
-391233 582134 752905 405372
752905 405372 -839717 921119
-839717 921119 772887 448063
772887 448063 -141203 307466
-141203 307466 746594 -349529
746594 -349529 -785783 -491946
-785783 -491946 630067 191365
630067 191365 -931273 -980958
-931273 -980958 901946 883667
901946 883667 -760106 539221
-760106 539221 -806427 766659
-806427 766659 526771 781237
526771 781237 92583 455803
92583 455803 590781 901296
590781 901296 723262 -713245
723262 -713245 -760134 -536616
-760134 -536616 -133159 324754
-133159 324754 -905026 75013
-905026 75013 -74663 -625919
-74663 -625919 -404572 -2738
-404572 -2738 793038 110651
793038 110651 239229 -880621
239229 -880621 253174 -799247
253174 -799247 -486076 186384
-486076 186384 -696008 6152
-696008 6152 750134 -723640
750134 -723640 -782650 527860
-782650 527860 801867 -486857
801867 -486857 -804717 420691
-804717 420691 -236334 529872
-236334 529872 -388289 -1202
-388289 -1202 344767 -379002
344767 -379002 -281754 974406
-281754 974406 284935 220098
284935 220098 610114 -872284
610114 -872284 -284489 35555
-284489 35555 -629171 141432
-629171 141432 -458422 -700584
-458422 -700584 -132119 947689
-132119 947689 967213 442710
967213 442710 -514461 -521965
-514461 -521965 -364535 -749923
-364535 -749923 -846169 17953
-846169 17953 74891 -741109
74891 -741109 -324565 -191350
-324565 -191350 808198 932003
808198 932003 -521593 841442
-521593 841442 -422032 864229
-422032 864229 -418419 -248109
-418419 -248109 257824 -492769
257824 -492769 418035 668234
418035 668234 -687354 -795979
-687354 -795979 -131798 -884228
-131798 -884228 -769508 350628
-769508 350628 170338 588434
170338 588434 69676 10248
69676 10248 901037 139165
901037 139165 -114399 -138259
-114399 -138259 -964570 -553186
-964570 -553186 -563783 99779
-563783 99779 -972321 -107978
-972321 -107978 312199 -281740
312199 -281740 -834651 -339878
-834651 -339878 -759895 -284292
-759895 -284292 31390 96422
31390 96422 58077 -158426
58077 -158426 -504928 -302236
-504928 -302236 -887928 837002
-887928 837002 575745 -594666
575745 -594666 835734 157526
835734 157526 -233807 751897
-233807 751897 -167891 142049
-167891 142049 -743956 -531997
-743956 -531997 -39212 -68795
-39212 -68795 -286498 533189
-286498 533189 978589 789725
978589 789725 -17116 -148996
-17116 -148996 -300505 -901747
-300505 -901747 300140 278035
300140 278035 -172544 213838
-172544 213838 195858 -111687
195858 -111687 421709 878246
421709 878246 -615108 847076
-615108 847076 675009 838444
675009 838444 764744 -677557
764744 -677557 -299286 606491
-299286 606491 -453499 -210449
-453499 -210449 -881683 -206975
-881683 -206975 -724467 800836
-724467 800836 500161 654110
500161 654110 -255990 724739
-255990 724739 388115 819874
388115 819874 149945 373413
149945 373413 166149 429866
166149 429866 832070 346277
832070 346277 143698 -649100
143698 -649100 464481 746447
464481 746447 -59271 529464
-59271 529464 766400 631308
766400 631308 176987 184122
176987 184122 780733 -433841
780733 -433841 -319210 579126
-319210 579126 987028 -870937
987028 -870937 -227986 323351
-227986 323351 -681407 809043
-681407 809043 449451 -565131
449451 -565131 -581847 940375
-581847 940375 793210 -244923
793210 -244923 -496412 -568721
-496412 -568721 -701853 -307999
-701853 -307999 -402179 -261505
-402179 -261505 790351 -661317
790351 -661317 -176104 -63798
-176104 -63798 -664598 878070
-664598 878070 730061 -575457
730061 -575457 617764 -881171
617764 -881171 854350 76440
854350 76440 138218 184187
138218 184187 -500236 441919
-500236 441919 -698982 523344
-698982 523344 -841612 440885
-841612 440885 388398 -100253
388398 -100253 -337908 616852
-337908 616852 819251 -936030
819251 -936030 186095 -291876
186095 -291876 419738 -583803
419738 -583803 -12354 -270479
-12354 -270479 -247163 -831012
-247163 -831012 37858 936298
37858 936298 -34451 -364218
-34451 -364218 -992304 736383
-992304 736383 711866 -60897
711866 -60897 148685 -978764
148685 -978764 939262 -513775
939262 -513775 -380593 -273551
-380593 -273551 614250 -885131
614250 -885131 -435592 253429
-435592 253429 163932 937520
163932 937520 220472 190172
220472 190172 -621004 110636
-621004 110636 683358 -692248
683358 -692248 -533374 337537
-533374 337537 -618307 -45465
-618307 -45465 -307578 -496242
-307578 -496242 772092 856984
772092 856984 -447294 -176670
-447294 -176670 -854596 -769665
-854596 -769665 -560513 138285
-560513 138285 -493773 -409215
-493773 -409215 -62978 928504
-62978 928504 872841 469892
872841 469892 573908 -907937
573908 -907937 587504 -353035
587504 -353035 138808 -834650
138808 -834650 798438 -294295
798438 -294295 169857 80548
169857 80548 -874754 -909809
-874754 -909809 -647064 -724078
-647064 -724078 -518289 759867
-518289 759867 -457858 207467
-457858 207467 -876452 -899001
-876452 -899001 -593657 -616936
-593657 -616936 -221034 -144631
-221034 -144631 723416 795300
723416 795300 231680 22727
231680 22727 427727 291788
427727 291788 344709 615937
344709 615937 -286846 986326
-286846 986326 -944378 -66867
-944378 -66867 857927 252593
857927 252593 695555 -289835
695555 -289835 -155916 56024
-155916 56024 -677839 -762084
-677839 -762084 -404280 -308559
-404280 -308559 -103025 642399
-103025 642399 -760264 -328493
-760264 -328493 932608 -7370
932608 -7370 969858 -195487
969858 -195487 669470 122910
669470 122910 424103 -985352
424103 -985352 -797136 -310058
-797136 -310058 -396529 -115275
-396529 -115275 -853544 215243
-853544 215243 697175 195995
697175 195995 -772527 933230
-772527 933230 38802 400852
38802 400852 929010 62250
929010 62250 -909425 58545
-909425 58545 -413358 -361223
-413358 -361223 -623002 837560
-623002 837560 -926654 781458
-926654 781458 987162 236177
987162 236177 -381991 -842838
-381991 -842838 552457 304284
552457 304284 -72052 -104794
-72052 -104794 364565 711054
364565 711054 43838 466461
43838 466461 80717 372059
80717 372059 377802 -916140
377802 -916140 -212472 -719821
-212472 -719821 594009 -950948
594009 -950948 -485210 634650
-485210 634650 -974667 676080
-974667 676080 -357164 140764
-357164 140764 928743 -297888
928743 -297888 -966107 877984
-966107 877984 435092 80991
435092 80991 -244455 -708054
-244455 -708054 769808 942469
769808 942469 -39326 -244190
-39326 -244190 -943960 -838613
-943960 -838613 -997637 98488
-997637 98488 750500 909463
750500 909463 947282 524880
947282 524880 -643334 -841645
-643334 -841645 924243 -534313
924243 -534313 929642 -700542
929642 -700542 -677236 251376
-677236 251376 -306775 686186
-306775 686186 670614 -942700
670614 -942700 -804476 300019
-804476 300019 -440160 -802090
-440160 -802090 -740617 -45428
-740617 -45428 721699 -619304
721699 -619304 -66492 -558170
-66492 -558170 -509822 357038
-509822 357038 -852065 -807350
-852065 -807350 -400261 120121
-400261 120121 467485 329561
467485 329561 -115314 213272
-115314 213272 662903 792754
662903 792754 -123459 -955522
-123459 -955522 -491263 -762326
-491263 -762326 880319 532725
880319 532725 658546 -280418
658546 -280418 -600388 880434
-600388 880434 -712523 906511
-712523 906511 543089 249630
543089 249630 -215371 -780707
-215371 -780707 -497080 249101
-497080 249101 -627219 -126511
-627219 -126511 400466 89016
400466 89016 746200 737904
746200 737904 -225165 669379
-225165 669379 279347 -211910
279347 -211910 -871888 -583697
-871888 -583697 -489655 -35987
-489655 -35987 -621810 -330501
-621810 -330501 -527506 -294874
-527506 -294874 169880 710313
169880 710313 -684130 732743
-684130 732743 542434 -334068
542434 -334068 -627687 -816432
-627687 -816432 828287 -35883
828287 -35883 -973799 -669489
-973799 -669489 33885 -118221
33885 -118221 -324655 -385359
-324655 -385359 256756 -935301
256756 -935301 165654 975942
165654 975942 -673986 502368
-673986 502368 -61142 341050
-61142 341050 255944 442908
255944 442908 422018 -219104
422018 -219104 -474633 -309732
-474633 -309732 790765 757797
790765 757797 -241062 -847085
-241062 -847085 386251 -922449
386251 -922449 146564 -646525
146564 -646525 -739983 535052
-739983 535052 39863 -529686
39863 -529686 641978 -369777
641978 -369777 115619 -852656
115619 -852656 813019 271927
813019 271927 -2538 118520
-2538 118520 354218 552517
354218 552517 -936829 -419450
-936829 -419450 66641 311353
66641 311353 756537 320731
756537 320731 279589 -366352
279589 -366352 -540903 591344
-540903 591344 505871 -366338
505871 -366338 -489289 331711
-489289 331711 182543 224651
182543 224651 18170 -160237
18170 -160237 60499 -210717
60499 -210717 -580823 -907743
-580823 -907743 588204 -342604
588204 -342604 982890 -333298
982890 -333298 -456681 -691238
-456681 -691238 315311 614549
315311 614549 -685218 -253611
-685218 -253611 142201 455718
142201 455718 627764 61027
627764 61027 989787 -630305
989787 -630305 -755 -509080
-755 -509080 607088 -966150
607088 -966150 -144878 -275802
-144878 -275802 -321098 611089
-321098 611089 404214 -42677
404214 -42677 -171193 -692394
-171193 -692394 253575 76800
253575 76800 335899 -302235
335899 -302235 415903 -502406
415903 -502406 550873 -524931
550873 -524931 668789 350537
668789 350537 5152 -700076
5152 -700076 -311614 -206934
-311614 -206934 -549806 -640475
-549806 -640475 725885 -670733
725885 -670733 648839 -700456
648839 -700456 -123069 165154
-123069 165154 316902 -826477
316902 -826477 -913357 350857
-913357 350857 -118158 -424460
-118158 -424460 952015 -668479
952015 -668479 -551305 -426510
-551305 -426510 390529 558234
390529 558234 685403 760579
685403 760579 -836929 575471
-836929 575471 -577453 -434559
-577453 -434559 -833036 -86134
-833036 -86134 653374 -245596
653374 -245596 -800477 41739
-800477 41739 -466262 457258
-466262 457258 -968858 -477218
-968858 -477218 290808 -227417
290808 -227417 211372 -80881
211372 -80881 -788861 -154816
-788861 -154816 -968644 529165
-968644 529165 -964504 -966821
-964504 -966821 334082 417365
334082 417365 600271 853586
600271 853586 162205 -106460
162205 -106460 228856 177478
228856 177478 724692 419587
724692 419587 649733 -212764
649733 -212764 237506 799756
237506 799756 348037 -227810
348037 -227810 -664318 740433
-664318 740433 -2243 -703822
-2243 -703822 -360778 884015
-360778 884015 -468168 -540508
-468168 -540508 -386385 360473
-386385 360473 906555 247834
906555 247834 -224958 512954
-224958 512954 -92872 -318331
-92872 -318331 -1471 713515
-1471 713515 274304 432815
274304 432815 359521 870583
359521 870583 -384416 657557
-384416 657557 864770 -310222
864770 -310222 670170 -241553
670170 -241553 -79293 -907789
-79293 -907789 801460 -365918
801460 -365918 116596 374740
116596 374740 479299 363040
479299 363040 275731 -871633
275731 -871633 -275899 -718371
-275899 -718371 846731 -85525
846731 -85525 -46352 74773
-46352 74773 -238579 723343
-238579 723343 284613 -422578
284613 -422578 250206 892880
250206 892880 183920 -30632
183920 -30632 -729689 263504
-729689 263504 -254712 -957845
-254712 -957845 -858163 -881417
-858163 -881417 494176 23336
494176 23336 860935 -340978
860935 -340978 909136 -343739
909136 -343739 632116 772877
632116 772877 351886 -491890
351886 -491890 -128352 327780
-128352 327780 -806316 -535104
-806316 -535104 -81658 -730287
-81658 -730287 -234996 473096
-234996 473096 -345011 -69255
-345011 -69255 -590322 882378
-590322 882378 564827 366841
564827 366841 -485781 486506
-485781 486506 -84251 -705477
-84251 -705477 294161 58154
294161 58154 -687991 104594
-687991 104594 -60731 952653
-60731 952653 -745521 950314
-745521 950314 676134 149230
676134 149230 768612 -181997
768612 -181997 51109 -504063
51109 -504063 -519108 748794
-519108 748794 -505427 245543
-505427 245543 -272402 119919
-272402 119919 293169 -237492
293169 -237492 625977 906458
625977 906458 151601 -145146
151601 -145146 -885404 -87801
-885404 -87801 853668 286834
853668 286834 -684815 598762
-684815 598762 -487771 549639
-487771 549639 293222 997907
293222 997907 149949 -978076
149949 -978076 -789353 265600
-789353 265600 -931754 840467
-931754 840467 -195980 571109
-195980 571109 -912913 332120
-912913 332120 -497436 852314
-497436 852314 882918 842397
882918 842397 734001 737674
734001 737674 -474635 116855
-474635 116855 749471 967453
749471 967453 -519415 376960
-519415 376960 -625296 -171865
-625296 -171865 -852500 -171814
-852500 -171814 920471 -760742
920471 -760742 -28184 -165570
-28184 -165570 -561460 -505613
-561460 -505613 -135622 -284298
-135622 -284298 483438 896295
483438 896295 -975805 556367
-975805 556367 183051 -121415
183051 -121415 240764 -40101
240764 -40101 -866157 -898531
-866157 -898531 -118496 -892815
-118496 -892815 49747 -735442
49747 -735442 161054 -717766
161054 -717766 -753694 -340635
-753694 -340635 -436217 -210507
-436217 -210507 -532655 635529
-532655 635529 578558 28382
578558 28382 963419 58820
963419 58820 88575 -56237
88575 -56237 -179210 137116
-179210 137116 -987166 451247
-987166 451247 -133818 416246
-133818 416246 -813194 -9092
-813194 -9092 -12265 73507
-12265 73507 -822108 157072
-822108 157072 -529033 753864
-529033 753864 472887 354803
472887 354803 -473540 -865991
-473540 -865991 539916 -437579
539916 -437579 -642099 3561
-642099 3561 646152 -583772
646152 -583772 -560306 85148
-560306 85148 -505492 -14466
-505492 -14466 774990 274193
774990 274193 -633359 712409
-633359 712409 467533 282736
467533 282736 -870078 -979423
-870078 -979423 656822 612253
656822 612253 480243 935589
480243 935589 195220 779254
195220 779254 611966 -26774
611966 -26774 -514790 190702
-514790 190702 -139659 87609
-139659 87609 663386 -347310
663386 -347310 382433 65512
382433 65512 125573 -281762
125573 -281762 589278 -157460
589278 -157460 655798 -375432
655798 -375432 -200597 360702
-200597 360702 592921 949640
592921 949640 -5772 -662522
-5772 -662522 441747 402614
441747 402614 -380932 -234361
-380932 -234361 784340 484342
784340 484342 856353 -710244
856353 -710244 554871 -788609
554871 -788609 -901286 -759032
-901286 -759032 421688 872795
421688 872795 767531 -556513
767531 -556513 327336 -816919
327336 -816919 -536685 -11710
-536685 -11710 407793 -271039
407793 -271039 737970 633811
737970 633811 -583884 537083
-583884 537083 -495500 -949436
-495500 -949436 503536 62313
503536 62313 459224 701225
459224 701225 67496 -571950
67496 -571950 205637 -963554
205637 -963554 -332742 577481
-332742 577481 -730172 -118960
-730172 -118960 -734536 311528
-734536 311528 -184122 -466160
-184122 -466160 -781822 -747932
-781822 -747932 -276201 -161599
-276201 -161599 -979721 -45264
-979721 -45264 670481 956660
670481 956660 931961 -154190
931961 -154190 -183103 -657926
-183103 -657926 -554818 -14757
-554818 -14757 14836 126527
14836 126527 -820290 290094
-820290 290094 627725 406186
627725 406186 513462 552868
513462 552868 -460023 882017
-460023 882017 -829416 167895
-829416 167895 697468 -333455
697468 -333455 123118 611505
123118 611505 -699082 -617805
-699082 -617805 -941009 185566
-941009 185566 426755 -899419
426755 -899419 701821 -85198
701821 -85198 -835140 578270
-835140 578270 -577530 886925
-577530 886925 -144969 -2914
-144969 -2914 -157853 -49628
-157853 -49628 960389 -537851
960389 -537851 -76082 -888253
-76082 -888253 915462 -610912
915462 -610912 551412 -90867
551412 -90867 -997066 577460
-997066 577460 715412 -306321
715412 -306321 925937 -990551
925937 -990551 -798884 946504
-798884 946504 -573351 -33959
-573351 -33959 -227673 -210483
-227673 -210483 387969 -137651
387969 -137651 -227374 -497071
-227374 -497071 -939725 5191
-939725 5191 -708225 867489
-708225 867489 277636 -633654
277636 -633654 322123 656899
322123 656899 -597560 -541566
-597560 -541566 -526552 -501184
-526552 -501184 -981676 -681091
-981676 -681091 -703021 -674680
-703021 -674680 94798 543929
94798 543929 -344996 262831
-344996 262831 -149149 917262
-149149 917262 -536902 -528935
-536902 -528935 598849 151499
598849 151499 -279607 -447731
-279607 -447731 -417050 -983319
-417050 -983319 585923 -881909
585923 -881909 392421 -85569
392421 -85569 -96085 -20170
-96085 -20170 475566 819214
475566 819214 -345478 -458790
-345478 -458790 -352245 345893
-352245 345893 -134334 -259948
-134334 -259948 -741657 687436
-741657 687436 344199 971524
344199 971524 498809 155153
498809 155153 597291 -119703
597291 -119703 -702883 396172
-702883 396172 819393 9571
819393 9571 251693 -193817
251693 -193817 901849 -662456
901849 -662456 958012 64265
958012 64265 373261 98989
373261 98989 780961 696263
780961 696263 -304478 888400
-304478 888400 125937 677621
125937 677621 437523 -12648
437523 -12648 -780212 -555899
-780212 -555899 -777882 712950
-777882 712950 -360817 -255678
-360817 -255678 816833 604535
816833 604535 503438 391141
503438 391141 -662967 475136
-662967 475136 -553062 948960
-553062 948960 498611 -600130
498611 -600130 -855665 804259
-855665 804259 -160913 -233858
-160913 -233858 110378 439117
110378 439117 -636607 -789255
-636607 -789255 -262432 719255
-262432 719255 160704 126770
160704 126770 590750 -679562
590750 -679562 777196 48660
777196 48660 -447555 -327219
-447555 -327219 452747 -807773
452747 -807773 -885458 578310
-885458 578310 787666 976772
787666 976772 -584233 -411957
-584233 -411957 -736248 -595901
-736248 -595901 -82247 -230645
-82247 -230645 156870 -47526
156870 -47526 656304 -629669
656304 -629669 482128 269352
482128 269352 -442418 688535
-442418 688535 515093 947415
515093 947415 -907682 334181
-907682 334181 891716 -863493
891716 -863493 -540061 867584
-540061 867584 755191 504699
755191 504699 511026 -49741
511026 -49741 -542620 575391
-542620 575391 71397 -251653
71397 -251653 -315460 868395
-315460 868395 969269 173536
969269 173536 167087 916550
167087 916550 861346 -973496
861346 -973496 -851766 936508
-851766 936508 -679737 307112
-679737 307112 -979247 729691
-979247 729691 375374 -846421
375374 -846421 16943 -958927
16943 -958927 542154 -757
542154 -757 587275 542730
587275 542730 -305844 -125347
-305844 -125347 -861866 -993693
-861866 -993693 -418515 19792
-418515 19792 -890930 846140
-890930 846140 -35878 331189
-35878 331189 238360 -371932
238360 -371932 14369 865082
14369 865082 896813 -883575
896813 -883575 188508 -477991
188508 -477991 -599978 -103302
-599978 -103302 8094 555542
8094 555542 -903865 573295
-903865 573295 358634 501618
358634 501618 413437 -383715
413437 -383715 -907600 787577
-907600 787577 -632640 -574885
-632640 -574885 629229 -936238
629229 -936238 760091 -900428
760091 -900428 480962 478254
480962 478254 -41950 572705
-41950 572705 -99402 -779381
-99402 -779381 334417 -319806
334417 -319806 -282700 -696106
-282700 -696106 454258 830326
454258 830326 -98293 -123297
-98293 -123297 786285 -491676
786285 -491676 -416839 587530
-416839 587530 852548 321238
852548 321238 337554 712251
337554 712251 743997 -953312
743997 -953312 -80198 -489340
-80198 -489340 388436 390792
388436 390792 -235698 383249
-235698 383249 -191010 467367
-191010 467367 -742700 587840
-742700 587840 885222 83000
885222 83000 122557 -465396
122557 -465396 -390548 606413
-390548 606413 23976 390432
23976 390432 451113 -659757
451113 -659757 -222462 -601402
-222462 -601402 -168193 440069
-168193 440069 396733 164820
396733 164820 -109360 462823
-109360 462823 184927 -609054
184927 -609054 241983 682440
241983 682440 -405458 982456
-405458 982456 337096 684629
337096 684629 888338 -35818
888338 -35818 -611225 -149538
-611225 -149538 -592619 -794408
-592619 -794408 354531 -543057
354531 -543057 526822 -929765
526822 -929765 -952727 -881421
-952727 -881421 445828 -744365
445828 -744365 952474 966438
952474 966438 -814246 385459
-814246 385459 911873 -549451
911873 -549451 736904 183338
736904 183338 -893402 709082
-893402 709082 329094 896065
329094 896065 768566 -890753
768566 -890753 -638476 -594925
-638476 -594925 593658 420872
593658 420872 362176 667486
362176 667486 -579242 -750950
-579242 -750950 483500 -562793
483500 -562793 907918 293274
907918 293274 463831 -411025
463831 -411025 189436 774955
189436 774955 286934 268029
286934 268029 -635122 957337
-635122 957337 -235844 760058
-235844 760058 972695 18694
972695 18694 -543091 340345
-543091 340345 946308 197159
946308 197159 -289030 301688
-289030 301688 -609035 -663769
-609035 -663769 -565402 522847
-565402 522847 -370321 -913631
-370321 -913631 -856563 -21472
-856563 -21472 -393215 877979
-393215 877979 -604563 416039
-604563 416039 -464276 -789955
-464276 -789955 530901 9093
530901 9093 -986559 418002
-986559 418002 -228133 -453353
-228133 -453353 -217189 -152735
-217189 -152735 402983 544321
402983 544321 868074 473462
868074 473462 -661564 236371
-661564 236371 186048 953758
186048 953758 -393725 -41236
-393725 -41236 876384 739071
876384 739071 -785456 193141
-785456 193141 -489633 455524
-489633 455524 542873 159192
542873 159192 184745 -93486
184745 -93486 718477 -857242
718477 -857242 -533994 794262
-533994 794262 -981184 -788098
-981184 -788098 -183220 885654
-183220 885654 -934582 855562
-934582 855562 -672145 -273278
-672145 -273278 13861 198514
13861 198514 776830 -216814
776830 -216814 892108 319954
892108 319954 -527144 590454
-527144 590454 -768828 629392
-768828 629392 -260258 453347
-260258 453347 -81468 956493
-81468 956493 -802422 -441336
-802422 -441336 -60863 -315751
-60863 -315751 308572 273832
308572 273832 659145 -543346
659145 -543346 -381849 -401201
-381849 -401201 -657814 652681
-657814 652681 -787893 525217
-787893 525217 -811606 -563688
-811606 -563688 -454126 667594
-454126 667594 387938 -390912
387938 -390912 480586 742449
480586 742449 -862784 806879
-862784 806879 589484 -618802
589484 -618802 -277511 -98226
-277511 -98226 -629267 -532706
-629267 -532706 859580 -494860
859580 -494860 -542835 801864
-542835 801864 758990 241148
758990 241148 893490 -814351
893490 -814351 -414070 883338
-414070 883338 -94794 197350
-94794 197350 -895978 -460845
-895978 -460845 -854331 119293
-854331 119293 2392 918816
2392 918816 46845 40436
46845 40436 343826 -598075
343826 -598075 -246500 -48473
-246500 -48473 -461767 564258
-461767 564258 -587179 824895
-587179 824895 327144 -697033
327144 -697033 497661 562720
497661 562720 -217038 361862
-217038 361862 -891573 520641
-891573 520641 668546 -268437
668546 -268437 -584478 -193674
-584478 -193674 808121 994303
808121 994303 841372 -970226
841372 -970226 -800231 -341408
-800231 -341408 56860 620408
56860 620408 -746120 -681997
-746120 -681997 -531616 764182
-531616 764182 565585 -185315
565585 -185315 -140624 -63914
-140624 -63914 -753030 -113300
-753030 -113300 914675 -983631
914675 -983631 212085 726452
212085 726452 -743635 974978
-743635 974978 -645038 257181
-645038 257181 909515 -870490
909515 -870490 -269731 -17667
-269731 -17667 189938 186893
189938 186893 467017 -806535
467017 -806535 323645 671693
323645 671693 -574259 586080
-574259 586080 -470243 725899
-470243 725899 -881768 662007
-881768 662007 150242 218515
150242 218515 914725 389230
914725 389230 458223 -66373
458223 -66373 -9125 80319
-9125 80319 -175190 -871492
-175190 -871492 -791963 -847994
-791963 -847994 906330 -387959
906330 -387959 310678 831003
310678 831003 -950637 -724243
-950637 -724243 794746 492348
794746 492348 521214 63320
521214 63320 630916 -760998
630916 -760998 395305 234598
395305 234598 718466 -182268
718466 -182268 185695 889872
185695 889872 459863 -496893
459863 -496893 -700793 728203
-700793 728203 -38984 752974
-38984 752974 776778 863702
776778 863702 469972 21043
469972 21043 316846 100933
316846 100933 823886 -671529
823886 -671529 -93282 814373
-93282 814373 174669 276963
174669 276963 -330451 863888
-330451 863888 679596 -124970
679596 -124970 975686 -763067
975686 -763067 -206698 898820
-206698 898820 207973 729168
207973 729168 766726 819826
766726 819826 83411 64701
83411 64701 -124265 -219042
-124265 -219042 826052 -708123
826052 -708123 403579 -67359
403579 -67359 376420 -405259
376420 -405259 478942 -322252
478942 -322252 290558 -899061
290558 -899061 -907366 -167004
-907366 -167004 526462 -803292
526462 -803292 169533 253187
169533 253187 -267077 -360681
-267077 -360681 358534 -837434
358534 -837434 -872114 497323
-872114 497323 -75049 -480469
-75049 -480469 -106824 631721
-106824 631721 353976 855157
353976 855157 -497682 -790862
-497682 -790862 63046 239161
63046 239161 -953216 -767665
-953216 -767665 -121482 -124506
-121482 -124506 222361 -792745
222361 -792745 727531 784587
727531 784587 -130388 -302521
-130388 -302521 -80243 -487149
-80243 -487149 -195105 699880
-195105 699880 93619 337310
93619 337310 279328 324913
279328 324913 -436735 -538761
-436735 -538761 457478 -326467
457478 -326467 -129045 179039
-129045 179039 -354062 -446053
-354062 -446053 648955 263444
648955 263444 -751218 -445112
-751218 -445112 599916 -51173
599916 -51173 -143063 985759
-143063 985759 879503 91499
879503 91499 -670170 894572
-670170 894572 -226874 -149452
-226874 -149452 -783861 -298147
-783861 -298147 114361 671072
114361 671072 799192 -804278
799192 -804278 179156 -454293
179156 -454293 607465 917090
607465 917090 -585583 164294
-585583 164294 -506645 120460
-506645 120460 -101394 -628472
-101394 -628472 197444 709065
197444 709065 959762 19893
959762 19893 705930 -788994
705930 -788994 -824437 796230
-824437 796230 556479 998175
556479 998175 64817 783894
64817 783894 437627 -759180
437627 -759180 -101011 279918
-101011 279918 -128495 -817810
-128495 -817810 -301185 -930927
-301185 -930927 -671689 840238
-671689 840238 -582362 939783
-582362 939783 -276567 -284605
-276567 -284605 826628 279074
826628 279074 978893 -949688
978893 -949688 -752399 500485
-752399 500485 -482153 134789
-482153 134789 402946 -764663
402946 -764663 -301790 350819
-301790 350819 -955422 -95410
-955422 -95410 355063 -719079
355063 -719079 -218958 295282
-218958 295282 -164025 751247
-164025 751247 -135538 402871
-135538 402871 133908 768138
133908 768138 -750729 -112535
-750729 -112535 -380971 823665
-380971 823665 -562699 55299
-562699 55299 -579851 -3259
-579851 -3259 -887296 430609
-887296 430609 -585470 -862446
-585470 -862446 -690032 -314358
-690032 -314358 -700706 -415730
-700706 -415730 892286 471184
892286 471184 -339388 564072
-339388 564072 906833 54393
906833 54393 -943037 -275603
-943037 -275603 -962775 -71146
-962775 -71146 -320309 458914
-320309 458914 -704695 -833304
-704695 -833304 -520613 462877
-520613 462877 109096 855066
109096 855066 412742 851359
412742 851359 -238547 554251
-238547 554251 12198 -725895
12198 -725895 463932 -913374
463932 -913374 364903 -609769
364903 -609769 -636374 75026
-636374 75026 -559367 551426
-559367 551426 -324800 349893
-324800 349893 -193535 957847
-193535 957847 930377 837514
930377 837514 -254847 -574646
-254847 -574646 360570 385072
360570 385072 -424652 -546137
-424652 -546137 766667 -933421
766667 -933421 347759 716032
347759 716032 191660 -404524
191660 -404524 -489634 50521
-489634 50521 44772 -641014
44772 -641014 -147441 363835
-147441 363835 472707 571695
472707 571695 405565 191319
405565 191319 601558 81083
601558 81083 758980 111398
758980 111398 -713791 871208
-713791 871208 424334 -262881
424334 -262881 45420 544039
45420 544039 -467794 667256
-467794 667256 494080 -914680
494080 -914680 999184 -500271
999184 -500271 261788 -727754
261788 -727754 -842876 979744
-842876 979744 24304 962439
24304 962439 -815515 946182
-815515 946182 -764812 -839262
-764812 -839262 -157930 263466
-157930 263466 474919 878509
474919 878509 -58395 -463817
-58395 -463817 713687 -415726
713687 -415726 -402099 867295
-402099 867295 -964622 -109548
-964622 -109548 338548 498375
338548 498375 474066 198474
474066 198474 -99926 -111755
-99926 -111755 12737 556150
12737 556150 -362827 394462
-362827 394462 491019 226226
491019 226226 886862 32286
886862 32286 996007 -210434
996007 -210434 -803286 229972
-803286 229972 -714798 789951
-714798 789951 -187019 932057
-187019 932057 808652 -197085
808652 -197085 523187 -961971
523187 -961971 115769 -101348
115769 -101348 -436518 -142938
-436518 -142938 -374850 -429486
-374850 -429486 205951 272222
205951 272222 -622576 -717054
-622576 -717054 -605511 -44539
-605511 -44539 -934640 -224607
-934640 -224607 91478 50463
91478 50463 689212 712395
689212 712395 -264459 -724738
-264459 -724738 898495 764768
898495 764768 -8129 -906138
-8129 -906138 778777 185853
778777 185853 738463 141073
738463 141073 750167 -76227
750167 -76227 707375 960259
707375 960259 -328780 675994
-328780 675994 998749 696598
998749 696598 680297 -795899
680297 -795899 -660407 45640
-660407 45640 146699 273178
146699 273178 613900 227662
613900 227662 448133 -657502
448133 -657502 -592686 -702108
-592686 -702108 -840135 658898
-840135 658898 248512 -214207
248512 -214207 -498772 -403945
-498772 -403945 854469 340069
854469 340069 -544238 -816583
-544238 -816583 -241181 958369
-241181 958369 25344 634710
25344 634710 738105 -567792
738105 -567792 774095 -637102
774095 -637102 621143 970292
621143 970292 566090 -827576
566090 -827576 484678 375430
484678 375430 343229 -926600
343229 -926600 -680769 942274
-680769 942274 -699675 -426286
-699675 -426286 -368125 -27502
-368125 -27502 180480 203938
180480 203938 56112 -637351
56112 -637351 496262 142465
496262 142465 991001 -972388
991001 -972388 -636083 713987
-636083 713987 -8203 -797527
-8203 -797527 -776536 -2757
-776536 -2757 844063 731610
844063 731610 -516595 -45656
-516595 -45656 -760763 -127748
-760763 -127748 56919 825637
56919 825637 507717 723587
507717 723587 91951 -688085
91951 -688085 859880 -360197
859880 -360197 -617333 23982
-617333 23982 -238248 -632939
-238248 -632939 235915 -465299
235915 -465299 54761 -86168
54761 -86168 987408 963184
987408 963184 -890899 -472866
-890899 -472866 329616 -232681
329616 -232681 297021 -441039
297021 -441039 -522186 256329
-522186 256329 909317 -534276
909317 -534276 438002 -175004
438002 -175004 919049 937273
919049 937273 -715462 -36862
-715462 -36862 134259 879438
134259 879438 -160902 102706
-160902 102706 229067 -161306
229067 -161306 944390 884665
944390 884665 -256070 316246
-256070 316246 -257404 -80388
-257404 -80388 530992 855428
530992 855428 -65232 106968
-65232 106968 282015 578654
282015 578654 -738431 460097
-738431 460097 481897 -142067
481897 -142067 -652448 448529
-652448 448529 -878730 328382
-878730 328382 -554243 660039
-554243 660039 -60961 -735998
-60961 -735998 630568 -256647
630568 -256647 608762 -265210
608762 -265210 -833926 -811187
-833926 -811187 -435590 -147530
-435590 -147530 696086 501697
696086 501697 16888 124686
16888 124686 -721548 333132
-721548 333132 -93813 53458
-93813 53458 -498581 -302251
-498581 -302251 217237 218793
217237 218793 1109 -611618
1109 -611618 -508698 494152
-508698 494152 600342 -572487
600342 -572487 -809857 -931180
-809857 -931180 -422674 -223079
-422674 -223079 94783 794427
94783 794427 -337379 166568
-337379 166568 -613461 914900
-613461 914900 652979 -985550
652979 -985550 -364063 -983474
-364063 -983474 -246130 32235
-246130 32235 633848 454628
633848 454628 404132 405037
404132 405037 -745675 -404427
-745675 -404427 300401 -273509
300401 -273509 868864 638997
868864 638997 -907643 -330742
-907643 -330742 685231 198176
685231 198176 477783 -121089
477783 -121089 -107776 -513461
-107776 -513461 -93959 -506617
-93959 -506617 186953 -925642
186953 -925642 836724 426203
836724 426203 845753 26769
845753 26769 -154547 -162818
-154547 -162818 805246 579531
805246 579531 -77038 -223433
-77038 -223433 259426 -188749
259426 -188749 367808 941759
367808 941759 387076 -760870
387076 -760870 -458003 95648
-458003 95648 549089 616150
549089 616150 381120 -720311
381120 -720311 900260 221310
900260 221310 -434369 647214
-434369 647214 -685138 -458864
-685138 -458864 566496 -269422
566496 -269422 316650 -434225
316650 -434225 -86153 -951541
-86153 -951541 -914127 -201776
-914127 -201776 972848 -907092
972848 -907092 -697840 -594419
-697840 -594419 -746250 -974092
-746250 -974092 282089 -156371
282089 -156371 -743502 703667
-743502 703667 734404 406793
734404 406793 561750 -964288
561750 -964288 924175 -685050
924175 -685050 -788820 -464860
-788820 -464860 904487 -890111
904487 -890111 -126248 710007
-126248 710007 66456 326799
66456 326799 11529 520694
11529 520694 856248 -533212
856248 -533212 705587 99302
705587 99302 836020 846678
836020 846678 584064 -608315
584064 -608315 290101 -639272
290101 -639272 -559169 -578881
-559169 -578881 -614978 -760034
-614978 -760034 113117 -168668
113117 -168668 -49731 -321744
-49731 -321744 270188 -313066
270188 -313066 -317700 59900
-317700 59900 906075 -847073
906075 -847073 697030 722787
697030 722787 -378863 229169
-378863 229169 230469 -95972
230469 -95972 -204786 -914922
-204786 -914922 -749237 -942226
-749237 -942226 824756 606043
824756 606043 334546 479286
334546 479286 -122873 125099
-122873 125099 -828902 37501
-828902 37501 701545 -111934
701545 -111934 -777054 -404706
-777054 -404706 502443 -40145
502443 -40145 552069 -987872
552069 -987872 -373203 -423864
-373203 -423864 443649 -264394
443649 -264394 -233956 116250
-233956 116250 -844244 -923348
-844244 -923348 137826 -345620
137826 -345620 -397577 -24429
-397577 -24429 -717624 907197
-717624 907197 -438287 -117864
-438287 -117864 341138 323799
341138 323799 -79992 814156
-79992 814156 -156122 260276
-156122 260276 525746 724419
525746 724419 506632 564240
506632 564240 -440168 162402
-440168 162402 -26550 -28262
-26550 -28262 -5420 943741
-5420 943741 758342 -688042
758342 -688042 -827000 -175822
-827000 -175822 940365 -128222
940365 -128222 478570 727544
478570 727544 -47194 691696
-47194 691696 -634412 520363
-634412 520363 99391 187840
99391 187840 -878551 88873
-878551 88873 -97876 -153200
-97876 -153200 362715 751652
362715 751652 761114 -129871
761114 -129871 759508 -814675
759508 -814675 408829 -865503
408829 -865503 795627 -497726
795627 -497726 791156 -208116
791156 -208116 715430 -556947
715430 -556947 -815934 -724420
-815934 -724420 449568 374589
449568 374589 197155 344038
197155 344038 986261 824057
986261 824057 -540124 -325497
-540124 -325497 -724459 -414013
-724459 -414013 -528289 972508
-528289 972508 -969874 -98209
-969874 -98209 -433950 -133822
-433950 -133822 554057 -399038
554057 -399038 -202225 815035
-202225 815035 -687711 982167
-687711 982167 -114955 916429
-114955 916429 993605 7504
993605 7504 -934355 -481213
-934355 -481213 754000 -245253
754000 -245253 -880722 -713733
-880722 -713733 641597 917586
641597 917586 666554 711515
666554 711515 -952278 -907256
-952278 -907256 251526 -221170
251526 -221170 -978053 947190
-978053 947190 20691 255472
20691 255472 -330429 165928
-330429 165928 -756609 284543
-756609 284543 986316 192212
986316 192212 -165709 557367
-165709 557367 -638646 941464
-638646 941464 -820595 539467
-820595 539467 -260735 407197
-260735 407197 842718 776853
842718 776853 -857232 -137866
-857232 -137866 800267 941867
800267 941867 412033 19064
412033 19064 777738 -447029
777738 -447029 397692 175976
397692 175976 736245 324122
736245 324122 475085 327364
475085 327364 769619 520857
769619 520857 -277653 -905806
-277653 -905806 46900 -495635
46900 -495635 -412616 -724917
-412616 -724917 -747479 121011
-747479 121011 -90878 -832019
-90878 -832019 -999674 468046
-999674 468046 125355 242257
125355 242257 -544992 667769
-544992 667769 594359 927526
594359 927526 -584968 -269466
-584968 -269466 -484694 -337445
-484694 -337445 30400 647899
30400 647899 -461671 977984
-461671 977984 640009 -874755
640009 -874755 -823112 977917
-823112 977917 -168695 -629910
-168695 -629910 -570194 469209
-570194 469209 263588 -468072
263588 -468072 -829214 -675991
-829214 -675991 -64094 961793
-64094 961793 721102 -607651
721102 -607651 -972963 -352797
-972963 -352797 158702 700467
158702 700467 993988 -40527
993988 -40527 -92964 867348
-92964 867348 304427 888330
304427 888330 403830 817610
403830 817610 123751 -100959
123751 -100959 -31820 991899
-31820 991899 159123 281805
159123 281805 845228 593473
845228 593473 687564 -577761
687564 -577761 -506332 -153712
-506332 -153712 485526 -699057
485526 -699057 26575 784544
26575 784544 -467573 445572
-467573 445572 -651482 855208
-651482 855208 953326 357858
953326 357858 -708047 669042
-708047 669042 511255 -626746
511255 -626746 -769117 543617
-769117 543617 -572692 -21959
-572692 -21959 532247 708558
532247 708558 -419485 405121
-419485 405121 345890 964116
345890 964116 -705036 -321918
-705036 -321918 -418883 777670
-418883 777670 -397823 797768
-397823 797768 866372 517522
866372 517522 -580614 18336
-580614 18336 -692015 -237223
-692015 -237223 1291 99892
1291 99892 -274750 721409
-274750 721409 -357906 -65253
-357906 -65253 51610 659562
51610 659562 942704 -328630
942704 -328630 90123 32757
90123 32757 606305 148830
606305 148830 109297 -814157
109297 -814157 470315 616209
470315 616209 -595381 -793054
-595381 -793054 830438 228741
830438 228741 582568 -342903
582568 -342903 605618 755911
605618 755911 588519 -62054
588519 -62054 943653 -774286
943653 -774286 -466617 392456
-466617 392456 155932 -141512
155932 -141512 388456 -358626
388456 -358626 827704 634088
827704 634088 -130175 909867
-130175 909867 572273 152096
572273 152096 659506 -809501
659506 -809501 -365871 -625008
-365871 -625008 -291686 571783
-291686 571783 -414219 -870443
-414219 -870443 -331644 -46409
-331644 -46409 704511 543148
704511 543148 -500513 -907672
-500513 -907672 -317425 405016
-317425 405016 -809410 -177199
-809410 -177199 -767441 -999864
-767441 -999864 248879 -867460
248879 -867460 803358 831629
803358 831629 -717030 871690
-717030 871690 784637 -871682
784637 -871682 -729441 649921
-729441 649921 -859665 710279
-859665 710279 -318208 893400
-318208 893400 506425 813940
506425 813940 -571632 904137
-571632 904137 456344 183023
456344 183023 -448366 158403
-448366 158403 -217133 805343
-217133 805343 -80514 731717
-80514 731717 -927030 -178831
-927030 -178831 314368 -414259
314368 -414259 611342 181732
611342 181732 -946572 -827536
-946572 -827536 840123 358092
840123 358092 -188600 345338
-188600 345338 -710315 344962
-710315 344962 -301074 987853
-301074 987853 566495 -757873
566495 -757873 630293 -272582
630293 -272582 205627 983911
205627 983911 -888564 -163714
-888564 -163714 -518966 36941
-518966 36941 996941 580924
996941 580924 81433 -838288
81433 -838288 -472261 378986
-472261 378986 -170954 407894
-170954 407894 337605 -613631
337605 -613631 312844 288756
312844 288756 425575 418616
425575 418616 785753 -196891
785753 -196891 65692 203006
65692 203006 893423 900765
893423 900765 -14866 -995501
-14866 -995501 -875305 523195
-875305 523195 -694511 882591
-694511 882591 -887656 -980990
-887656 -980990 -132143 449852
-132143 449852 -296230 732793
-296230 732793 -713227 432289
-713227 432289 397163 194143
397163 194143 119123 973684
119123 973684 -531738 221369
-531738 221369 192506 221439
192506 221439 -92440 133189
-92440 133189 -620475 612380
-620475 612380 -941067 -791986
-941067 -791986 768509 282336
768509 282336 156329 933509
156329 933509 618833 921382
618833 921382 -229994 -825537
-229994 -825537 344128 -890418
344128 -890418 -505429 646602
-505429 646602 752485 -987493
752485 -987493 859251 -113172
859251 -113172 136726 18071
136726 18071 -618504 -827479
-618504 -827479 698278 -287281
698278 -287281 934151 489377
934151 489377 233719 -616721
233719 -616721 -964279 482913
-964279 482913 187295 853782
187295 853782 703088 421714
703088 421714 -624782 64103
-624782 64103 -537373 -979973
-537373 -979973 566000 -141103
566000 -141103 -79881 -655741
-79881 -655741 621594 -576310
621594 -576310 122617 -253659
122617 -253659 761468 439479
761468 439479 198587 -103570
198587 -103570 57675 -574436
57675 -574436 394275 -527118
394275 -527118 508459 -921774
508459 -921774 -778620 570465
-778620 570465 -824729 -849323
-824729 -849323 -843003 812928
-843003 812928 346517 -886936
346517 -886936 -171197 -964039
-171197 -964039 -400008 122476
-400008 122476 -82612 -544574
-82612 -544574 538589 389688
538589 389688 -29200 268968
-29200 268968 495310 -541237
495310 -541237 400821 614010
400821 614010 -98818 -696466
-98818 -696466 -33276 649589
-33276 649589 -122025 -945889
-122025 -945889 -253790 271320
-253790 271320 -176111 -551662
-176111 -551662 464506 414528
464506 414528 66340 782556
66340 782556 -673058 -18595
-673058 -18595 -176216 751088
-176216 751088 210683 -25675
210683 -25675 -200607 -171915
-200607 -171915 -142511 -900924
-142511 -900924 982077 344902
982077 344902 429465 94585
429465 94585 -282776 749485
-282776 749485 -624271 131462
-624271 131462 -278321 -659432
-278321 -659432 -309718 -754002
-309718 -754002 -653809 810297
-653809 810297 490213 -924401
490213 -924401 409941 211571
409941 211571 -393989 127763
-393989 127763 261629 -538671
261629 -538671 -36891 142456
-36891 142456 -338980 633088
-338980 633088 -503161 738998
-503161 738998 412083 -902125
412083 -902125 111386 126891
111386 126891 326129 -599251
326129 -599251 619136 734413
619136 734413 566581 173656
566581 173656 -966167 -696720
-966167 -696720 -738774 -383986
-738774 -383986 516485 -881173
516485 -881173 -552630 -710275
-552630 -710275 -494654 -731540
-494654 -731540 326935 836389
326935 836389 723979 339710
723979 339710 277300 -157288
277300 -157288 -865649 -905505
-865649 -905505 -684925 973099
-684925 973099 -652532 554418
-652532 554418 -268584 -508966
-268584 -508966 955366 390960
955366 390960 503601 -815861
503601 -815861 995549 -782358
995549 -782358 -890774 -723600
-890774 -723600 371648 827586
371648 827586 436126 -245990
436126 -245990 609546 -64374
609546 -64374 -31573 -374263
-31573 -374263 922271 68882
922271 68882 369256 686070
369256 686070 -205216 -610047
-205216 -610047 -897647 759293
-897647 759293 602738 657564
602738 657564 286516 -333446
286516 -333446 -580884 85299
-580884 85299 -229361 -589749
-229361 -589749 913354 -980331
913354 -980331 -179716 35932
-179716 35932 623454 688450
623454 688450 186540 -229320
186540 -229320 847407 395141
847407 395141 -702883 -884893
-702883 -884893 -585444 375490
-585444 375490 -479638 70518
-479638 70518 -976676 899675
-976676 899675 -781314 860004
-781314 860004 51932 -308435
51932 -308435 -1695 -260263
-1695 -260263 856037 137589
856037 137589 -675768 -588217
-675768 -588217 -114343 822633
-114343 822633 399539 -58979
399539 -58979 87888 -405208
87888 -405208 -115653 -571098
-115653 -571098 86564 810454
86564 810454 227969 -567175
227969 -567175 -89604 -751281
-89604 -751281 -982613 816150
-982613 816150 889378 -494642
889378 -494642 -680773 -500249
-680773 -500249 393317 -95616
393317 -95616 -347103 -535591
-347103 -535591 -571089 -879124
-571089 -879124 529855 -822399
529855 -822399 -733907 748686
-733907 748686 -772900 -630898
-772900 -630898 90507 -624291
90507 -624291 -892788 144910
-892788 144910 342793 -735775
342793 -735775 489319 -57706
489319 -57706 -98800 46008
-98800 46008 634427 -634133
634427 -634133 -79578 -999862
-79578 -999862 -411149 -282569
-411149 -282569 557165 -346624
557165 -346624 -668601 -290470
-668601 -290470 26302 -342625
26302 -342625 -438481 -130425
-438481 -130425 -487477 -963422
-487477 -963422 -755028 149193
-755028 149193 -123253 35188
-123253 35188 48592 -112405
48592 -112405 -838429 -416263
-838429 -416263 919999 137538
919999 137538 359729 -317586
359729 -317586 -736801 -588869
-736801 -588869 955557 -78453
955557 -78453 88181 127235
88181 127235 -792706 -334205
-792706 -334205 -653070 478519
-653070 478519 -308574 984958
-308574 984958 -99695 -175430
-99695 -175430 -841612 -929356
-841612 -929356 -418304 -475407
-418304 -475407 660385 429082
660385 429082 60021 857754
60021 857754 73682 440672
73682 440672 978967 -177780
978967 -177780 -728787 -898168
-728787 -898168 -571471 -715307
-571471 -715307 809630 -901311
809630 -901311 400716 693105
400716 693105 -743990 -605529
-743990 -605529 894080 -293782
894080 -293782 472315 439261
472315 439261 70615 -98311
70615 -98311 919941 428399
919941 428399 901399 -310926
901399 -310926 557209 103158
557209 103158 -831112 128173
-831112 128173 315176 100552
315176 100552 -14621 609816
-14621 609816 904493 -826198
904493 -826198 787237 -317455
787237 -317455 -331022 -983278
-331022 -983278 -559543 205189
-559543 205189 -508124 -215029
-508124 -215029 54677 955404
54677 955404 -150002 -789606
-150002 -789606 -789438 -933136
-789438 -933136 772147 207175
772147 207175 6219 6694
6219 6694 -397892 -55769
-397892 -55769 -238132 -300312
-238132 -300312 759610 -488264
759610 -488264 -752526 -540120
-752526 -540120 122675 -453628
122675 -453628 -209240 531280
-209240 531280 433054 -650591
433054 -650591 922816 -387424
922816 -387424 744756 -972936
744756 -972936 770265 -387260
770265 -387260 -743315 740396
-743315 740396 -912735 149192
-912735 149192 -682069 -849661
-682069 -849661 -925182 652796
-925182 652796 914903 -177276
914903 -177276 -93669 709614
-93669 709614 -837775 -891207
-837775 -891207 92924 -167219
92924 -167219 -670845 -301211
-670845 -301211 632699 19637
632699 19637 -971638 -822392
-971638 -822392 -913943 228215
-913943 228215 -623598 -341646
-623598 -341646 810436 39130
810436 39130 838354 956034
838354 956034 626482 -413455
626482 -413455 152586 -548751
152586 -548751 109836 -305817
109836 -305817 277350 -725767
277350 -725767 -926501 -7306
-926501 -7306 665442 -318791
665442 -318791 -366584 -481906
-366584 -481906 19548 661159
19548 661159 387292 -417535
387292 -417535 -149748 565019
-149748 565019 237057 -113662
237057 -113662 -941693 541557
-941693 541557 -374828 542943
