1
2000
-673210 591972 -8659 998982
-8659 998982 810353 913802
810353 913802 582385 -991731
582385 -991731 -868125 652341
-868125 652341 -799277 455887
-799277 455887 -121126 944672
-121126 944672 -897991 -853041
-897991 -853041 61591 -849440
61591 -849440 -319637 564791
-319637 564791 43773 -897520
43773 -897520 608226 630043
608226 630043 765923 383124
765923 383124 525357 -52678
525357 -52678 -238456 15702
-238456 15702 335917 763515
335917 763515 -281149 -879060
-281149 -879060 743883 281728
743883 281728 -13229 227664
-13229 227664 -545980 -613871
-545980 -613871 22597 13002
22597 13002 -403074 -318002
-403074 -318002 580002 -807423
580002 -807423 -542453 342380
-542453 342380 960968 586952
960968 586952 944835 -893464
944835 -893464 425746 455189
425746 455189 -406362 266874
-406362 266874 510904 -350578
510904 -350578 -514904 -721280
-514904 -721280 148790 -226927
148790 -226927 193890 595913
193890 595913 -587243 655650
-587243 655650 -223129 863135
-223129 863135 627224 -62284
627224 -62284 608699 255650
608699 255650 169856 552095
169856 552095 -417627 425668
-417627 425668 646255 954389
646255 954389 662973 485885
662973 485885 -12635 310513
-12635 310513 -125270 -594546
-125270 -594546 -798836 -766031
-798836 -766031 436747 -538107
436747 -538107 949447 294112
949447 294112 -102773 323617
-102773 323617 -471036 -671350
-471036 -671350 937688 -91777
937688 -91777 100535 485160
100535 485160 393974 -476154
393974 -476154 -373505 -593157
-373505 -593157 924393 -346750
924393 -346750 -450113 27778
-450113 27778 913186 -991716
913186 -991716 922046 -948593
922046 -948593 -892097 381000
-892097 381000 363162 -344904
363162 -344904 242147 347947
242147 347947 -894250 862396
-894250 862396 215788 786941
215788 786941 987038 83488
987038 83488 218145 385201
218145 385201 -278882 -528751
-278882 -528751 -326283 -290902
-326283 -290902 873395 52492
873395 52492 -630755 852872
-630755 852872 759181 -662698
759181 -662698 -810516 696484
-810516 696484 331365 237226
331365 237226 -766445 516946
-766445 516946 916080 303250
916080 303250 785732 815197
785732 815197 -766318 880621
-766318 880621 -821277 -324802
-821277 -324802 795180 950128
795180 950128 525085 448012
525085 448012 -724553 327915
-724553 327915 -903926 -117756
-903926 -117756 453700 -548664
453700 -548664 291423 -565771
291423 -565771 200688 300866
200688 300866 282724 -131202
282724 -131202 554146 -271122
554146 -271122 809414 -491108
809414 -491108 430006 175685
430006 175685 115298 962838
115298 962838 -73344 581966
-73344 581966 -382114 -150630
-382114 -150630 843429 812270
843429 812270 285500 343733
285500 343733 -981708 -560432
-981708 -560432 -571568 107953
-571568 107953 107693 39987
107693 39987 198028 443794
198028 443794 655768 -153992
655768 -153992 178991 623635
178991 623635 341317 893741
341317 893741 239197 2066
239197 2066 -892501 937049
-892501 937049 755058 778827
755058 778827 -454559 -95961
-454559 -95961 -633232 -556563
-633232 -556563 -826637 -441243
-826637 -441243 799019 710353
799019 710353 993460 720717
993460 720717 724426 195872
724426 195872 -539782 697901
-539782 697901 -48721 -854396
-48721 -854396 -226482 -923187
-226482 -923187 -795241 -372919
-795241 -372919 -755130 -791109
-755130 -791109 -799513 203246
-799513 203246 -38404 -818693
-38404 -818693 -964473 512445
-964473 512445 906165 583075
906165 583075 515178 -548720
515178 -548720 -475903 922209
-475903 922209 670725 489468
670725 489468 -229120 557894
-229120 557894 -956694 -82277
-956694 -82277 -42222 929333
-42222 929333 265652 -671766
265652 -671766 -977528 -619923
-977528 -619923 275069 -140091
275069 -140091 988652 -269662
988652 -269662 215549 -855703
215549 -855703 995251 -719235
995251 -719235 270373 311799
270373 311799 -807701 -672702
-807701 -672702 -184173 406134
-184173 406134 82184 -754450
82184 -754450 -137414 617828
-137414 617828 720331 69333
720331 69333 92797 446512
92797 446512 -850945 122946
-850945 122946 -951227 -652775
-951227 -652775 582691 -275694
582691 -275694 -340660 -816543
-340660 -816543 363915 -683102
363915 -683102 -500395 -800425
-500395 -800425 -404566 -122400
-404566 -122400 -538099 -936296
-538099 -936296 -603361 115741
-603361 115741 -792916 -79465
-792916 -79465 543186 970354
543186 970354 -622651 -442578
-622651 -442578 380420 931403
380420 931403 -907715 -691533
-907715 -691533 289118 -654962
289118 -654962 878737 445857
878737 445857 701688 -321717
701688 -321717 -734031 439004
-734031 439004 437688 -401260
437688 -401260 -546991 -99842
-546991 -99842 -282042 -826145
-282042 -826145 455049 538565
455049 538565 993716 -226704
993716 -226704 -452338 -644723
-452338 -644723 644009 -88622
644009 -88622 -474379 972951
-474379 972951 307363 -825960
307363 -825960 -621255 845237
-621255 845237 -210054 758451
-210054 758451 823447 384857
823447 384857 91451 146287
91451 146287 -190177 -766985
-190177 -766985 -480486 -137333
-480486 -137333 843488 403865
843488 403865 -219389 -80723
-219389 -80723 93726 110634
93726 110634 -389970 365308
-389970 365308 466777 263818
466777 263818 -701190 366301
-701190 366301 209737 -88040
209737 -88040 59124 -508024
59124 -508024 -887497 543249
-887497 543249 -804778 283678
-804778 283678 611112 -387754
611112 -387754 -90600 -142432
-90600 -142432 -403647 -178008
-403647 -178008 277797 -792429
277797 -792429 -54817 754936
-54817 754936 -849014 -105495
-849014 -105495 -333420 -683885
-333420 -683885 366585 -961324
366585 -961324 -199602 -332760
-199602 -332760 -988329 -470376
-988329 -470376 396962 162520
396962 162520 -555629 -56826
-555629 -56826 820749 529050
820749 529050 683440 901457
683440 901457 909894 317590
909894 317590 746089 -139562
746089 -139562 -348326 915980
-348326 915980 137021 -402466
137021 -402466 663898 74290
663898 74290 224104 362747
224104 362747 181866 590079
181866 590079 -683040 274282
-683040 274282 -179591 -205221
-179591 -205221 -114202 716077
-114202 716077 -372426 996128
-372426 996128 646851 -484654
646851 -484654 -232153 838610
-232153 838610 40825 885111
40825 885111 -664331 742102
-664331 742102 163085 45567
163085 45567 140153 732086
140153 732086 602445 788741
602445 788741 166202 -836480
166202 -836480 -376885 -247923
-376885 -247923 -717080 -300114
-717080 -300114 -446469 913832
-446469 913832 662238 -918327
662238 -918327 -444115 -102444
-444115 -102444 -422448 -658710
-422448 -658710 -647562 -27044
-647562 -27044 -832974 514206
-832974 514206 188897 -537427
188897 -537427 307598 53564
307598 53564 -111957 887373
-111957 887373 -627163 485970
-627163 485970 -993859 -746774
-993859 -746774 -334788 652275
-334788 652275 462245 -985928
462245 -985928 -193824 -721496
-193824 -721496 -659915 -94689
-659915 -94689 -289525 -683485
-289525 -683485 -753928 183746
-753928 183746 -794124 -843433
-794124 -843433 570372 76999
570372 76999 222794 883718
222794 883718 850570 720648
850570 720648 -386108 -535961
-386108 -535961 475444 -52099
475444 -52099 -239783 792422
-239783 792422 -636390 -360728
-636390 -360728 -930167 862300
-930167 862300 337005 795376
337005 795376 825383 -809140
825383 -809140 8246 780300
8246 780300 762447 -704183
762447 -704183 958424 -306109
958424 -306109 152796 -541456
152796 -541456 936924 16242
936924 16242 -763483 416856
-763483 416856 968842 -174518
968842 -174518 786287 770981
786287 770981 -893043 759168
-893043 759168 -835245 -838120
-835245 -838120 -576889 -543072
-576889 -543072 887909 -890352
887909 -890352 -679223 -133533
-679223 -133533 -293767 409534
-293767 409534 -469699 593428
-469699 593428 -768223 -669286
-768223 -669286 -259743 -30665
-259743 -30665 586869 -885600
586869 -885600 -573341 -413380
-573341 -413380 -60318 159620
-60318 159620 -501697 -280038
-501697 -280038 45180 757833
45180 757833 -392519 -359781
-392519 -359781 995570 642283
995570 642283 -402077 -441321
-402077 -441321 758718 -424894
758718 -424894 534404 45907
534404 45907 754672 76195
754672 76195 -771561 -673004
-771561 -673004 -167833 -381529
-167833 -381529 -307553 -43115
-307553 -43115 935579 636259
935579 636259 549898 -462136
549898 -462136 -913426 734048
-913426 734048 51961 812600
51961 812600 -384234 446736
-384234 446736 363562 -959778
363562 -959778 38139 615220
38139 615220 -632188 -148727
-632188 -148727 -452696 -610164
-452696 -610164 -259454 -165827
-259454 -165827 -395189 -328672
-395189 -328672 -989455 974808
-989455 974808 325966 -785917
325966 -785917 -948692 -174516
-948692 -174516 392770 -149643
392770 -149643 -239969 725185
-239969 725185 754278 -170700
754278 -170700 -20515 16652
-20515 16652 823735 -512877
823735 -512877 -342839 109055
-342839 109055 892112 333798
892112 333798 446454 -202369
446454 -202369 454030 945098
454030 945098 567095 12395
567095 12395 -22757 149622
-22757 149622 666395 95239
666395 95239 39280 -144585
39280 -144585 -172253 347800
-172253 347800 36283 318617
36283 318617 34216 -110182
34216 -110182 -57747 41986
-57747 41986 -716477 929944
-716477 929944 366176 -1179
366176 -1179 -434401 -240100
-434401 -240100 545439 648116
545439 648116 647653 264186
647653 264186 501332 89524
501332 89524 -317190 -740022
-317190 -740022 832087 930818
832087 930818 503493 -180876
503493 -180876 820234 12817
820234 12817 -426484 850152
-426484 850152 751252 -546987
751252 -546987 383050 -725311
383050 -725311 -893025 385649
-893025 385649 630110 -889755
630110 -889755 668407 999085
668407 999085 80691 621823
80691 621823 176404 286402
176404 286402 22191 -231855
22191 -231855 -800844 57225
-800844 57225 832143 -917439
832143 -917439 -256635 -922072
-256635 -922072 451801 -859964
451801 -859964 -293878 -317287
-293878 -317287 -297446 -285395
-297446 -285395 222760 832964
222760 832964 922453 -765354
922453 -765354 -483618 655329
-483618 655329 299638 50432
299638 50432 -500872 -158079
-500872 -158079 -911137 -954228
-911137 -954228 804623 -858710
804623 -858710 -188759 194986
-188759 194986 17409 -845260
17409 -845260 -922471 549320
-922471 549320 -349754 -50744
-349754 -50744 -621318 -706896
-621318 -706896 238979 787807
238979 787807 159895 -592276
159895 -592276 701978 442700
701978 442700 -768829 522522
-768829 522522 -3365 -411110
-3365 -411110 -295106 95054
-295106 95054 -941021 -686716
-941021 -686716 947195 307193
947195 307193 -892532 365858
-892532 365858 178215 -532709
178215 -532709 -54006 -423821
-54006 -423821 -988578 -748001
-988578 -748001 81702 474416
81702 474416 260594 677970
260594 677970 823060 -425600
823060 -425600 -886614 556350
-886614 556350 -730188 -676504
-730188 -676504 196519 500299
196519 500299 -93939 110416
-93939 110416 -12858 568765
-12858 568765 -99548 67457
-99548 67457 -467077 918101
-467077 918101 91891 32796
91891 32796 -290168 -566508
-290168 -566508 308174 449391
308174 449391 148639 440960
148639 440960 -865037 985110
-865037 985110 569494 744098
569494 744098 -126003 997204
-126003 997204 600273 -702875
600273 -702875 -605922 -812154
-605922 -812154 380691 -953873
380691 -953873 -962648 847811
-962648 847811 -709340 609938
-709340 609938 -260422 -365257
-260422 -365257 -915679 941032
-915679 941032 -851040 212915
-851040 212915 -757941 -357192
-757941 -357192 618703 -11173
618703 -11173 -989510 688396
-989510 688396 588867 -167923
588867 -167923 835051 891410
835051 891410 841634 -979072
841634 -979072 -109293 -692479
-109293 -692479 -884290 791733
-884290 791733 -591788 -885695
-591788 -885695 -764826 -973588
-764826 -973588 -245660 814382
-245660 814382 -429816 -621517
-429816 -621517 -36333 -174326
-36333 -174326 -77807 -666529
-77807 -666529 -128635 -248780
-128635 -248780 -806078 -559042
-806078 -559042 876062 -841841
876062 -841841 -235210 -150846
-235210 -150846 4089 288773
4089 288773 40189 333992
40189 333992 921128 672638
921128 672638 -869844 199156
-869844 199156 174196 888502
174196 888502 -371499 -297644
-371499 -297644 350637 935226
350637 935226 -323609 82024
-323609 82024 -739263 232580
-739263 232580 -200169 -205517
-200169 -205517 -230481 -421458
-230481 -421458 -368100 -315061
-368100 -315061 816529 701091
816529 701091 -336121 223940
-336121 223940 -44371 639014
-44371 639014 997065 297767
997065 297767 -307476 -378616
-307476 -378616 -108717 -433132
-108717 -433132 752201 369821
752201 369821 -416754 -436147
-416754 -436147 334439 172029
334439 172029 -151838 503694
-151838 503694 -699502 -846728
-699502 -846728 -580059 -769016
-580059 -769016 -192045 943958
-192045 943958 -481462 -78050
-481462 -78050 407315 406982
407315 406982 -870924 -110198
-870924 -110198 504374 -875706
504374 -875706 -475757 -530067
-475757 -530067 978900 -919964
978900 -919964 -361017 417637
-361017 417637 -644558 760402
-644558 760402 -277359 531200
-277359 531200 291388 987137
291388 987137 151478 917497
151478 917497 751178 -655409
751178 -655409 -999125 337444
-999125 337444 201800 -242469
201800 -242469 -567667 284973
-567667 284973 737053 706378
737053 706378 81791 217590
81791 217590 769708 -11616
769708 -11616 745236 -521003
745236 -521003 -362321 701032
-362321 701032 318221 325044
318221 325044 540108 -674029
540108 -674029 800634 -856137
800634 -856137 -223130 -922300
-223130 -922300 448013 -678479
448013 -678479 558506 642755
558506 642755 -195288 968346
-195288 968346 -523406 135981
-523406 135981 -810395 216810
-810395 216810 468970 768977
468970 768977 -443735 -569908
-443735 -569908 -760745 154381
-760745 154381 645750 -730642
645750 -730642 -58940 142866
-58940 142866 748376 -670014
748376 -670014 801713 759141
801713 759141 175353 658329
175353 658329 25060 747581
25060 747581 195113 72225
195113 72225 202004 -941124
202004 -941124 -458103 -988816
-458103 -988816 -524550 -740338
-524550 -740338 -524996 -285934
-524996 -285934 -971943 -144998
-971943 -144998 777437 774289
777437 774289 715950 65997
715950 65997 569910 471556
569910 471556 735303 -864285
735303 -864285 -803256 -204695
-803256 -204695 392997 -896071
392997 -896071 856799 725644
856799 725644 -930155 -451251
-930155 -451251 585094 595384
585094 595384 648654 -332480
648654 -332480 31037 596279
31037 596279 -744095 243828
-744095 243828 917660 -357844
917660 -357844 994813 -794724
994813 -794724 690202 522438
690202 522438 -491345 68314
-491345 68314 -588507 875247
-588507 875247 157432 594914
157432 594914 611243 184642
611243 184642 400177 -621165
400177 -621165 648905 312410
648905 312410 -603799 -811410
-603799 -811410 392493 308052
392493 308052 821864 788729
821864 788729 795893 -525067
795893 -525067 674749 -912271
674749 -912271 837607 817429
837607 817429 -394250 -570020
-394250 -570020 -477373 -420121
-477373 -420121 -293965 -298913
-293965 -298913 194638 347192
194638 347192 819194 862706
819194 862706 535619 262107
535619 262107 163343 -889838
163343 -889838 744740 -656567
744740 -656567 -586661 156589
-586661 156589 496052 -73262
496052 -73262 -389000 323743
-389000 323743 303782 -982106
303782 -982106 -757712 -238538
-757712 -238538 624154 627445
624154 627445 973437 -199142
973437 -199142 576187 -318282
576187 -318282 -331917 -523612
-331917 -523612 -343378 -541608
-343378 -541608 238440 556015
238440 556015 625011 -116150
625011 -116150 413679 -798038
413679 -798038 332291 -101887
332291 -101887 817412 -128462
817412 -128462 -859718 -571677
-859718 -571677 -934236 827331
-934236 827331 -156726 -925208
-156726 -925208 598039 211243
598039 211243 -75185 686357
-75185 686357 -629061 108696
-629061 108696 775408 -270693
775408 -270693 -325232 813396
-325232 813396 670227 400241
670227 400241 884120 905397
884120 905397 -664265 -493356
-664265 -493356 377628 912035
377628 912035 91745 -850698
91745 -850698 185069 949421
185069 949421 -909708 872002
-909708 872002 204480 946334
204480 946334 -27792 985610
-27792 985610 -926542 -219290
-926542 -219290 -454755 21061
-454755 21061 -713653 468002
-713653 468002 -225561 -956101
-225561 -956101 -281105 470038
-281105 470038 965206 573856
965206 573856 -598576 623806
-598576 623806 -398095 374883
-398095 374883 -162022 649000
-162022 649000 -202656 776438
-202656 776438 943243 -202633
943243 -202633 -575567 -320704
-575567 -320704 269569 -645141
269569 -645141 -644118 887278
-644118 887278 -53486 342512
-53486 342512 -166755 269683
-166755 269683 212821 -944091
212821 -944091 -195396 110791
-195396 110791 72111 395056
72111 395056 773811 440065
773811 440065 -401301 147366
-401301 147366 358805 859703
358805 859703 -694507 284707
-694507 284707 414415 -152751
414415 -152751 -982257 418837
-982257 418837 -443544 -172229
-443544 -172229 468548 -57863
468548 -57863 -577600 -226626
-577600 -226626 -83166 100050
-83166 100050 743114 -442166
743114 -442166 -731292 -37987
-731292 -37987 -839381 -570339
-839381 -570339 639993 4936
639993 4936 116094 -500648
116094 -500648 -308257 -168993
-308257 -168993 -863590 -727547
-863590 -727547 -428740 999887
-428740 999887 -826577 312697
-826577 312697 -133542 938641
-133542 938641 713505 949863
713505 949863 -66424 71627
-66424 71627 -974774 -191642
-974774 -191642 349878 369016
349878 369016 -431623 -44749
-431623 -44749 822338 813201
822338 813201 -704874 -188682
-704874 -188682 12943 884688
12943 884688 804067 165519
804067 165519 984561 -369031
984561 -369031 -932856 -817575
-932856 -817575 244005 -678321
244005 -678321 870650 937417
870650 937417 -842634 338347
-842634 338347 -223363 -803178
-223363 -803178 -994056 769838
-994056 769838 -20074 -347728
-20074 -347728 978244 -337991
978244 -337991 260041 -819139
260041 -819139 -142306 -149504
-142306 -149504 815750 438923
815750 438923 214828 -686363
214828 -686363 784159 -95210
784159 -95210 688593 -364198
688593 -364198 303611 78687
303611 78687 837475 -557150
837475 -557150 633530 -901667
633530 -901667 549907 -414645
549907 -414645 21675 -674842
21675 -674842 -305577 155475
-305577 155475 -235861 -663300
-235861 -663300 523013 -152744
523013 -152744 54725 -774298
54725 -774298 242288 696615
242288 696615 -925315 484591
-925315 484591 -836559 -310258
-836559 -310258 -754382 -129681
-754382 -129681 766629 739486
766629 739486 -687975 781941
-687975 781941 -474877 -722395
-474877 -722395 -19933 753327
-19933 753327 -904015 195844
-904015 195844 -697347 36344
-697347 36344 70512 980065
70512 980065 501935 -633780
501935 -633780 121016 -166947
121016 -166947 -559913 750644
-559913 750644 -147415 179865
-147415 179865 -214165 -56969
-214165 -56969 -6522 -463961
-6522 -463961 -315260 187058
-315260 187058 -828393 -645260
-828393 -645260 21355 -687182
21355 -687182 -119348 822774
-119348 822774 256201 303744
256201 303744 -784256 612242
-784256 612242 198424 -668138
198424 -668138 -464432 -996588
-464432 -996588 -878005 950008
-878005 950008 -361515 349142
-361515 349142 207746 -37784
207746 -37784 -615744 176567
-615744 176567 199047 598943
199047 598943 609617 149233
609617 149233 854756 -247359
854756 -247359 807174 803253
807174 803253 -616627 -130933
-616627 -130933 -591525 -467982
-591525 -467982 267940 -169227
267940 -169227 -555732 422943
-555732 422943 445505 152482
445505 152482 205214 -705434
205214 -705434 792219 -267027
792219 -267027 -607654 873661
-607654 873661 -651394 -560775
-651394 -560775 826267 -658871
826267 -658871 181705 343983
181705 343983 166121 298554
166121 298554 -82649 -219488
-82649 -219488 -481463 950869
-481463 950869 -665161 -712874
-665161 -712874 998575 90629
998575 90629 -200497 -501234
-200497 -501234 872728 -668841
872728 -668841 -972393 23508
-972393 23508 -229920 465078
-229920 465078 -33585 957415
-33585 957415 -623661 380535
-623661 380535 -58348 -386940
-58348 -386940 -826664 219709
-826664 219709 -894264 -614714
-894264 -614714 594492 -347041
594492 -347041 -389361 250501
-389361 250501 -783009 525108
-783009 525108 94883 121624
94883 121624 701886 -433265
701886 -433265 775236 -310141
775236 -310141 613227 -312638
613227 -312638 701924 -93125
701924 -93125 397246 -305453
397246 -305453 600367 542692
600367 542692 -942623 77460
-942623 77460 71316 -520302
71316 -520302 -891845 524900
-891845 524900 -641423 917773
-641423 917773 105738 -614033
105738 -614033 -104204 -187151
-104204 -187151 520960 363283
520960 363283 -674108 -191203
-674108 -191203 -643152 -445557
-643152 -445557 402022 706809
402022 706809 153926 -999126
153926 -999126 -266889 -521751
-266889 -521751 -237643 947286
-237643 947286 -993718 -665786
-993718 -665786 -856986 -806686
-856986 -806686 459529 -74937
459529 -74937 773861 -281214
773861 -281214 681409 -794524
681409 -794524 -815777 112451
-815777 112451 886379 866379
886379 866379 -837763 -903436
-837763 -903436 -257614 207238
-257614 207238 759359 68561
759359 68561 372635 -620603
372635 -620603 -301035 385983
-301035 385983 -248741 -633635
-248741 -633635 520398 -458562
520398 -458562 781711 503567
781711 503567 -517420 -446828
-517420 -446828 -646811 -711131
-646811 -711131 829656 655826
829656 655826 419865 531022
419865 531022 39700 -307863
39700 -307863 438042 -69666
438042 -69666 976246 -745907
976246 -745907 -852307 965068
-852307 965068 -32575 -998599
-32575 -998599 -240012 -802376
-240012 -802376 492462 -762852
492462 -762852 -783625 -701573
-783625 -701573 921383 -777787
921383 -777787 -989743 643568
-989743 643568 217832 973983
217832 973983 -974334 -617350
-974334 -617350 125993 146587
125993 146587 903948 -615345
903948 -615345 479506 -592734
479506 -592734 980032 -101995
980032 -101995 227114 -670819
227114 -670819 803375 856327
803375 856327 -951383 929516
-951383 929516 -919371 -912799
-919371 -912799 147758 555944
147758 555944 -742275 443584
-742275 443584 300589 -506809
300589 -506809 -737148 324524
-737148 324524 639621 871551
639621 871551 -693614 514527
-693614 514527 -552683 375579
-552683 375579 -395915 672721
-395915 672721 692525 163622
692525 163622 120393 -715789
120393 -715789 -687353 846124
-687353 846124 -378465 371418
-378465 371418 -219482 376581
-219482 376581 -121533 -711219
-121533 -711219 -956833 -124456
-956833 -124456 475491 -899192
475491 -899192 237185 809244
237185 809244 612305 -606267
612305 -606267 264817 -100519
264817 -100519 427194 -264017
427194 -264017 -967330 318289
-967330 318289 949465 444873
949465 444873 671487 -693815
671487 -693815 -942488 -619568
-942488 -619568 109960 108702
109960 108702 581094 339107
581094 339107 562589 -663789
562589 -663789 -330022 -516355
-330022 -516355 -179804 704984
-179804 704984 401656 224080
401656 224080 594978 -601175
594978 -601175 731386 264642
731386 264642 -497250 832862
-497250 832862 -356050 -220092
-356050 -220092 -615818 605845
-615818 605845 -636268 275323
-636268 275323 -308365 475475
-308365 475475 742846 -530041
742846 -530041 -731626 -140582
-731626 -140582 -201318 -394237
-201318 -394237 -410571 145380
-410571 145380 818065 -570160
818065 -570160 816815 461819
816815 461819 -584202 167305
-584202 167305 880484 -973006
880484 -973006 -191178 -743196
-191178 -743196 916758 608432
916758 608432 800086 463412
800086 463412 -313870 -185411
-313870 -185411 -630987 -506272
-630987 -506272 3515 800231
3515 800231 -442332 -169842
-442332 -169842 625116 293868
625116 293868 -454858 275929
-454858 275929 -299960 -509671
-299960 -509671 765588 -735177
765588 -735177 -498979 743701
-498979 743701 -795590 -825974
-795590 -825974 823920 481759
823920 481759 262161 -953703
262161 -953703 641341 -91823
641341 -91823 -24981 -674017
-24981 -674017 -565023 -925260
-565023 -925260 742041 -793918
742041 -793918 -373666 -622392
-373666 -622392 -165599 -175319
-165599 -175319 -608777 383085
-608777 383085 897435 827827
897435 827827 -641408 -959139
-641408 -959139 -413670 995845
-413670 995845 840428 -818475
840428 -818475 764031 199256
764031 199256 -392709 818663
-392709 818663 791571 -191694
791571 -191694 167427 -356721
167427 -356721 493484 -910599
493484 -910599 -417273 -518378
-417273 -518378 799618 -277816
799618 -277816 781174 957372
781174 957372 258138 60360
258138 60360 -485014 -341247
-485014 -341247 -30896 228031
-30896 228031 313035 -789681
313035 -789681 996587 378683
996587 378683 797434 -302571
797434 -302571 869010 -952164
869010 -952164 -216727 -183206
-216727 -183206 -372192 -210436
-372192 -210436 948333 -102833
948333 -102833 -818232 939135
-818232 939135 915689 38013
915689 38013 232849 -720973
232849 -720973 267004 -910281
267004 -910281 -250345 -446239
-250345 -446239 -517030 263906
-517030 263906 -333802 476352
-333802 476352 675457 -992067
675457 -992067 283233 951979
283233 951979 886043 522084
886043 522084 -690154 827689
-690154 827689 -741049 654710
-741049 654710 463428 397824
463428 397824 398651 -944968
398651 -944968 356631 -690810
356631 -690810 319582 544908
319582 544908 -194195 -761272
-194195 -761272 858037 -950425
858037 -950425 -978598 -460359
-978598 -460359 -2746 777391
-2746 777391 -33217 -803353
-33217 -803353 661812 325053
661812 325053 498733 500021
498733 500021 1902 -515010
1902 -515010 373550 -947441
373550 -947441 -113297 10535
-113297 10535 935726 691378
935726 691378 -859860 -124014
-859860 -124014 439686 75808
439686 75808 -184912 383588
-184912 383588 -200119 -288456
-200119 -288456 64172 82463
64172 82463 -727952 -603699
-727952 -603699 -984568 -646645
-984568 -646645 786010 -96688
786010 -96688 770339 330796
770339 330796 603245 415256
603245 415256 -712434 794284
-712434 794284 675894 629143
675894 629143 439394 248511
439394 248511 -38845 728587
-38845 728587 -493774 70532
-493774 70532 281840 -521779
281840 -521779 957076 -749123
957076 -749123 -444818 -636826
-444818 -636826 -500402 -672762
-500402 -672762 103584 -519544
103584 -519544 455722 -235396
455722 -235396 259499 -335645
259499 -335645 -649911 583689
-649911 583689 -923463 -670993
-923463 -670993 -30962 91139
-30962 91139 -916248 -794003
-916248 -794003 244022 48621
244022 48621 -45680 -979128
-45680 -979128 924167 614027
924167 614027 -87624 877139
-87624 877139 -104879 295918
-104879 295918 606175 -694135
606175 -694135 884348 -732788
884348 -732788 -85608 -718021
-85608 -718021 503746 -660831
503746 -660831 -236215 -776302
-236215 -776302 -740922 -473175
-740922 -473175 808185 267737
808185 267737 -540835 672863
-540835 672863 626483 984808
626483 984808 916841 -889010
916841 -889010 126241 345070
126241 345070 -663776 -744951
-663776 -744951 -541866 -914773
-541866 -914773 -329207 656915
-329207 656915 -615681 -950432
-615681 -950432 642630 389691
642630 389691 -170850 -485462
-170850 -485462 -666564 -442436
-666564 -442436 -948663 475360
-948663 475360 808227 909062
808227 909062 93821 918087
93821 918087 106865 -289168
106865 -289168 -570799 -476698
-570799 -476698 -720449 515303
-720449 515303 -646217 640432
-646217 640432 39794 905926
39794 905926 435244 325655
435244 325655 922899 620645
922899 620645 -32010 -997679
-32010 -997679 -521768 -533875
-521768 -533875 323401 343848
323401 343848 247966 -136334
247966 -136334 339161 251212
339161 251212 -171771 -370949
-171771 -370949 722060 -46444
722060 -46444 368094 567445
368094 567445 -735557 764918
-735557 764918 -278383 -68210
-278383 -68210 -618951 435184
-618951 435184 -599878 -739065
-599878 -739065 -292839 535046
-292839 535046 -495639 638362
-495639 638362 -422243 387871
-422243 387871 -436657 884385
-436657 884385 483525 136412
483525 136412 -418985 150469
-418985 150469 -236306 -736549
-236306 -736549 -899490 -847400
-899490 -847400 397186 -645175
397186 -645175 558007 -339541
558007 -339541 709772 704762
709772 704762 -685425 606107
-685425 606107 958335 -352907
958335 -352907 -976048 -245964
-976048 -245964 897761 484129
897761 484129 -366404 -404004
-366404 -404004 529719 -592322
529719 -592322 346174 -592603
346174 -592603 490473 -216159
490473 -216159 975780 -237475
975780 -237475 384257 10777
384257 10777 -727603 -519043
-727603 -519043 -905335 -985018
-905335 -985018 -351347 -931688
-351347 -931688 395845 395367
395845 395367 449674 507024
449674 507024 -543021 -429067
-543021 -429067 536785 -282979
536785 -282979 156146 278332
156146 278332 -96178 474947
-96178 474947 925640 -434790
925640 -434790 -924751 375661
-924751 375661 -111188 890826
-111188 890826 -723853 -950509
-723853 -950509 -943184 -806197
-943184 -806197 291144 484738
291144 484738 473645 -966020
473645 -966020 717587 830986
717587 830986 -126830 337265
-126830 337265 -748768 459329
-748768 459329 827295 -350466
827295 -350466 -996461 -620300
-996461 -620300 400877 225744
400877 225744 455208 287287
455208 287287 273183 706786
273183 706786 899858 228866
899858 228866 -367208 -374522
-367208 -374522 -360560 28888
-360560 28888 88319 -829074
88319 -829074 163950 -686290
163950 -686290 566103 -525353
566103 -525353 511117 -351154
511117 -351154 -280207 834753
-280207 834753 970623 331408
970623 331408 -52741 89983
-52741 89983 -811608 250954
-811608 250954 -469099 -872075
-469099 -872075 -84565 -741011
-84565 -741011 553758 -299179
553758 -299179 -381364 -735991
-381364 -735991 -286811 174692
-286811 174692 778261 271362
778261 271362 823283 -661851
823283 -661851 -375649 -332278
-375649 -332278 931090 -597751
931090 -597751 -102358 324117
-102358 324117 86346 -143017
86346 -143017 840384 533559
840384 533559 -297096 422801
-297096 422801 -179556 -791117
-179556 -791117 268727 -2451
268727 -2451 982439 165471
982439 165471 -395045 640223
-395045 640223 147242 488276
147242 488276 157089 -890147
157089 -890147 155468 11756
155468 11756 221613 294470
221613 294470 729584 273725
729584 273725 -335155 -615696
-335155 -615696 -657423 -677024
-657423 -677024 927610 -90750
927610 -90750 994141 719314
994141 719314 -124707 496438
-124707 496438 -452633 571376
-452633 571376 -890666 668448
-890666 668448 93703 -430774
93703 -430774 724034 905613
724034 905613 962848 49183
962848 49183 679377 -232504
679377 -232504 -584083 -508271
-584083 -508271 130751 599554
130751 599554 932967 -953353
932967 -953353 673004 35584
673004 35584 516646 270099
516646 270099 -735420 212053
-735420 212053 -589291 558574
-589291 558574 -654524 -417373
-654524 -417373 532681 -108861
532681 -108861 737898 -158020
737898 -158020 385969 -317644
385969 -317644 -477532 -555633
-477532 -555633 913857 -986101
913857 -986101 88377 -412326
88377 -412326 -394340 36152
-394340 36152 738468 -135840
738468 -135840 460901 -11170
460901 -11170 338943 -978849
338943 -978849 -727769 -823267
-727769 -823267 -195309 798734
-195309 798734 -577955 342830
-577955 342830 94538 -650862
94538 -650862 -84155 292428
-84155 292428 -746706 -178663
-746706 -178663 897724 782761
897724 782761 -409054 -252540
-409054 -252540 682557 -665480
682557 -665480 746386 990403
746386 990403 362358 -280045
362358 -280045 -409376 -374409
-409376 -374409 -501690 -862029
-501690 -862029 -372546 632264
-372546 632264 -26289 312677
-26289 312677 -731731 -283509
-731731 -283509 -359663 583680
-359663 583680 -218977 738992
-218977 738992 -462251 -372834
-462251 -372834 -410456 563867
-410456 563867 432991 720876
432991 720876 -968530 -65301
-968530 -65301 806087 971812
806087 971812 369620 -864563
369620 -864563 855904 291694
855904 291694 -108625 205130
-108625 205130 -325237 -541677
-325237 -541677 -642688 533087
-642688 533087 -898177 50761
-898177 50761 597643 -764819
597643 -764819 868327 -309899
868327 -309899 -928343 -835913
-928343 -835913 -829033 -776012
-829033 -776012 -866655 -125584
-866655 -125584 876687 164855
876687 164855 -885176 330580
-885176 330580 152570 -197523
152570 -197523 -710277 -615601
-710277 -615601 558050 -218438
558050 -218438 -311689 511849
-311689 511849 -387396 -354010
-387396 -354010 659679 28846
659679 28846 58073 862246
58073 862246 -826081 -699338
-826081 -699338 602906 987639
602906 987639 535464 604260
535464 604260 -92647 -112423
-92647 -112423 318076 -471313
318076 -471313 -735976 367219
-735976 367219 532857 -139671
532857 -139671 695627 967595
695627 967595 743698 653467
743698 653467 -938520 -766938
-938520 -766938 -643707 -144567
-643707 -144567 -17217 382520
-17217 382520 255380 -38390
255380 -38390 696046 -641805
696046 -641805 -106108 -368629
-106108 -368629 393707 191963
393707 191963 491952 -489503
491952 -489503 -493713 -647317
-493713 -647317 -703615 -725382
-703615 -725382 636573 229519
636573 229519 -773270 156135
-773270 156135 -416588 -557063
-416588 -557063 -876303 -426176
-876303 -426176 949703 371152
949703 371152 283979 177688
283979 177688 -581742 -398073
-581742 -398073 -882882 -100478
-882882 -100478 467730 724149
467730 724149 181875 -898318
181875 -898318 -195230 481908
-195230 481908 377106 85342
377106 85342 -504521 908725
-504521 908725 -528794 -556587
-528794 -556587 133520 -295684
133520 -295684 -111791 -920497
-111791 -920497 -79067 246034
-79067 246034 -668332 -947000
-668332 -947000 -602891 248523
-602891 248523 29437 -834651
29437 -834651 879730 -517614
879730 -517614 -310896 -552228
-310896 -552228 -135741 79703
-135741 79703 861074 243664
861074 243664 539481 40539
539481 40539 -3691 -590092
-3691 -590092 -617581 308195
-617581 308195 785428 -656265
785428 -656265 -395379 639630
-395379 639630 -669459 403728
-669459 403728 -651311 -275757
-651311 -275757 -306110 519523
-306110 519523 -607437 -224438
-607437 -224438 292041 620531
292041 620531 617232 698012
617232 698012 -376596 177636
-376596 177636 16084 -856905
16084 -856905 -788857 -151383
-788857 -151383 -984780 193497
-984780 193497 648753 -532403
648753 -532403 -207868 702506
-207868 702506 -375223 -922167
-375223 -922167 713881 747448
713881 747448 -580565 415392
-580565 415392 -341237 -969580
-341237 -969580 -748964 -605580
-748964 -605580 383277 -649000
383277 -649000 61461 507088
61461 507088 106398 372542
106398 372542 -390773 -704371
-390773 -704371 344451 430729
344451 430729 677441 -497753
677441 -497753 155885 -871165
155885 -871165 -649931 871432
-649931 871432 134048 418475
134048 418475 -821891 -479959
-821891 -479959 787400 -822715
787400 -822715 336960 213555
336960 213555 -604800 124740
-604800 124740 222889 -377654
222889 -377654 50302 -806801
50302 -806801 -652502 -287194
-652502 -287194 -408079 99599
-408079 99599 923267 99380
923267 99380 51600 8618
51600 8618 894114 -326905
894114 -326905 407525 612893
407525 612893 786407 -310984
786407 -310984 503756 -874796
503756 -874796 -639773 -257718
-639773 -257718 675084 381610
675084 381610 898834 -883508
898834 -883508 642965 -552440
642965 -552440 -100466 617385
-100466 617385 -65760 -95684
-65760 -95684 -867270 815513
-867270 815513 240049 -842217
240049 -842217 980238 -531805
980238 -531805 -454783 867409
-454783 867409 -903569 405410
-903569 405410 298933 363695
298933 363695 411473 -6117
411473 -6117 127005 -889919
127005 -889919 840275 -383992
840275 -383992 909183 958069
909183 958069 420624 157968
420624 157968 -981657 -202959
-981657 -202959 -185253 -498219
-185253 -498219 737552 -958817
737552 -958817 -689142 -433358
-689142 -433358 571728 -952612
571728 -952612 -990227 -34988
-990227 -34988 -77397 -385232
-77397 -385232 -451992 939142
-451992 939142 -522799 -232005
-522799 -232005 748456 381
748456 381 -704557 -696373
-704557 -696373 721519 379352
721519 379352 -57594 998880
-57594 998880 541224 -837327
541224 -837327 -852241 -297589
-852241 -297589 -926896 528902
-926896 528902 -406103 974926
-406103 974926 -974735 166566
-974735 166566 -733313 776059
-733313 776059 -530382 167520
-530382 167520 490394 96623
490394 96623 583860 115008
583860 115008 90253 -77526
90253 -77526 240342 -15039
240342 -15039 106505 761215
106505 761215 59135 532143
59135 532143 31274 175500
31274 175500 -43575 130098
-43575 130098 -649082 -537171
-649082 -537171 -439578 -398901
-439578 -398901 -186245 -434943
-186245 -434943 -399504 527482
-399504 527482 -533977 -478163
-533977 -478163 163447 -530515
163447 -530515 -610687 77385
-610687 77385 -106271 -997638
-106271 -997638 558896 256137
558896 256137 -322121 684754
-322121 684754 96381 697157
96381 697157 -446030 834301
-446030 834301 -69311 -828142
-69311 -828142 23051 194037
23051 194037 -171678 947363
-171678 947363 -587685 947038
-587685 947038 -852537 786102
-852537 786102 -551285 299892
-551285 299892 -671318 673972
-671318 673972 -461985 -275898
-461985 -275898 -231435 833282
-231435 833282 764443 -884864
764443 -884864 907500 -906623
907500 -906623 -446429 65729
-446429 65729 -493357 -758006
-493357 -758006 592921 -564512
592921 -564512 313165 -151018
313165 -151018 -525648 557495
-525648 557495 19232 -778818
19232 -778818 905096 -656615
905096 -656615 -775605 439503
-775605 439503 865930 30190
865930 30190 104793 747127
104793 747127 -919228 -852972
-919228 -852972 485171 -427722
485171 -427722 -522474 -778565
-522474 -778565 628410 896249
628410 896249 -728637 67663
-728637 67663 417720 421062
417720 421062 -688841 -923903
-688841 -923903 -141968 672225
-141968 672225 864213 -783360
864213 -783360 226206 -191645
226206 -191645 -227170 -714304
-227170 -714304 -906538 -431072
-906538 -431072 606678 -444198
606678 -444198 222687 769567
222687 769567 163725 815861
163725 815861 -466879 30487
-466879 30487 -561752 -535593
-561752 -535593 178622 283590
178622 283590 413049 -597282
413049 -597282 416970 -694437
416970 -694437 701857 93844
701857 93844 -48431 -655497
-48431 -655497 457405 -847704
457405 -847704 25164 -452662
25164 -452662 342837 427815
342837 427815 869994 -447850
869994 -447850 438758 790919
438758 790919 -220909 -287759
-220909 -287759 54416 402654
54416 402654 -893033 -360989
-893033 -360989 733294 350240
733294 350240 -10100 747485
-10100 747485 -385858 -240875
-385858 -240875 -318577 -541838
-318577 -541838 -121171 -640791
-121171 -640791 963195 -91274
963195 -91274 -655400 -437393
-655400 -437393 410289 -722148
410289 -722148 -340973 243153
-340973 243153 -992910 -654416
-992910 -654416 -761869 -472752
-761869 -472752 554091 762907
554091 762907 888001 -601225
888001 -601225 -271763 294367
-271763 294367 -133626 595528
-133626 595528 -626957 293952
-626957 293952 -405102 296442
-405102 296442 664226 -330395
664226 -330395 -675404 -708085
-675404 -708085 505890 136930
505890 136930 -510374 -165507
-510374 -165507 479710 478364
479710 478364 264641 655034
264641 655034 -670542 763757
-670542 763757 142253 -602488
142253 -602488 -79392 -752278
-79392 -752278 444762 765769
444762 765769 -22128 -841934
-22128 -841934 -361364 -606126
-361364 -606126 -611006 -374991
-611006 -374991 873090 -489122
873090 -489122 -546466 74086
-546466 74086 484366 -355929
484366 -355929 -711493 -334195
-711493 -334195 -863057 -999871
-863057 -999871 -130511 356707
-130511 356707 -410283 -639307
-410283 -639307 -554073 -470247
-554073 -470247 -352736 -430526
-352736 -430526 -52508 -127306
-52508 -127306 -223113 -857427
-223113 -857427 -95175 -812110
-95175 -812110 523278 524236
523278 524236 -438182 764697
-438182 764697 372976 556735
372976 556735 775512 463220
775512 463220 -408024 827215
-408024 827215 -583630 763601
-583630 763601 -219798 -387008
-219798 -387008 507959 -730025
507959 -730025 823945 -610995
823945 -610995 -864283 -469631
-864283 -469631 -53924 -433603
-53924 -433603 -875131 -47729
-875131 -47729 -83986 -678746
-83986 -678746 -366271 754028
-366271 754028 -930954 -837841
-930954 -837841 -603706 575679
-603706 575679 753067 105872
753067 105872 -7152 -463317
-7152 -463317 -271921 527094
-271921 527094 -582290 735284
-582290 735284 -342340 -289934
-342340 -289934 -937500 752853
-937500 752853 212298 -366555
212298 -366555 -448866 -124397
-448866 -124397 64660 -266586
64660 -266586 -283382 474676
-283382 474676 -119838 -329985
-119838 -329985 -995884 -769395
-995884 -769395 922383 868795
922383 868795 -749861 122479
-749861 122479 637432 928082
637432 928082 340407 379863
340407 379863 734314 445434
734314 445434 -591493 343851
-591493 343851 -135644 480015
-135644 480015 -957254 -432273
-957254 -432273 344541 934906
344541 934906 455093 -108051
455093 -108051 630946 812511
630946 812511 -613750 77418
-613750 77418 -891982 -440890
-891982 -440890 914911 -365820
914911 -365820 -859027 748567
-859027 748567 688637 355927
688637 355927 152620 -468391
152620 -468391 -332725 594976
-332725 594976 -280514 902553
-280514 902553 -843909 -147111
-843909 -147111 525676 861399
525676 861399 267310 802127
267310 802127 -453333 -271276
-453333 -271276 577512 472725
577512 472725 -233460 42266
-233460 42266 503661 -863686
503661 -863686 871110 -483261
871110 -483261 -794411 -876662
-794411 -876662 333174 -542367
333174 -542367 815765 146855
815765 146855 826374 903861
826374 903861 406678 -526346
406678 -526346 361288 -205602
361288 -205602 -965996 160838
-965996 160838 678504 -389141
678504 -389141 -694979 783499
-694979 783499 502933 -339038
502933 -339038 -333210 255926
-333210 255926 474971 161492
474971 161492 -790653 800346
-790653 800346 -217587 3660
-217587 3660 -783193 587899
-783193 587899 -643766 -236413
-643766 -236413 609982 -941054
609982 -941054 -595266 -698687
-595266 -698687 -154128 -276035
-154128 -276035 364716 653256
364716 653256 -707728 -96355
-707728 -96355 629880 -854651
629880 -854651 -762214 293154
-762214 293154 595409 732040
595409 732040 232337 -835578
232337 -835578 -475360 3500
-475360 3500 -718478 -262542
-718478 -262542 435643 -491538
435643 -491538 -165441 -188128
-165441 -188128 141043 -86347
141043 -86347 29225 246868
29225 246868 31511 935147
31511 935147 -476043 -971619
-476043 -971619 -100585 157418
-100585 157418 -232476 -382971
-232476 -382971 -536501 377518
-536501 377518 -644697 682603
-644697 682603 141319 464472
141319 464472 -728930 -504429
-728930 -504429 -307951 -671824
-307951 -671824 -244052 422277
-244052 422277 109921 -541392
109921 -541392 -612064 -981900
-612064 -981900 -557670 175460
-557670 175460 900453 -339576
900453 -339576 -303712 -124079
-303712 -124079 -380640 571774
-380640 571774 -272086 -397043
-272086 -397043 588430 653522
588430 653522 468640 180573
468640 180573 -494888 459569
-494888 459569 332782 -149620
332782 -149620 522184 -386511
522184 -386511 -391912 -757806
-391912 -757806 339992 -955821
339992 -955821 41866 45339
41866 45339 -240653 187741
-240653 187741 -843122 -420390
-843122 -420390 747020 528333
747020 528333 254858 -244946
254858 -244946 985493 -352682
985493 -352682 795872 89596
795872 89596 940441 32365
940441 32365 672074 -170451
672074 -170451 -592425 -424947
-592425 -424947 460842 407031
460842 407031 -896059 69957
-896059 69957 -635364 306636
-635364 306636 -409867 -671142
-409867 -671142 683059 546853
683059 546853 246011 909628
246011 909628 -360490 -789360
-360490 -789360 769166 327303
769166 327303 684822 -141023
684822 -141023 278534 -63208
278534 -63208 908403 -203455
908403 -203455 430769 110703
430769 110703 -651282 -443537
-651282 -443537 427184 656450
427184 656450 -589670 63057
-589670 63057 -990331 -786272
-990331 -786272 420240 199419
420240 199419 -940171 231547
-940171 231547 -959102 502926
-959102 502926 -7904 585669
-7904 585669 -760677 425366
-760677 425366 -835593 352415
-835593 352415 33526 -52472
33526 -52472 -467710 449426
-467710 449426 519141 938254
519141 938254 400523 -632656
400523 -632656 883249 -111241
883249 -111241 -98224 -370154
-98224 -370154 -428539 272344
-428539 272344 -952431 -886060
-952431 -886060 -371072 584638
-371072 584638 -992389 112713
-992389 112713 -831568 -634736
-831568 -634736 401638 81071
401638 81071 212573 -365590
212573 -365590 7413 -463004
7413 -463004 171560 154835
171560 154835 -803984 -352240
-803984 -352240 -817574 -608121
-817574 -608121 -344212 186024
-344212 186024 793665 -159620
793665 -159620 -912836 -17025
-912836 -17025 -920683 754927
-920683 754927 -308864 -394808
-308864 -394808 82104 -543664
82104 -543664 -936147 -463552
-936147 -463552 -89083 500819
-89083 500819 93926 868593
93926 868593 -578945 413322
-578945 413322 -795098 -601446
-795098 -601446 455099 60085
455099 60085 39024 363326
39024 363326 503325 -7787
503325 -7787 -41406 -515982
-41406 -515982 -944031 242910
-944031 242910 -582495 163671
-582495 163671 755911 -287172
755911 -287172 806932 -766471
806932 -766471 -503165 -498751
-503165 -498751 -377715 590658
-377715 590658 -114626 -901910
-114626 -901910 908297 295104
908297 295104 464168 908445
464168 908445 369209 -274923
369209 -274923 73225 570452
73225 570452 -583337 407176
-583337 407176 542510 -531457
542510 -531457 -559313 -648998
-559313 -648998 -732759 -693599
-732759 -693599 548021 737800
548021 737800 -412298 629871
-412298 629871 286811 -74656
286811 -74656 501638 -557510
501638 -557510 870862 -241233
870862 -241233 988293 -523471
988293 -523471 452187 535290
452187 535290 648593 -31086
648593 -31086 210533 613912
210533 613912 -612251 355060
-612251 355060 305051 204786
305051 204786 -155449 -36704
-155449 -36704 693106 -876640
693106 -876640 913952 799176
913952 799176 -257482 -190391
-257482 -190391 98362 711009
98362 711009 953926 -77698
953926 -77698 -445229 456177
-445229 456177 -577826 -560320
-577826 -560320 964100 -805824
964100 -805824 481959 -979478
481959 -979478 178952 884890
178952 884890 908430 -977975
908430 -977975 52643 504976
52643 504976 467812 782829
467812 782829 138342 603448
138342 603448 -862966 512970
-862966 512970 -94049 910595
-94049 910595 -945005 354833
-945005 354833 599974 -638570
599974 -638570 -321669 -16795
-321669 -16795 -200783 -888418
-200783 -888418 618603 -596949
618603 -596949 579538 833974
579538 833974 -858146 614417
-858146 614417 -317781 584266
-317781 584266 817310 -959561
817310 -959561 -367167 -595790
-367167 -595790 -120695 696476
-120695 696476 -381652 714793
-381652 714793 179092 -672506
179092 -672506 465113 144647
465113 144647 -217714 432186
-217714 432186 503132 291089
503132 291089 827455 -236119
827455 -236119 -633178 -994576
-633178 -994576 614576 -114981
614576 -114981 -798588 202720
-798588 202720 -451095 682778
-451095 682778 -97517 -774870
-97517 -774870 910409 308937
910409 308937 716468 529211
716468 529211 572543 198830
572543 198830 404082 -627234
404082 -627234 859418 435998
859418 435998 -978889 519365
-978889 519365 954674 -238182
954674 -238182 -752159 436065
-752159 436065 -503946 -587757
-503946 -587757 -113173 -837126
-113173 -837126 -678685 -66226
-678685 -66226 -214466 656308
-214466 656308 89781 12799
89781 12799 802518 79270
802518 79270 226947 -134695
226947 -134695 -125515 -58840
-125515 -58840 -910894 -826250
-910894 -826250 318814 -838172
318814 -838172 -885336 -183000
-885336 -183000 560809 618040
560809 618040 11499 332733
11499 332733 837938 -991883
837938 -991883 76964 109154
76964 109154 903160 -561189
903160 -561189 534448 672520
534448 672520 -767791 742683
-767791 742683 775294 -892201
775294 -892201 591326 196126
591326 196126 -639287 -474720
-639287 -474720 -710490 -262755
-710490 -262755 -405801 -986052
-405801 -986052 -794996 891169
-794996 891169 361914 986845
361914 986845 -507186 370635
-507186 370635 -814032 -276410
-814032 -276410 584025 257689
584025 257689 -341649 809259
-341649 809259 -771888 -427398
-771888 -427398 -632627 -337966
-632627 -337966 116617 100236
116617 100236 -140551 -227205
-140551 -227205 844134 799330
844134 799330 386749 -151960
386749 -151960 362247 727505
362247 727505 282308 307500
282308 307500 -414014 -198971
-414014 -198971 569319 962655
569319 962655 677918 200554
677918 200554 114699 -802712
114699 -802712 -900208 -488771
-900208 -488771 765542 628099
765542 628099 289687 -824647
289687 -824647 -689377 -947048
-689377 -947048 300005 -276042
300005 -276042 -135547 -488213
-135547 -488213 150721 -720180
150721 -720180 733428 -787239
733428 -787239 -237390 -238658
-237390 -238658 -146814 36500
-146814 36500 741978 -624151
741978 -624151 178280 618099
178280 618099 691734 564963
691734 564963 186175 423351
186175 423351 755954 -122913
755954 -122913 -953780 -596254
-953780 -596254 -617230 776626
-617230 776626 -31252 942097
-31252 942097 397522 942740
397522 942740 594828 -995284
594828 -995284 -592801 -271224
-592801 -271224 691759 -725881
691759 -725881 -899258 268330
-899258 268330 560646 615433
560646 615433 933153 -179231
933153 -179231 -243120 -15502
-243120 -15502 -223033 -135881
-223033 -135881 659284 668990
659284 668990 434199 -568866
434199 -568866 -41674 193078
-41674 193078 -523376 974271
-523376 974271 821567 927978
821567 927978 146271 -415904
146271 -415904 301366 37186
301366 37186 -519198 -77575
-519198 -77575 -980862 582117
-980862 582117 -492683 -847188
-492683 -847188 -983038 299435
-983038 299435 -49665 -170001
-49665 -170001 -841184 374430
-841184 374430 152035 -973882
152035 -973882 597470 649946
597470 649946 252064 -212944
252064 -212944 198194 -808901
198194 -808901 -646500 -882987
-646500 -882987 -927283 -17267
-927283 -17267 -44604 -797226
-44604 -797226 639045 -189878
639045 -189878 -996359 752592
-996359 752592 -602020 -11479
-602020 -11479 -962921 662004
-962921 662004 -551985 70266
-551985 70266 -635665 -887843
-635665 -887843 61310 469737
61310 469737 -643562 -571954
-643562 -571954 60517 -416250
60517 -416250 588020 206005
588020 206005 181358 83549
181358 83549 710772 -823757
710772 -823757 574924 -857787
574924 -857787 232206 -99568
232206 -99568 407751 991304
407751 991304 657345 -397394
657345 -397394 -824637 -42768
-824637 -42768 662836 -920915
662836 -920915 268611 -648363
268611 -648363 -167070 -430280
-167070 -430280 -379212 -490078
-379212 -490078 550225 740569
550225 740569 -260710 36302
-260710 36302 -239459 -523556
-239459 -523556 797983 -110046
797983 -110046 -639789 219049
-639789 219049 -674092 -922178
-674092 -922178 766127 -188859
766127 -188859 911085 -501231
911085 -501231 812376 346732
812376 346732 466088 123913
466088 123913 -807944 -152583
-807944 -152583 -719518 -792609
-719518 -792609 -510689 226665
-510689 226665 838093 479421
838093 479421 -334312 -149480
-334312 -149480 592873 704044
592873 704044 314320 968666
314320 968666 -809050 966455
-809050 966455 -202849 94403
-202849 94403 546206 -328138
546206 -328138 -587674 880799
-587674 880799 375209 -523781
375209 -523781 694341 807003
694341 807003 274329 991781
274329 991781 -181429 200872
-181429 200872 -577934 588082
-577934 588082 71059 187972
71059 187972 -27362 571045
-27362 571045 -385993 599364
-385993 599364 -616444 -325056
-616444 -325056 -722655 -924209
-722655 -924209 -253670 250388
-253670 250388 629320 423794
629320 423794 110833 861724
110833 861724 -570611 935374
-570611 935374 521641 -867804
521641 -867804 176695 600164
176695 600164 -76724 -75425
-76724 -75425 651336 358847
651336 358847 -722854 -589817
-722854 -589817 357842 -989219
357842 -989219 -797957 -712957
-797957 -712957 -746161 -935923
-746161 -935923 177923 453054
177923 453054 -201129 -300325
-201129 -300325 593882 692924
593882 692924 830321 188612
830321 188612 -138113 808097
-138113 808097 120270 -639224
120270 -639224 -427616 -415392
-427616 -415392 -857074 697060
-857074 697060 23624 67426
23624 67426 92739 -816409
92739 -816409 955364 621081
955364 621081 368817 777467
368817 777467 -31961 -887821
-31961 -887821 -334361 511225
-334361 511225 -822323 -787546
-822323 -787546 -375664 489787
-375664 489787 879827 -521573
879827 -521573 -865945 -421969
-865945 -421969 -65720 854738
-65720 854738 132374 -400911
132374 -400911 577918 -860563
577918 -860563 392152 -120685
392152 -120685 -533713 516127
-533713 516127 844246 -406389
844246 -406389 708694 111094
708694 111094 676158 41112
676158 41112 -821912 496564
-821912 496564 288001 -134635
288001 -134635 279590 160753
279590 160753 467665 -658731
467665 -658731 -444294 -785708
-444294 -785708 -678678 -479329
-678678 -479329 -307807 231681
-307807 231681 600652 -982284
600652 -982284 458553 -2623
458553 -2623 -508650 490411
-508650 490411 841409 626111
841409 626111 945377 696764
945377 696764 -65006 723090
-65006 723090 366160 -65818
366160 -65818 -823676 -528880
-823676 -528880 370281 -425832
370281 -425832 192250 969036
192250 969036 -276778 -195220
-276778 -195220 405012 795648
405012 795648 -934587 170670
-934587 170670 -511624 569712
-511624 569712 290652 -882130
290652 -882130 571776 -340618
571776 -340618 293914 25375
293914 25375 -349676 -377871
-349676 -377871 1407 794103
1407 794103 3527 544678
3527 544678 -449938 598955
-449938 598955 935615 -390651
935615 -390651 -814506 291006
-814506 291006 99165 636191
99165 636191 83335 734534
83335 734534 -813653 939958
-813653 939958 -74064 928392
-74064 928392 -271505 898224
-271505 898224 -207007 -755434
-207007 -755434 809070 60035
809070 60035 7491 148745
7491 148745 -273443 836749
-273443 836749 -151587 874960
-151587 874960 -611718 429876
-611718 429876 -716243 -220917
-716243 -220917 -140172 811976
-140172 811976 250437 -195483
250437 -195483 512083 441261
512083 441261 810790 657054
810790 657054 788567 782119
788567 782119 344289 862906
344289 862906 536249 121873
536249 121873 928187 -50008
928187 -50008 610645 -574039
610645 -574039 -340327 14522
-340327 14522 -863807 267319
-863807 267319 -75005 857157
-75005 857157 -666599 -97996
-666599 -97996 -959140 275241
-959140 275241 9023 -850194
9023 -850194 -997067 -101888
-997067 -101888 -940682 -36497
-940682 -36497 -772377 -478224
-772377 -478224 934570 -5480
934570 -5480 22188 313897
22188 313897 113742 198434
113742 198434 -269553 45739
-269553 45739 311896 821259
311896 821259 -475772 -909694
-475772 -909694 -38906 316788
-38906 316788 -348833 327426
-348833 327426 997178 -909109
997178 -909109 -62131 568450
-62131 568450 -87284 356247
-87284 356247 -633181 608915
-633181 608915 224092 -859692
224092 -859692 4649 -634144
4649 -634144 -149348 -751146
-149348 -751146 -726089 -157634
-726089 -157634 713176 957531
713176 957531 707596 606076
707596 606076 -382694 215729
-382694 215729 -331485 566558
-331485 566558 -261556 -395035
-261556 -395035 -41390 -276331
-41390 -276331 -259013 282362
-259013 282362 -13403 -369748
-13403 -369748 343364 729647
343364 729647 -194727 -931857
-194727 -931857 -567670 -778948
-567670 -778948 271301 199589
271301 199589 -652161 -701299
-652161 -701299 -22855 -811784
-22855 -811784 932518 -936881
932518 -936881 -456416 69741
-456416 69741 -575824 -985723
-575824 -985723 367076 -462144
367076 -462144 -625745 281217
-625745 281217 812289 181917
812289 181917 919024 100951
919024 100951 189892 600316
189892 600316 381457 -935506
381457 -935506 277582 -363560
277582 -363560 -712335 -808771
-712335 -808771 419568 -593751
419568 -593751 105231 649219
105231 649219 -884979 798668
-884979 798668 -353042 -415049
-353042 -415049 -56467 -695554
-56467 -695554 -369142 214340
-369142 214340 682267 -193208
682267 -193208 362446 -629691
362446 -629691 102443 -76447
102443 -76447 -529259 900792
-529259 900792 338086 580857
338086 580857 -65825 -161126
-65825 -161126 -486470 957536
-486470 957536 561317 549682
561317 549682 -930118 232290
-930118 232290 672202 -294501
672202 -294501 184480 71317
184480 71317 -983667 682032
-983667 682032 407488 -752431
407488 -752431 420902 -399441
420902 -399441 477458 -632346
477458 -632346 -529140 970261
-529140 970261 -474574 -305196
-474574 -305196 -493494 93637
-493494 93637 -98933 710221
-98933 710221 -584469 -703096
-584469 -703096 -920670 -151736
-920670 -151736 -159854 -423561
-159854 -423561 -692375 175909
-692375 175909 134444 -384222
134444 -384222 57256 840337
57256 840337 -156324 757768
-156324 757768 891862 323722
891862 323722 715980 605673
715980 605673 172923 -950215
172923 -950215 -668580 215724
-668580 215724 326954 -276017
326954 -276017 -368363 -107417
-368363 -107417 736019 774428
736019 774428 -821587 7864
-821587 7864 -855801 433872
-855801 433872 220696 -512821
220696 -512821 973660 112253
973660 112253 -499459 121567
-499459 121567 989635 163917
989635 163917 -677271 393800
-677271 393800 757633 416
757633 416 -684995 601107
-684995 601107 -176085 -17419
-176085 -17419 -701562 757455
-701562 757455 -25988 -538123
-25988 -538123 686703 -133822
686703 -133822 -666669 -532791
-666669 -532791 387345 581894
387345 581894 400947 806002
400947 806002 -581143 844666
-581143 844666 195994 179723
195994 179723 700849 -782448
700849 -782448 -498603 246646
-498603 246646 -433645 -828971
-433645 -828971 -242894 -175810
-242894 -175810 -286061 291511
-286061 291511 973768 396510
973768 396510 -163877 511475
-163877 511475 -521268 63994
-521268 63994 -855264 -814036
-855264 -814036 828551 -988594
828551 -988594 -653971 586405
-653971 586405 570184 323290
570184 323290 409900 172352
409900 172352 -315101 949988
-315101 949988 -401230 449193
-401230 449193 -539067 58378
-539067 58378 96918 -953742
96918 -953742 678661 754254
678661 754254 707961 210464
707961 210464 399052 -972448
399052 -972448 -329722 -746543
-329722 -746543 -649137 -939140
-649137 -939140 -666030 -709704
-666030 -709704 -55416 -113052
-55416 -113052 542778 -777722
542778 -777722 -463061 607742
-463061 607742 -407845 802720
-407845 802720 494388 -220656
494388 -220656 399256 -845006
399256 -845006 159345 -544209
159345 -544209 957882 -326664
957882 -326664 913953 -858768
913953 -858768 -455141 213432
-455141 213432 652928 539893
652928 539893 -662371 -524632
-662371 -524632 -961682 198670
-961682 198670 -333735 -629730
-333735 -629730 -981889 736082
-981889 736082 426467 776838
426467 776838 -697181 -958206
-697181 -958206 25868 -189004
25868 -189004 -859524 464151
-859524 464151 -426605 97018
-426605 97018 -255275 751765
-255275 751765 948329 289348
948329 289348 -472025 753776
-472025 753776 693760 -123706
693760 -123706 -11007 -797618
-11007 -797618 -422755 857447
-422755 857447 -335680 -773819
-335680 -773819 883874 -570769
883874 -570769 256049 -175636
256049 -175636 715892 -807976
715892 -807976 884397 17756
884397 17756 595703 93171
595703 93171 -697825 -107812
-697825 -107812 972699 981712
972699 981712 -791112 -160093
-791112 -160093 36696 151249
36696 151249 172955 -495868
172955 -495868 527293 -196354
527293 -196354 -803904 -910245
-803904 -910245 40116 -404559
40116 -404559 552109 -296648
552109 -296648 -989747 596429
-989747 596429 10625 -161727
10625 -161727 -92176 -498371
-92176 -498371 -378139 -338778
-378139 -338778 269995 497803
269995 497803 217051 -999180
217051 -999180 -559625 -151110
-559625 -151110 -213524 -794743
-213524 -794743 879554 890142
879554 890142 -538630 -314463
-538630 -314463 251235 3287
251235 3287 440007 -893349
440007 -893349 -66464 976119
-66464 976119 -710338 -497634
-710338 -497634 808383 -633257
808383 -633257 -404625 249046
-404625 249046 -776396 817767
-776396 817767 211259 -297835
211259 -297835 784638 -447933
784638 -447933 196615 415567
196615 415567 948763 -269372
948763 -269372 176045 -511358
176045 -511358 606349 800786
606349 800786 -691385 242936
-691385 242936 -343487 564519
-343487 564519 -283018 120335
-283018 120335 -466524 -92405
-466524 -92405 729030 -483023
729030 -483023 -784817 864293
-784817 864293 849781 311939
849781 311939 239985 703859
239985 703859 646621 -750741
646621 -750741 680367 180878
680367 180878 22466 -579830
22466 -579830 65320 164631
65320 164631 503344 685584
503344 685584 143976 -650168
143976 -650168 106475 782280
106475 782280 -420970 -598548
-420970 -598548 51114 878521
51114 878521 59840 -954306
59840 -954306 652010 -360906
652010 -360906 722100 191538
722100 191538 984456 193307
984456 193307 669173 138004
669173 138004 -133675 -613008
-133675 -613008 -138032 640833
-138032 640833 906660 -380547
906660 -380547 253261 -858921
253261 -858921 936505 947791
936505 947791 622721 -150328
622721 -150328 -982114 -297040
-982114 -297040 -441506 -10914
-441506 -10914 459044 -759179
459044 -759179 -148868 -590901
-148868 -590901 22087 17876
22087 17876 379877 -408961
