1
2000
-109403 -372059 60236 310500
60236 310500 -472240 661221
-472240 661221 343602 971171
343602 971171 -52847 355429
-52847 355429 -316479 -67589
-316479 -67589 -110393 170649
-110393 170649 -359719 -897046
-359719 -897046 824130 -782463
824130 -782463 720943 -300261
720943 -300261 -758091 226444
-758091 226444 -670475 340626
-670475 340626 327923 629735
327923 629735 -571827 837227
-571827 837227 -527531 -717901
-527531 -717901 -307060 -276815
-307060 -276815 665551 -804387
665551 -804387 -948432 -311901
-948432 -311901 -150201 938224
-150201 938224 601525 307561
601525 307561 154591 -251565
154591 -251565 774880 160354
774880 160354 -168633 562390
-168633 562390 564855 668063
564855 668063 946903 -487265
946903 -487265 -937582 422045
-937582 422045 -187844 -988348
-187844 -988348 -23349 -794233
-23349 -794233 711592 342748
711592 342748 -72486 -2663
-72486 -2663 849395 -970562
849395 -970562 -279107 -601873
-279107 -601873 867381 114650
867381 114650 -352779 84602
-352779 84602 250544 -479960
250544 -479960 942088 -726544
942088 -726544 -454476 626284
-454476 626284 -438922 -674189
-438922 -674189 213777 568218
213777 568218 752584 -505989
752584 -505989 -28578 363515
-28578 363515 -440676 -254630
-440676 -254630 -796246 594142
-796246 594142 -548631 963844
-548631 963844 -763246 -189699
-763246 -189699 479881 599903
479881 599903 -606685 -484504
-606685 -484504 329052 577771
329052 577771 -187307 819683
-187307 819683 521682 -944663
521682 -944663 -396021 4738
-396021 4738 629964 418977
629964 418977 -593354 329596
-593354 329596 -593332 498871
-593332 498871 -823670 747876
-823670 747876 726196 -804819
726196 -804819 -997097 -782584
-997097 -782584 450893 -26717
450893 -26717 -857992 579486
-857992 579486 934141 -98703
934141 -98703 798329 -656826
798329 -656826 742668 -201017
742668 -201017 429121 975934
429121 975934 161110 900891
161110 900891 -157633 956155
-157633 956155 563854 -347704
563854 -347704 827860 -163050
827860 -163050 -204890 -160260
-204890 -160260 766896 907100
766896 907100 313804 -935617
313804 -935617 883780 290771
883780 290771 -15702 48224
-15702 48224 -463012 785458
-463012 785458 926524 -35721
926524 -35721 -925134 641059
-925134 641059 974783 985969
974783 985969 88288 680078
88288 680078 712141 660776
712141 660776 -119426 -791022
-119426 -791022 -566505 -253702
-566505 -253702 347869 788050
347869 788050 77014 -682053
77014 -682053 -768067 383080
-768067 383080 -961743 537350
-961743 537350 936312 -556286
936312 -556286 310169 555808
310169 555808 177883 -420707
177883 -420707 438761 245131
438761 245131 -15339 243191
-15339 243191 -166350 642398
-166350 642398 -728802 365719
-728802 365719 913510 9140
913510 9140 919554 872844
919554 872844 -775326 197563
-775326 197563 -926343 359437
-926343 359437 59512 -308933
59512 -308933 724102 -254961
724102 -254961 -499305 -713387
-499305 -713387 448429 949474
448429 949474 450309 794067
450309 794067 62313 -534658
62313 -534658 452968 -990518
452968 -990518 -55953 -800755
-55953 -800755 -415876 892321
-415876 892321 94213 824691
94213 824691 787020 138574
787020 138574 984931 351214
984931 351214 49803 -782843
49803 -782843 -97146 -255208
-97146 -255208 -593123 -663142
-593123 -663142 -220612 -742674
-220612 -742674 -69186 -130303
-69186 -130303 -170290 -93024
-170290 -93024 536869 -816401
536869 -816401 162201 -605836
162201 -605836 -831737 61017
-831737 61017 455515 -24139
455515 -24139 521501 647364
521501 647364 241430 -657102
241430 -657102 -969089 -874312
-969089 -874312 -102905 -432926
-102905 -432926 739833 -485467
739833 -485467 -3177 176240
-3177 176240 -665050 358832
-665050 358832 -133406 487939
-133406 487939 820489 455834
820489 455834 204609 -103568
204609 -103568 -193294 -299063
-193294 -299063 -649941 -29631
-649941 -29631 -187251 788455
-187251 788455 -781108 -121846
-781108 -121846 961736 430439
961736 430439 -826089 -240109
-826089 -240109 38644 -427929
38644 -427929 -956139 -851777
-956139 -851777 -702688 -104418
-702688 -104418 449649 427779
449649 427779 919340 183841
919340 183841 -559214 701122
-559214 701122 -421826 -729812
-421826 -729812 -111436 -295354
-111436 -295354 898773 -256526
898773 -256526 571360 -169488
571360 -169488 764376 896128
764376 896128 918766 -803349
918766 -803349 982114 -232739
982114 -232739 -617403 -582382
-617403 -582382 881043 417176
881043 417176 79237 -90498
79237 -90498 -928876 627200
-928876 627200 813457 419427
813457 419427 83602 198368
83602 198368 -342687 -310456
-342687 -310456 636825 -863488
636825 -863488 628093 -348606
628093 -348606 323801 48700
323801 48700 -899068 -145146
-899068 -145146 61887 -276548
61887 -276548 -703875 389616
-703875 389616 -250431 526683
-250431 526683 -431197 797517
-431197 797517 269477 883282
269477 883282 80019 -292062
80019 -292062 548962 -708083
548962 -708083 -180074 29578
-180074 29578 747272 -73659
747272 -73659 68400 -123940
68400 -123940 654627 -926439
654627 -926439 -671105 762578
-671105 762578 590916 919450
590916 919450 -276684 -875654
-276684 -875654 -329931 604864
-329931 604864 339366 -960207
339366 -960207 -191579 -57581
-191579 -57581 -489415 -535444
-489415 -535444 740937 642983
740937 642983 908308 864842
908308 864842 857083 -897553
857083 -897553 -700706 -709271
-700706 -709271 59176 325749
59176 325749 -922444 246566
-922444 246566 961283 -549071
961283 -549071 668642 452999
668642 452999 -797172 -910776
-797172 -910776 665210 251607
665210 251607 -940490 240468
-940490 240468 -205598 500740
-205598 500740 -486954 392043
-486954 392043 141699 -219080
141699 -219080 -754931 37710
-754931 37710 3136 268333
3136 268333 731040 -369707
731040 -369707 616939 -42404
616939 -42404 -335732 498205
-335732 498205 -566444 -547425
-566444 -547425 -681436 -766406
-681436 -766406 326745 -456817
326745 -456817 -150106 463063
-150106 463063 647974 -214057
647974 -214057 445355 405046
445355 405046 959753 -543324
959753 -543324 -259475 -871788
-259475 -871788 -561964 211630
-561964 211630 858434 -490715
858434 -490715 -707872 -183185
-707872 -183185 439720 -613056
439720 -613056 783644 -657277
783644 -657277 871536 -60836
871536 -60836 677262 -3680
677262 -3680 -813745 -244279
-813745 -244279 101672 335089
101672 335089 -854672 -630360
-854672 -630360 886375 -303542
886375 -303542 -960992 -652670
-960992 -652670 723422 60526
723422 60526 266336 205523
266336 205523 566142 -222660
566142 -222660 -469935 -43664
-469935 -43664 -759609 -951426
-759609 -951426 -294408 -961777
-294408 -961777 982513 -110073
982513 -110073 -363660 -34976
-363660 -34976 912894 -604943
912894 -604943 -121068 425661
-121068 425661 732499 -968849
732499 -968849 842185 -117448
842185 -117448 -973634 -34038
-973634 -34038 -322780 384069
-322780 384069 -598383 330784
-598383 330784 452926 -30822
452926 -30822 -12050 513341
-12050 513341 -562843 174420
-562843 174420 -635575 -163953
-635575 -163953 -967556 859229
-967556 859229 568127 994464
568127 994464 -293460 -183628
-293460 -183628 -310683 -927000
-310683 -927000 587621 441716
587621 441716 -195898 388561
-195898 388561 -478287 -247093
-478287 -247093 229009 495429
229009 495429 503003 101105
503003 101105 -445311 -448211
-445311 -448211 325082 222480
325082 222480 516086 565157
516086 565157 -714879 -405660
-714879 -405660 806321 -936010
806321 -936010 -116454 783165
-116454 783165 837226 -36306
837226 -36306 338078 961860
338078 961860 721901 -299177
721901 -299177 616930 71359
616930 71359 -441773 276955
-441773 276955 -244616 729795
-244616 729795 12818 157926
12818 157926 -913921 -675908
-913921 -675908 -218151 -658478
-218151 -658478 -517205 739789
-517205 739789 -632262 230655
-632262 230655 -788141 -720648
-788141 -720648 179853 40770
179853 40770 23263 721117
23263 721117 821806 380915
821806 380915 -703646 657081
-703646 657081 380082 -253493
380082 -253493 127 -619441
127 -619441 -825857 992248
-825857 992248 783592 -889399
783592 -889399 -837983 168654
-837983 168654 -259748 -878370
-259748 -878370 -53883 844950
-53883 844950 704303 699482
704303 699482 -196976 95421
-196976 95421 595479 201513
595479 201513 -244859 -539352
-244859 -539352 -710091 -211419
-710091 -211419 344243 688240
344243 688240 -807232 52524
-807232 52524 -835711 -715291
-835711 -715291 994465 384346
994465 384346 852785 -657176
852785 -657176 226514 27582
226514 27582 -9189 44709
-9189 44709 738391 398735
738391 398735 -998659 749091
-998659 749091 76483 148510
76483 148510 -86595 658419
-86595 658419 601007 301631
601007 301631 -676719 719016
-676719 719016 -406391 -940810
-406391 -940810 949599 441456
949599 441456 20041 430047
20041 430047 -606812 527527
-606812 527527 632882 934697
632882 934697 218836 -52643
218836 -52643 434727 390502
434727 390502 651421 101128
651421 101128 693096 637732
693096 637732 -90931 -461023
-90931 -461023 -176649 246725
-176649 246725 493409 -223160
493409 -223160 292155 -918982
292155 -918982 -975120 -375305
-975120 -375305 954804 -393210
954804 -393210 -698449 694671
-698449 694671 174288 -415051
174288 -415051 236128 378602
236128 378602 293737 -831650
293737 -831650 330617 496164
330617 496164 -711630 -88291
-711630 -88291 974930 750599
974930 750599 348605 548848
348605 548848 224531 404104
224531 404104 -183753 -392489
-183753 -392489 961172 -475697
961172 -475697 275658 -763239
275658 -763239 274138 -855810
274138 -855810 -495138 -34765
-495138 -34765 310215 986501
310215 986501 -18083 -681759
-18083 -681759 604576 417298
604576 417298 -972859 -683692
-972859 -683692 -588462 193
-588462 193 563466 162956
563466 162956 377727 811701
377727 811701 969830 -968240
969830 -968240 -376428 -369847
-376428 -369847 -435046 -445767
-435046 -445767 -880636 741512
-880636 741512 -349790 -142278
-349790 -142278 -692268 -561166
-692268 -561166 -418185 -951957
-418185 -951957 530602 -682726
530602 -682726 -533044 -798054
-533044 -798054 291926 -870043
291926 -870043 636886 -985900
636886 -985900 -170134 975724
-170134 975724 -332404 -150677
-332404 -150677 -791125 -335836
-791125 -335836 512638 -965685
512638 -965685 -915979 329357
-915979 329357 120603 666007
120603 666007 674707 -154743
674707 -154743 469984 -574813
469984 -574813 -27181 116215
-27181 116215 -789536 -937445
-789536 -937445 926231 -58675
926231 -58675 886554 -137166
886554 -137166 232691 799391
232691 799391 -35862 426633
-35862 426633 -987650 -608715
-987650 -608715 -800933 -274563
-800933 -274563 -263699 849604
-263699 849604 -511199 -435030
-511199 -435030 774267 385511
774267 385511 182503 -71923
182503 -71923 -770754 -371428
-770754 -371428 -564752 164951
-564752 164951 -532822 -673624
-532822 -673624 871910 831424
871910 831424 -369783 414426
-369783 414426 733786 351557
733786 351557 407734 -356307
407734 -356307 298394 -571908
298394 -571908 -485822 -197384
-485822 -197384 -839837 -43417
-839837 -43417 970099 -883541
970099 -883541 -804182 -415406
-804182 -415406 -310388 -902193
-310388 -902193 -791803 -909764
-791803 -909764 821178 959435
821178 959435 163933 105028
163933 105028 -984481 482644
-984481 482644 348776 -112806
348776 -112806 299342 56783
299342 56783 526087 234710
526087 234710 889011 -745042
889011 -745042 413253 901487
413253 901487 -26589 -986836
-26589 -986836 38022 745762
38022 745762 -204050 520790
-204050 520790 420367 633119
420367 633119 395862 -675958
395862 -675958 -257117 -113103
-257117 -113103 314801 -159992
314801 -159992 -817624 947857
-817624 947857 -272210 160534
-272210 160534 -374328 748238
-374328 748238 744870 903094
744870 903094 562748 716209
562748 716209 -76065 -604158
-76065 -604158 406660 507834
406660 507834 17153 668181
17153 668181 -912505 -750627
-912505 -750627 -533835 -348407
-533835 -348407 -880507 996771
-880507 996771 824404 -242865
824404 -242865 59322 73491
59322 73491 -948331 713681
-948331 713681 231716 575777
231716 575777 -760445 459871
-760445 459871 163274 -805641
163274 -805641 -196340 254301
-196340 254301 865837 474373
865837 474373 -288039 874702
-288039 874702 -599897 -327915
-599897 -327915 -695818 -757391
-695818 -757391 350409 306792
350409 306792 144108 -418814
144108 -418814 266534 376226
266534 376226 131900 -845635
131900 -845635 -564745 294056
-564745 294056 509638 -659065
509638 -659065 -361665 -886323
-361665 -886323 638904 -718886
638904 -718886 381449 440998
381449 440998 -368113 414637
-368113 414637 -689218 -472588
-689218 -472588 110294 -590706
110294 -590706 416585 -583069
416585 -583069 848398 -271298
848398 -271298 225 973032
225 973032 -149408 38400
-149408 38400 939975 487022
939975 487022 272460 -719033
272460 -719033 -212693 532801
-212693 532801 -701207 764645
-701207 764645 21702 -550608
21702 -550608 586830 -562397
586830 -562397 80967 -396272
80967 -396272 -124978 468235
-124978 468235 -461662 -509339
-461662 -509339 846336 146738
846336 146738 751261 388
751261 388 468890 500283
468890 500283 394175 374774
394175 374774 792995 -844225
792995 -844225 19521 -820798
19521 -820798 -915555 216108
-915555 216108 -246779 -864580
-246779 -864580 776712 521957
776712 521957 97124 629073
97124 629073 661987 -482799
661987 -482799 -147256 -958824
-147256 -958824 -355789 776474
-355789 776474 796463 -248256
796463 -248256 -763988 108195
-763988 108195 439953 -847558
439953 -847558 -593973 -177444
-593973 -177444 656728 794934
656728 794934 -423818 136079
-423818 136079 516941 166227
516941 166227 -637934 850748
-637934 850748 -40104 -110882
-40104 -110882 629190 890419
629190 890419 601525 -431410
601525 -431410 875262 -751857
875262 -751857 -501201 23468
-501201 23468 -371719 -681007
-371719 -681007 -209185 -225785
-209185 -225785 30080 520992
30080 520992 -483673 -518689
-483673 -518689 754277 -913237
754277 -913237 -679226 268383
-679226 268383 -198034 590407
-198034 590407 646268 323854
646268 323854 -486717 794600
-486717 794600 -38408 -960293
-38408 -960293 -265732 -440840
-265732 -440840 -73617 292526
-73617 292526 -403328 739894
-403328 739894 820978 748244
820978 748244 -850323 622755
-850323 622755 734016 161223
734016 161223 -2592 774227
-2592 774227 904169 -481548
904169 -481548 -118612 -74756
-118612 -74756 -423027 -112321
-423027 -112321 -633660 -852164
-633660 -852164 420791 -335085
420791 -335085 -764009 438316
-764009 438316 62164 -979415
62164 -979415 -574830 594448
-574830 594448 878133 -213849
878133 -213849 -488865 891811
-488865 891811 912575 -458598
912575 -458598 -90534 -832931
-90534 -832931 -527227 323695
-527227 323695 -188996 -229425
-188996 -229425 384380 396588
384380 396588 -737553 -269763
-737553 -269763 -466317 497448
-466317 497448 -269128 -197576
-269128 -197576 612165 740159
612165 740159 843010 214087
843010 214087 153990 -523608
153990 -523608 -428529 -163428
-428529 -163428 -225513 -365748
-225513 -365748 -199694 694545
-199694 694545 -894404 -742737
-894404 -742737 981350 742419
981350 742419 878546 -819902
878546 -819902 -641497 174872
-641497 174872 -20063 36383
-20063 36383 874935 -209528
874935 -209528 430501 231056
430501 231056 294450 394563
294450 394563 672535 -716676
672535 -716676 -303774 -397266
-303774 -397266 321470 879634
321470 879634 652120 365672
652120 365672 202759 55986
202759 55986 884444 -923964
884444 -923964 379504 -725544
379504 -725544 940479 -237375
940479 -237375 349098 656507
349098 656507 -879146 694841
-879146 694841 -487294 -656573
-487294 -656573 -675248 299352
-675248 299352 -431772 -678144
-431772 -678144 -288983 -998668
-288983 -998668 -972680 773891
-972680 773891 215739 206454
215739 206454 834204 269058
834204 269058 272541 456639
272541 456639 552584 341444
552584 341444 524962 615199
524962 615199 447036 -517875
447036 -517875 -635754 69636
-635754 69636 -677084 685724
-677084 685724 -92532 -568970
-92532 -568970 576856 -502382
576856 -502382 -753179 -732428
-753179 -732428 628219 -442841
628219 -442841 -439159 318033
-439159 318033 -984562 -906336
-984562 -906336 584427 911375
584427 911375 662604 324544
662604 324544 691333 86759
691333 86759 913415 498092
913415 498092 -736698 828621
-736698 828621 -849042 738232
-849042 738232 -518968 -448206
-518968 -448206 131362 -398189
131362 -398189 -871288 882404
-871288 882404 187851 -442285
187851 -442285 550114 -162080
550114 -162080 192209 85970
192209 85970 -88133 403637
-88133 403637 539033 775043
539033 775043 -117122 -229599
-117122 -229599 94999 -439084
94999 -439084 -798234 -843163
-798234 -843163 -382519 189177
-382519 189177 -71048 -238292
-71048 -238292 -967830 -195367
-967830 -195367 164490 118831
164490 118831 1857 341531
1857 341531 163730 -682603
163730 -682603 900771 8355
900771 8355 280046 -705694
280046 -705694 503764 392764
503764 392764 606837 -644923
606837 -644923 -307800 -580297
-307800 -580297 -293040 -837197
-293040 -837197 707716 371563
707716 371563 -596244 577328
-596244 577328 -447477 93816
-447477 93816 989638 -725775
989638 -725775 855694 359745
855694 359745 -422926 690399
-422926 690399 648173 422163
648173 422163 -121017 458183
-121017 458183 -244793 889835
-244793 889835 -838934 -742734
-838934 -742734 122938 -964092
122938 -964092 -254486 301064
-254486 301064 910292 -32261
910292 -32261 150277 -466598
150277 -466598 -88707 707537
-88707 707537 255146 767880
255146 767880 318250 213580
318250 213580 -531911 -418216
-531911 -418216 828990 -382773
828990 -382773 -506589 426225
-506589 426225 -513919 -637925
-513919 -637925 288375 943822
288375 943822 883347 950400
883347 950400 -839017 -657
-839017 -657 398616 170273
398616 170273 -637038 -505363
-637038 -505363 580216 100916
580216 100916 -683423 511269
-683423 511269 -587574 -326978
-587574 -326978 -888692 -635204
-888692 -635204 821690 945374
821690 945374 -512559 940291
-512559 940291 -281088 -345457
-281088 -345457 939103 206654
939103 206654 978616 315910
978616 315910 377428 -952675
377428 -952675 185161 397637
185161 397637 -158418 -450440
-158418 -450440 -554839 961322
-554839 961322 599699 353461
599699 353461 -769044 -63580
-769044 -63580 -776175 -285907
-776175 -285907 -112280 -177973
-112280 -177973 341495 29733
341495 29733 429668 -856973
429668 -856973 -763614 -374822
-763614 -374822 364500 -754901
364500 -754901 453994 -585213
453994 -585213 365189 -954573
365189 -954573 -427071 508902
-427071 508902 859972 880369
859972 880369 846435 303394
846435 303394 795706 -940109
795706 -940109 -522835 -639899
-522835 -639899 -595326 79230
-595326 79230 579221 911719
579221 911719 -425229 -272806
-425229 -272806 528271 -318590
528271 -318590 -311635 -791318
-311635 -791318 -415688 943933
-415688 943933 -647753 952860
-647753 952860 -640921 -323764
-640921 -323764 -438332 646242
-438332 646242 -401117 -962139
-401117 -962139 -886858 -502745
-886858 -502745 730457 861501
730457 861501 949969 839039
949969 839039 -332112 649348
-332112 649348 451541 242247
451541 242247 378082 682324
378082 682324 -865328 -366549
-865328 -366549 317120 -288701
317120 -288701 924987 -837149
924987 -837149 -909324 471145
-909324 471145 66646 -966677
66646 -966677 546319 355871
546319 355871 57304 -720020
57304 -720020 39167 388602
39167 388602 -790053 -803341
-790053 -803341 -292418 21782
-292418 21782 648169 757370
648169 757370 851586 44257
851586 44257 373667 -517814
373667 -517814 -521509 634935
-521509 634935 271617 273106
271617 273106 343320 456436
343320 456436 -590528 582058
-590528 582058 898924 -606313
898924 -606313 -497424 -464321
-497424 -464321 716969 -561654
716969 -561654 143048 -677342
143048 -677342 359382 -927113
359382 -927113 616201 76314
616201 76314 922325 823819
922325 823819 -148425 -152865
-148425 -152865 -656307 -34345
-656307 -34345 -658102 -269957
-658102 -269957 -501655 -413943
-501655 -413943 845692 -165179
845692 -165179 -248395 761890
-248395 761890 -980609 -19662
-980609 -19662 661155 174709
661155 174709 -3926 287571
-3926 287571 669304 -172788
669304 -172788 -583107 -778703
-583107 -778703 -996762 -335067
-996762 -335067 864806 854331
864806 854331 847113 -366660
847113 -366660 775370 -470029
775370 -470029 883036 786840
883036 786840 -497391 850004
-497391 850004 522412 259232
522412 259232 462040 218134
462040 218134 224437 -826205
224437 -826205 -444030 207480
-444030 207480 85854 808579
85854 808579 -449462 -145109
-449462 -145109 113023 486094
113023 486094 310408 -412272
310408 -412272 -530733 690289
-530733 690289 378941 65673
378941 65673 -969673 -411181
-969673 -411181 186755 -936256
186755 -936256 -146175 539441
-146175 539441 -28664 119827
-28664 119827 444676 238256
444676 238256 881655 -707119
881655 -707119 361327 402337
361327 402337 497133 80449
497133 80449 -444204 280063
-444204 280063 -235383 -14788
-235383 -14788 -91468 -80459
-91468 -80459 725525 508468
725525 508468 -694899 695553
-694899 695553 -955951 -104798
-955951 -104798 425029 -147347
425029 -147347 592187 440295
592187 440295 456468 804498
456468 804498 763528 174692
763528 174692 395453 -296654
395453 -296654 -413011 -875884
-413011 -875884 474265 -174478
474265 -174478 166242 904150
166242 904150 -845969 480295
-845969 480295 819704 -857774
819704 -857774 178021 -575924
178021 -575924 -845865 862169
-845865 862169 -877106 -844825
-877106 -844825 -600507 -466718
-600507 -466718 -239065 -363663
-239065 -363663 -975048 -127393
-975048 -127393 -602366 -970250
-602366 -970250 118964 720967
118964 720967 220461 701725
220461 701725 143024 194725
143024 194725 -997835 887498
-997835 887498 385300 758831
385300 758831 -592515 334664
-592515 334664 84861 -524399
84861 -524399 -438056 837106
-438056 837106 -501584 470025
-501584 470025 642230 -139610
642230 -139610 -916034 686393
-916034 686393 -269900 300896
-269900 300896 -662478 898024
-662478 898024 -627019 -559776
-627019 -559776 -412801 -806951
-412801 -806951 -242218 900253
-242218 900253 615378 742894
615378 742894 -534092 971452
-534092 971452 -253808 626404
-253808 626404 -351908 -806596
-351908 -806596 176574 -474879
176574 -474879 -812691 862769
-812691 862769 940780 873315
940780 873315 -555894 836541
-555894 836541 139969 74757
139969 74757 -338218 -567659
-338218 -567659 -506004 919700
-506004 919700 273307 511013
273307 511013 298685 128537
298685 128537 -771153 473577
-771153 473577 73826 -196905
73826 -196905 -663757 -616761
-663757 -616761 761654 380536
761654 380536 275868 -773786
275868 -773786 226982 958271
226982 958271 -64881 -81310
-64881 -81310 -484969 -312853
-484969 -312853 152798 232224
152798 232224 483265 -834087
483265 -834087 -107141 -993228
-107141 -993228 332251 -881426
332251 -881426 782548 -569072
782548 -569072 -645758 629236
-645758 629236 -138197 -894153
-138197 -894153 -800306 -470768
-800306 -470768 -912974 268810
-912974 268810 -199404 216444
-199404 216444 -719397 -674181
-719397 -674181 367143 -894025
367143 -894025 562519 858542
562519 858542 276316 300228
276316 300228 -962466 450120
-962466 450120 817865 -967922
817865 -967922 -617006 -428081
-617006 -428081 -306345 553718
-306345 553718 -76358 449963
-76358 449963 -340439 -536180
-340439 -536180 217992 206960
217992 206960 922372 -229813
922372 -229813 143474 655273
143474 655273 490036 -103393
490036 -103393 705581 -279879
705581 -279879 544347 959956
544347 959956 494240 -221718
494240 -221718 -399055 440054
-399055 440054 411878 -430954
411878 -430954 288551 -610415
288551 -610415 -911239 591690
-911239 591690 121433 -549466
121433 -549466 -323185 -802126
-323185 -802126 -212354 -654163
-212354 -654163 -49071 946151
-49071 946151 776196 448656
776196 448656 -40617 -857165
-40617 -857165 -99689 -742058
-99689 -742058 806270 -256066
806270 -256066 -458661 64171
-458661 64171 879312 74304
879312 74304 704339 -372843
704339 -372843 668870 -426783
668870 -426783 316087 -587076
316087 -587076 -510910 -145266
-510910 -145266 185776 -94234
185776 -94234 895662 77774
895662 77774 960735 -495055
960735 -495055 511213 281380
511213 281380 -899454 -985000
-899454 -985000 753929 -90481
753929 -90481 769531 807719
769531 807719 -82039 -126809
-82039 -126809 330593 -537658
330593 -537658 883889 572373
883889 572373 279282 737409
279282 737409 -505362 -488964
-505362 -488964 -15401 -113294
-15401 -113294 152669 727219
152669 727219 -30645 830678
-30645 830678 655956 986542
655956 986542 254076 -290975
254076 -290975 549189 -670585
549189 -670585 65745 568025
65745 568025 -797877 -550701
-797877 -550701 574267 -629838
574267 -629838 -549567 451947
-549567 451947 403127 -922447
403127 -922447 -395128 841253
-395128 841253 -680174 -549346
-680174 -549346 533267 852333
533267 852333 515655 -985917
515655 -985917 -411177 354528
-411177 354528 951216 -438412
951216 -438412 -151694 514160
-151694 514160 -486894 324294
-486894 324294 -23225 -643925
-23225 -643925 -882090 -54893
-882090 -54893 -900799 725681
-900799 725681 -119701 913573
-119701 913573 995446 -281267
995446 -281267 -60392 -201689
-60392 -201689 -948300 -784286
-948300 -784286 -619760 891392
-619760 891392 805299 438574
805299 438574 -848357 -936066
-848357 -936066 -72987 2463
-72987 2463 459151 22152
459151 22152 -717968 797795
-717968 797795 -320761 -462467
-320761 -462467 -507624 -493680
-507624 -493680 955071 218160
955071 218160 -715551 -724093
-715551 -724093 176384 486088
176384 486088 757927 339262
757927 339262 165065 130704
165065 130704 910553 -265577
910553 -265577 -562567 311396
-562567 311396 -831441 -677797
-831441 -677797 -457044 -900407
-457044 -900407 247274 -278808
247274 -278808 -754846 873971
-754846 873971 -987391 -924153
-987391 -924153 -45777 328497
-45777 328497 502260 798073
502260 798073 -50816 139284
-50816 139284 -937763 -700777
-937763 -700777 192405 -423488
192405 -423488 -233720 -84617
-233720 -84617 -389597 54607
-389597 54607 127183 -672633
127183 -672633 285364 -160342
285364 -160342 907472 110617
907472 110617 -397798 -585891
-397798 -585891 808092 -725439
808092 -725439 -986327 279797
-986327 279797 325080 -484214
325080 -484214 -814666 -377931
-814666 -377931 534215 -437708
534215 -437708 462330 892925
462330 892925 -472629 299949
-472629 299949 -268803 -170922
-268803 -170922 651812 -275569
651812 -275569 -684697 98617
-684697 98617 895212 -945265
895212 -945265 895392 854269
895392 854269 431842 612445
431842 612445 773640 -332725
773640 -332725 531485 -332473
531485 -332473 355488 -10775
355488 -10775 -34475 490518
-34475 490518 -731847 840749
-731847 840749 -595219 830468
-595219 830468 -913708 -426025
-913708 -426025 -439396 567743
-439396 567743 518210 -308022
518210 -308022 804886 5346
804886 5346 -797461 957361
-797461 957361 717295 706908
717295 706908 -362208 -9788
-362208 -9788 443565 -678974
443565 -678974 -750270 -910469
-750270 -910469 938911 -120616
938911 -120616 704241 -377135
704241 -377135 148672 476010
148672 476010 -675159 -240467
-675159 -240467 308813 -166858
308813 -166858 400686 -904432
400686 -904432 -23199 261317
-23199 261317 401561 352942
401561 352942 48399 676156
48399 676156 835125 951999
835125 951999 -126898 57581
-126898 57581 28377 -8626
28377 -8626 -124444 -396752
-124444 -396752 293532 803722
293532 803722 -995807 -756844
-995807 -756844 -1274 398944
-1274 398944 880769 181222
880769 181222 897658 505091
897658 505091 -607295 -257392
-607295 -257392 -904024 479439
-904024 479439 -125430 -743036
-125430 -743036 745358 540227
745358 540227 668147 36362
668147 36362 -923252 235708
-923252 235708 -187687 882256
-187687 882256 922820 -805822
922820 -805822 -442094 -723689
-442094 -723689 -568477 175196
-568477 175196 302602 312246
302602 312246 300557 661041
300557 661041 323964 592617
323964 592617 -572471 31907
-572471 31907 -391318 -74452
-391318 -74452 -156985 -508127
-156985 -508127 -376640 771764
-376640 771764 -577316 -464054
-577316 -464054 941775 123051
941775 123051 322880 375917
322880 375917 720260 -572926
720260 -572926 316017 -104142
316017 -104142 -420167 495702
-420167 495702 -295455 -391523
-295455 -391523 476772 -455146
476772 -455146 400035 953288
400035 953288 333011 375830
333011 375830 -622218 -891233
-622218 -891233 -264049 137466
-264049 137466 -172373 -356424
-172373 -356424 61134 -568006
61134 -568006 422206 217910
422206 217910 -658481 -675502
-658481 -675502 -79526 694495
-79526 694495 931707 324220
931707 324220 707743 186299
707743 186299 597581 528912
597581 528912 252192 -27338
252192 -27338 -461229 981066
-461229 981066 954505 -979006
954505 -979006 -142719 390910
-142719 390910 -359373 104202
-359373 104202 -401084 417477
-401084 417477 -76455 -387602
-76455 -387602 -695158 -741295
-695158 -741295 -358821 -567591
-358821 -567591 114436 -478209
114436 -478209 930243 743512
930243 743512 -514286 752386
-514286 752386 366003 330968
366003 330968 -990653 648769
-990653 648769 176107 922087
176107 922087 -307032 -413105
-307032 -413105 -584931 -45332
-584931 -45332 366456 -106546
366456 -106546 43006 -251370
43006 -251370 391235 936934
391235 936934 546550 795844
546550 795844 -195118 945222
-195118 945222 -495085 -552011
-495085 -552011 585039 -718883
585039 -718883 -294979 -219621
-294979 -219621 -90328 -77663
-90328 -77663 -780543 -602892
-780543 -602892 -626386 855132
-626386 855132 -330040 122489
-330040 122489 -817137 -921378
-817137 -921378 -885996 346375
-885996 346375 -413323 -68218
-413323 -68218 -590402 -633126
-590402 -633126 21335 -958943
21335 -958943 809497 85587
809497 85587 643343 1850
643343 1850 -156708 -266029
-156708 -266029 -207708 -716144
-207708 -716144 747218 706193
747218 706193 654384 -833158
654384 -833158 844966 -374662
844966 -374662 851612 907981
851612 907981 -8454 -309098
-8454 -309098 771251 -704057
771251 -704057 -831939 -907019
-831939 -907019 248058 -88535
248058 -88535 166842 -626463
166842 -626463 -805703 -962949
-805703 -962949 644924 952161
644924 952161 -920738 -165625
-920738 -165625 -550064 233724
-550064 233724 -84639 892362
-84639 892362 916435 130916
916435 130916 316132 630177
316132 630177 517566 179402
517566 179402 738194 -729967
738194 -729967 -416513 -262425
-416513 -262425 -137959 789187
-137959 789187 918786 -794473
918786 -794473 -499788 210044
-499788 210044 139241 773962
139241 773962 903711 -698761
903711 -698761 -431546 55558
-431546 55558 495187 -52839
495187 -52839 145234 -391242
145234 -391242 -466914 623639
-466914 623639 -769564 892720
-769564 892720 516740 -85484
516740 -85484 -307726 508492
-307726 508492 -289457 -204070
-289457 -204070 76602 -761660
76602 -761660 902129 28792
902129 28792 -253557 -716500
-253557 -716500 -949017 459986
-949017 459986 -845260 816463
-845260 816463 651634 431406
651634 431406 -446423 -855228
-446423 -855228 -988018 350710
-988018 350710 -561008 139790
-561008 139790 -614682 -434421
-614682 -434421 277006 -495076
277006 -495076 -592553 -35462
-592553 -35462 -149241 942648
-149241 942648 -115917 966541
-115917 966541 -563226 -22283
-563226 -22283 -390696 105862
-390696 105862 -593110 442598
-593110 442598 259652 17026
259652 17026 317719 -449783
317719 -449783 -390191 -866859
-390191 -866859 -731397 705621
-731397 705621 211077 -240372
211077 -240372 350523 -179876
350523 -179876 735179 796003
735179 796003 -113737 507346
-113737 507346 88603 -858865
88603 -858865 -179471 -129744
-179471 -129744 146089 -350375
146089 -350375 -73060 -710325
-73060 -710325 14080 255741
14080 255741 -85862 -395657
-85862 -395657 -373227 229382
-373227 229382 845730 271112
845730 271112 69561 -539133
69561 -539133 -851276 974849
-851276 974849 978904 -634082
978904 -634082 -256628 -969619
-256628 -969619 8073 518307
8073 518307 533337 695319
533337 695319 -98207 -21236
-98207 -21236 534603 513192
534603 513192 -261163 -182827
-261163 -182827 405837 762173
405837 762173 251342 -792342
251342 -792342 639453 676835
639453 676835 -24591 -158314
-24591 -158314 -746979 -961991
-746979 -961991 48069 738976
48069 738976 743233 850886
743233 850886 -287097 -44843
-287097 -44843 230777 -381224
230777 -381224 966201 -584677
966201 -584677 -914018 -292636
-914018 -292636 -243512 -247896
-243512 -247896 189590 878525
189590 878525 757728 -696341
757728 -696341 -726968 908389
-726968 908389 -687457 872018
-687457 872018 -727062 -812795
-727062 -812795 4316 -345060
4316 -345060 313450 656216
313450 656216 -968592 170192
-968592 170192 -300941 -56693
-300941 -56693 584642 -313500
584642 -313500 -171157 175379
-171157 175379 -540262 55599
-540262 55599 -951871 -730128
-951871 -730128 -190602 -378863
-190602 -378863 -816984 996303
-816984 996303 -74127 -533009
-74127 -533009 227546 748976
227546 748976 106057 -869855
106057 -869855 484527 322678
484527 322678 -248407 -688712
-248407 -688712 865365 -787261
865365 -787261 -906525 296572
-906525 296572 422483 -103399
422483 -103399 966342 104759
966342 104759 -925417 601591
-925417 601591 -835453 -156214
-835453 -156214 -552836 -430335
-552836 -430335 -12171 324721
-12171 324721 -457599 -727117
-457599 -727117 477168 486250
477168 486250 56841 -603455
56841 -603455 -854520 -135760
-854520 -135760 578438 81319
578438 81319 -325580 669542
-325580 669542 -802515 -99410
-802515 -99410 -45487 -961156
-45487 -961156 -139887 -475154
-139887 -475154 -407896 562869
-407896 562869 -183899 801379
-183899 801379 -415576 -933896
-415576 -933896 55096 939378
55096 939378 -328244 668084
-328244 668084 600713 -221440
600713 -221440 762679 -842077
762679 -842077 672078 -833556
672078 -833556 655330 369369
655330 369369 -433776 246410
-433776 246410 -213044 -452517
-213044 -452517 342194 -235395
342194 -235395 -877962 39920
-877962 39920 -608422 954461
-608422 954461 644895 407696
644895 407696 970537 828954
970537 828954 -196775 742132
-196775 742132 -414102 -618046
-414102 -618046 866563 -706882
866563 -706882 719820 133935
719820 133935 -288508 233118
-288508 233118 -404623 -893437
-404623 -893437 173296 -349822
173296 -349822 166413 980441
166413 980441 842 -356035
842 -356035 -607615 -118482
-607615 -118482 -407772 986380
-407772 986380 619372 -680764
619372 -680764 -801007 -427460
-801007 -427460 -36967 -681044
-36967 -681044 988811 550566
988811 550566 452547 682516
452547 682516 400818 799558
400818 799558 -868521 -490157
-868521 -490157 -221092 944730
-221092 944730 -986502 -260553
-986502 -260553 951308 -130925
951308 -130925 695025 -854104
695025 -854104 268818 758925
268818 758925 -414627 352342
-414627 352342 323360 -811020
323360 -811020 660593 72622
660593 72622 989605 -582970
989605 -582970 840365 203879
840365 203879 469242 -794793
469242 -794793 -427873 344537
-427873 344537 707169 857120
707169 857120 -233095 184022
-233095 184022 345347 -833150
345347 -833150 -186975 -323530
-186975 -323530 -299010 848474
-299010 848474 -882121 697678
-882121 697678 -375759 -862519
-375759 -862519 560481 423268
560481 423268 -114111 -29319
-114111 -29319 52712 -247255
52712 -247255 -752382 641406
-752382 641406 850880 224488
850880 224488 -407096 -564165
-407096 -564165 -110651 915591
-110651 915591 -342242 777838
-342242 777838 -7406 817540
-7406 817540 832786 -252225
832786 -252225 232626 583978
232626 583978 -48652 -185233
-48652 -185233 345616 432796
345616 432796 926190 -819610
926190 -819610 -987159 -24899
-987159 -24899 -184068 669554
-184068 669554 483141 12501
483141 12501 512778 811694
512778 811694 801189 417521
801189 417521 749725 -472753
749725 -472753 314357 -25137
314357 -25137 649944 -325570
649944 -325570 778127 -769523
778127 -769523 -842664 377203
-842664 377203 -111794 -582354
-111794 -582354 -404048 -13035
-404048 -13035 442031 -892373
442031 -892373 210570 98264
210570 98264 -23665 -639832
-23665 -639832 -407785 881990
-407785 881990 253983 57239
253983 57239 208797 -314526
208797 -314526 126522 -395261
126522 -395261 -956322 -109787
-956322 -109787 -481867 -175235
-481867 -175235 -852777 -831609
-852777 -831609 164341 -522407
164341 -522407 -351422 -52389
-351422 -52389 -505664 59838
-505664 59838 219933 82753
219933 82753 501812 -500065
501812 -500065 736280 197625
736280 197625 -145478 -258082
-145478 -258082 -599962 -420703
-599962 -420703 -210013 587537
-210013 587537 -504736 -247844
-504736 -247844 153451 -162609
153451 -162609 -849284 -145066
-849284 -145066 458661 -255329
458661 -255329 -877307 896692
-877307 896692 855691 -790130
855691 -790130 -804839 218755
-804839 218755 501693 -608201
501693 -608201 829415 -72649
829415 -72649 -738805 598019
-738805 598019 -253553 -308935
-253553 -308935 548695 322026
548695 322026 -407569 -25443
-407569 -25443 381223 602514
381223 602514 667571 575066
667571 575066 635332 -705035
635332 -705035 -338747 158668
-338747 158668 -290236 568501
-290236 568501 927906 -977195
927906 -977195 185899 -437341
185899 -437341 -329683 515879
-329683 515879 469384 259473
469384 259473 175684 131229
175684 131229 -686851 -607248
-686851 -607248 -806095 -602031
-806095 -602031 528788 -47414
528788 -47414 -734469 -703691
-734469 -703691 -236944 -784686
-236944 -784686 -422871 52102
-422871 52102 -513874 322256
-513874 322256 897804 -418514
897804 -418514 993679 -144721
993679 -144721 670589 -648659
670589 -648659 -864104 314955
-864104 314955 -18933 -882995
-18933 -882995 833867 -270346
833867 -270346 -272227 -118387
-272227 -118387 -797693 255253
-797693 255253 173317 -666225
173317 -666225 -828899 146965
-828899 146965 717912 516326
717912 516326 -910263 -775955
-910263 -775955 -116752 383546
-116752 383546 -754848 244434
-754848 244434 -916537 353572
-916537 353572 -307385 -160868
-307385 -160868 642730 384913
642730 384913 709113 706351
709113 706351 -786776 -483672
-786776 -483672 -113260 -196421
-113260 -196421 294353 640764
294353 640764 752959 -584845
752959 -584845 -264970 3731
-264970 3731 -310111 420083
-310111 420083 395845 -85935
395845 -85935 -143533 697804
-143533 697804 367804 874503
367804 874503 -988673 276580
-988673 276580 -807005 175454
-807005 175454 -393995 -932361
-393995 -932361 -718430 809780
-718430 809780 66120 -97941
66120 -97941 -565777 -472364
-565777 -472364 218805 -205378
218805 -205378 -383832 -444444
-383832 -444444 -766943 -680140
-766943 -680140 110806 -183570
110806 -183570 -845969 678585
-845969 678585 -866877 855374
-866877 855374 -717519 -774322
-717519 -774322 764219 33562
764219 33562 -590685 728396
-590685 728396 769965 -604592
769965 -604592 16727 -434809
16727 -434809 10962 986975
10962 986975 644116 -957689
644116 -957689 -781632 -20844
-781632 -20844 542428 -342469
542428 -342469 121640 253898
121640 253898 844396 275161
844396 275161 -8659 821503
-8659 821503 255213 -903897
255213 -903897 -703572 514211
-703572 514211 119574 592080
119574 592080 524142 753006
524142 753006 196730 -260668
196730 -260668 424994 851117
424994 851117 -987326 -947500
-987326 -947500 315951 239868
315951 239868 981796 -245544
981796 -245544 424247 179671
424247 179671 -291286 -827242
-291286 -827242 322250 79233
322250 79233 430874 -185468
430874 -185468 -606704 -974106
-606704 -974106 -503095 -464891
-503095 -464891 -696162 -868656
-696162 -868656 503329 -759326
503329 -759326 237142 12615
237142 12615 -175693 -969182
-175693 -969182 981333 -849045
981333 -849045 -315020 431986
-315020 431986 78867 262103
78867 262103 554873 -208590
554873 -208590 262087 -505437
262087 -505437 -336759 -375010
-336759 -375010 331367 149233
331367 149233 -457318 -45337
-457318 -45337 -499882 909490
-499882 909490 -198648 226128
-198648 226128 844947 -632378
844947 -632378 -633088 760253
-633088 760253 -538925 -332376
-538925 -332376 852553 -794845
852553 -794845 -605275 -779748
-605275 -779748 -975840 196612
-975840 196612 -522415 129248
-522415 129248 -167882 738752
-167882 738752 419912 -134720
419912 -134720 652272 294729
652272 294729 274019 -855127
274019 -855127 820209 351215
820209 351215 -96174 710283
-96174 710283 -491440 850777
-491440 850777 -800448 784924
-800448 784924 671157 86139
671157 86139 543534 550035
543534 550035 257633 -439943
257633 -439943 296796 844875
296796 844875 935701 -331253
935701 -331253 -51448 558382
-51448 558382 849726 -884602
849726 -884602 -550267 919121
-550267 919121 278172 736325
278172 736325 997628 308846
997628 308846 -802835 756595
-802835 756595 373755 820251
373755 820251 -763117 -782868
-763117 -782868 -5591 -975325
-5591 -975325 -670613 -230376
-670613 -230376 98852 839738
98852 839738 -172839 -642283
-172839 -642283 -98186 552051
-98186 552051 292117 365237
292117 365237 -791871 422920
-791871 422920 -723748 40635
-723748 40635 -710898 -531540
-710898 -531540 -692174 -475483
-692174 -475483 341122 -72556
341122 -72556 -691549 178214
-691549 178214 201117 764446
201117 764446 476803 -386840
476803 -386840 -231077 972669
-231077 972669 -743436 -627979
-743436 -627979 -125826 906368
-125826 906368 -136285 453655
-136285 453655 729162 -909069
729162 -909069 -760937 -957385
-760937 -957385 805251 -177406
805251 -177406 -779313 -840979
-779313 -840979 -251022 159486
-251022 159486 -522002 465674
-522002 465674 876171 680156
876171 680156 -670417 418941
-670417 418941 -666471 530385
-666471 530385 -691328 -503923
-691328 -503923 -910662 -61037
-910662 -61037 -135271 782490
-135271 782490 218956 -479928
218956 -479928 -86080 -466722
-86080 -466722 361843 34768
361843 34768 -517709 -573534
-517709 -573534 276038 -490779
276038 -490779 163864 831306
163864 831306 686608 -934337
686608 -934337 863847 220428
863847 220428 -443341 -625105
-443341 -625105 -892993 233923
-892993 233923 -766030 -245213
-766030 -245213 -62484 -558542
-62484 -558542 240370 467689
240370 467689 -967149 -477317
-967149 -477317 135622 -856755
135622 -856755 -106687 -273920
-106687 -273920 216912 -570991
216912 -570991 -835698 590113
-835698 590113 299050 -22036
299050 -22036 -931811 -530253
-931811 -530253 332144 -658130
332144 -658130 -648314 -286524
-648314 -286524 -839658 962897
-839658 962897 237411 888995
237411 888995 -661207 -582002
-661207 -582002 -100150 360139
-100150 360139 -274197 169884
-274197 169884 -620174 12136
-620174 12136 -752451 -947470
-752451 -947470 306029 -891880
306029 -891880 -850429 -867727
-850429 -867727 569861 -30371
569861 -30371 93845 876209
93845 876209 609997 204733
609997 204733 -492340 586406
-492340 586406 -331099 326976
-331099 326976 -787072 -690201
-787072 -690201 -549389 -57596
-549389 -57596 859741 395408
859741 395408 -206473 -184150
-206473 -184150 857812 675870
857812 675870 2896 -583751
2896 -583751 449336 -407961
449336 -407961 -470881 557038
-470881 557038 -593458 29453
-593458 29453 -576600 -461832
-576600 -461832 -229060 601404
-229060 601404 959857 -640311
959857 -640311 690231 -344872
690231 -344872 -418014 -790479
-418014 -790479 -449955 -858187
-449955 -858187 849176 455878
849176 455878 380045 515222
380045 515222 889882 -287828
889882 -287828 -615459 -636255
-615459 -636255 156982 274372
156982 274372 -861992 987620
-861992 987620 190379 869033
190379 869033 335793 -840621
335793 -840621 114952 -592592
114952 -592592 -118517 356541
-118517 356541 739180 -779440
739180 -779440 748456 -183155
748456 -183155 606796 -86467
606796 -86467 339946 -785330
339946 -785330 -344167 -91007
-344167 -91007 -867226 -814812
-867226 -814812 689132 -361765
689132 -361765 -528526 419312
-528526 419312 238256 -612090
238256 -612090 787127 729740
787127 729740 -319204 418451
-319204 418451 -351008 70062
-351008 70062 -36455 -332827
-36455 -332827 695129 -329934
695129 -329934 -14008 32318
-14008 32318 -822961 -799268
-822961 -799268 152917 -993901
152917 -993901 267559 231002
267559 231002 -612442 807660
-612442 807660 -869666 623535
-869666 623535 -744254 -521391
-744254 -521391 -188613 -351760
-188613 -351760 183990 -380205
183990 -380205 -338685 849557
-338685 849557 -149597 -136567
-149597 -136567 837548 -975928
837548 -975928 789760 -818872
789760 -818872 935833 526355
935833 526355 181788 -409346
181788 -409346 -355226 18813
-355226 18813 -625005 599635
-625005 599635 400276 796819
400276 796819 -283391 -170729
-283391 -170729 -34623 -238933
-34623 -238933 -722455 827124
-722455 827124 -202847 -988928
-202847 -988928 -421952 651175
-421952 651175 -479913 -806320
-479913 -806320 -378480 -446266
-378480 -446266 838194 -356618
838194 -356618 -445793 -962827
-445793 -962827 -816023 335835
-816023 335835 -124646 -754667
-124646 -754667 -849531 -199447
-849531 -199447 464691 -609093
464691 -609093 692304 398619
692304 398619 -244823 59541
-244823 59541 -713069 -866610
-713069 -866610 166655 917856
166655 917856 173940 167802
173940 167802 -85708 -305046
-85708 -305046 -237444 668941
-237444 668941 594500 -712555
594500 -712555 471168 180943
471168 180943 689535 -986793
689535 -986793 -665875 84742
-665875 84742 640991 -320233
640991 -320233 -417030 -249173
-417030 -249173 791201 38695
791201 38695 -964970 292778
-964970 292778 -937001 -657580
-937001 -657580 224376 -595773
224376 -595773 -736224 -208029
-736224 -208029 117477 -406712
117477 -406712 497550 -811445
497550 -811445 -815986 451655
-815986 451655 707790 630142
707790 630142 -782644 -496603
-782644 -496603 -143926 -57856
-143926 -57856 -980371 -401562
-980371 -401562 -472805 -943512
-472805 -943512 60104 583642
60104 583642 874871 -728495
874871 -728495 -973380 328337
-973380 328337 147558 684366
147558 684366 -914236 217235
-914236 217235 511715 296799
511715 296799 -411649 717287
-411649 717287 -493502 100099
-493502 100099 -638823 518438
-638823 518438 -681576 -197629
-681576 -197629 -461855 741245
-461855 741245 -573934 235939
-573934 235939 155607 487842
155607 487842 -866655 -190405
-866655 -190405 -286414 610226
-286414 610226 -698768 325658
-698768 325658 -74075 227046
-74075 227046 -101329 -150808
-101329 -150808 -978103 703157
-978103 703157 -673954 -472658
-673954 -472658 229747 -101604
229747 -101604 775010 -216318
775010 -216318 -862962 995150
-862962 995150 -932992 715407
-932992 715407 -362205 -863076
-362205 -863076 -604800 -140714
-604800 -140714 369503 -138304
369503 -138304 943597 609542
943597 609542 792559 -379283
792559 -379283 547892 777546
547892 777546 -97574 -85078
-97574 -85078 548438 -583392
548438 -583392 -732906 824158
-732906 824158 132410 -638911
132410 -638911 -105833 862168
-105833 862168 825396 380861
825396 380861 -798824 18466
-798824 18466 393128 742403
393128 742403 -588103 276500
-588103 276500 114149 145305
114149 145305 286036 165352
286036 165352 -704335 -550169
-704335 -550169 -625702 878593
-625702 878593 773692 -963740
773692 -963740 -675807 -420076
-675807 -420076 886285 -332930
886285 -332930 547646 623997
547646 623997 -321375 36936
-321375 36936 -195836 -100225
-195836 -100225 -411957 -802137
-411957 -802137 -47652 96154
-47652 96154 282881 177440
282881 177440 336898 693940
336898 693940 135581 -866359
135581 -866359 385191 519018
385191 519018 546582 -143593
546582 -143593 -650886 942251
-650886 942251 -121765 315740
-121765 315740 917559 555722
917559 555722 -486588 43238
-486588 43238 -656595 959903
-656595 959903 175987 -513017
175987 -513017 -33462 -151165
-33462 -151165 -769083 670005
-769083 670005 37792 -82299
37792 -82299 -314183 263926
-314183 263926 -321933 -169944
-321933 -169944 -642713 -348426
-642713 -348426 -275618 -482393
-275618 -482393 160665 865903
160665 865903 163293 135864
163293 135864 790986 -131893
790986 -131893 -648823 -606227
-648823 -606227 -86433 -921980
-86433 -921980 -740238 389956
-740238 389956 -128181 706844
-128181 706844 768480 722609
768480 722609 -527594 147777
-527594 147777 -169887 -465570
-169887 -465570 -63936 -313076
-63936 -313076 662408 -828948
662408 -828948 -296262 -324905
-296262 -324905 129693 -230645
129693 -230645 -787169 605586
-787169 605586 386081 -455568
386081 -455568 621253 641442
621253 641442 678738 712995
678738 712995 160481 -748278
160481 -748278 -899372 396603
-899372 396603 -689220 -97777
-689220 -97777 554595 926038
554595 926038 8950 897231
8950 897231 175189 921217
175189 921217 124990 280859
124990 280859 452097 985992
452097 985992 783903 -904316
783903 -904316 -904680 420727
-904680 420727 -687424 -464236
-687424 -464236 516183 -297087
516183 -297087 -757004 261311
-757004 261311 643598 -405403
643598 -405403 336080 47921
336080 47921 -357600 -833008
-357600 -833008 864061 -197746
864061 -197746 -628097 478726
-628097 478726 -518406 -989294
-518406 -989294 -926324 -77264
-926324 -77264 948058 274714
948058 274714 58343 542994
58343 542994 75728 -855873
75728 -855873 -381973 571896
-381973 571896 695612 370467
695612 370467 852700 -942936
852700 -942936 -760905 702304
-760905 702304 451258 -737293
451258 -737293 -732062 461232
-732062 461232 -443396 -682582
-443396 -682582 666155 131798
666155 131798 524812 767066
524812 767066 -654795 718496
-654795 718496 814962 746607
814962 746607 -408392 175761
-408392 175761 941694 383368
941694 383368 -675347 -918347
-675347 -918347 879103 -403442
879103 -403442 -912626 470352
-912626 470352 327556 112817
327556 112817 -551731 -541139
-551731 -541139 -339340 75307
-339340 75307 760179 -188291
760179 -188291 942673 -316162
942673 -316162 324439 -209925
324439 -209925 -709169 -225291
-709169 -225291 -185804 223721
-185804 223721 346278 -729912
346278 -729912 284769 -118946
284769 -118946 407654 -832886
407654 -832886 493890 -960766
493890 -960766 459621 -354884
459621 -354884 -82370 -346015
-82370 -346015 -631172 -704821
-631172 -704821 -399603 356586
-399603 356586 -291864 -618713
-291864 -618713 -195335 -7587
-195335 -7587 -441395 -939208
-441395 -939208 593525 -166176
593525 -166176 -248753 -400412
-248753 -400412 -593919 -39783
-593919 -39783 893951 237425
893951 237425 785951 -38285
785951 -38285 -101047 268492
-101047 268492 -541854 -557587
-541854 -557587 142959 181187
142959 181187 837016 -910416
837016 -910416 -317096 596704
-317096 596704 818959 -413775
818959 -413775 -246613 -56032
-246613 -56032 893306 620317
893306 620317 982386 774011
982386 774011 935194 -799682
935194 -799682 -476311 237481
-476311 237481 70344 998605
70344 998605 -183259 348676
-183259 348676 -712161 -90307
-712161 -90307 445408 -986841
445408 -986841 510622 153380
510622 153380 -343269 -437466
-343269 -437466 264865 185750
264865 185750 -447446 751333
-447446 751333 872871 648901
872871 648901 -334978 -772393
-334978 -772393 784229 72263
784229 72263 786534 -871438
786534 -871438 440888 779762
440888 779762 -318050 261343
-318050 261343 -103150 486373
-103150 486373 -114037 -492406
-114037 -492406 995782 -558649
995782 -558649 40687 -137677
40687 -137677 180658 -927531
180658 -927531 -888198 925469
-888198 925469 -891882 -251426
-891882 -251426 -14104 426199
-14104 426199 801123 265734
801123 265734 -456450 459472
-456450 459472 -32554 988564
-32554 988564 -717272 991922
-717272 991922 -577203 687746
-577203 687746 252198 -163387
252198 -163387 -234517 -958245
-234517 -958245 715096 840324
715096 840324 563833 402987
563833 402987 -287146 -306996
-287146 -306996 -265772 162786
-265772 162786 825476 227410
825476 227410 -971774 608323
-971774 608323 -383883 148638
-383883 148638 16681 -158279
16681 -158279 256409 853411
256409 853411 -257558 312322
-257558 312322 66006 869584
66006 869584 643926 708220
643926 708220 988610 672240
988610 672240 57753 803858
57753 803858 762383 -855755
762383 -855755 226729 -992565
226729 -992565 281385 -187256
281385 -187256 -247752 854745
-247752 854745 339611 -889127
339611 -889127 -479622 711879
-479622 711879 575228 608086
575228 608086 179750 -612316
179750 -612316 -196698 -401466
-196698 -401466 -743216 -668579
-743216 -668579 844891 -73720
844891 -73720 729356 545948
729356 545948 517452 555210
517452 555210 -815101 565245
-815101 565245 -940381 -968613
-940381 -968613 -185538 -342307
-185538 -342307 -472634 -362022
-472634 -362022 -493163 -521855
-493163 -521855 -234038 -798952
-234038 -798952 -659457 -484212
-659457 -484212 445546 973465
445546 973465 -189915 170002
-189915 170002 617986 -951101
617986 -951101 498007 113556
498007 113556 -787261 -128188
-787261 -128188 -920123 -795486
-920123 -795486 -774663 -835514
-774663 -835514 -767020 71335
-767020 71335 280723 37556
280723 37556 -947671 914919
-947671 914919 414011 921056
414011 921056 -223031 -607102
-223031 -607102 -907498 -763335
-907498 -763335 -942697 559287
-942697 559287 305404 673457
305404 673457 -69105 -89433
-69105 -89433 733896 -678798
733896 -678798 -37970 782562
-37970 782562 20536 -281350
20536 -281350 197812 544552
197812 544552 -537241 180989
-537241 180989 435725 -568028
435725 -568028 -666764 -869442
-666764 -869442 -272177 -637537
-272177 -637537 -937321 843433
-937321 843433 -553924 776644
-553924 776644 774572 313850
774572 313850 -627639 -509296
-627639 -509296 999172 -346992
999172 -346992 -692921 -893663
-692921 -893663 -862642 -448984
-862642 -448984 -983510 419105
-983510 419105 -33511 -440701
-33511 -440701 816162 545258
816162 545258 282802 -748526
282802 -748526 -743841 -363342
-743841 -363342 452396 -73229
452396 -73229 -895944 -103927
-895944 -103927 233043 -407762
233043 -407762 -266200 694435
-266200 694435 -621492 -320953
-621492 -320953 644856 -917029
644856 -917029 -129310 -699436
-129310 -699436 -415221 -382313
-415221 -382313 12794 -342536
12794 -342536 -51490 366004
-51490 366004 -857347 789993
-857347 789993 -357913 -986549
-357913 -986549 599284 239400
599284 239400 998204 -740152
998204 -740152 352747 -154700
352747 -154700 -49973 -978542
-49973 -978542 31266 340485
31266 340485 712847 -890564
712847 -890564 -925155 117535
-925155 117535 -936831 -960992
-936831 -960992 820928 977277
820928 977277 -192847 882390
-192847 882390 -206516 -498169
-206516 -498169 -334322 53819
-334322 53819 -83618 -148141
-83618 -148141 -790367 337429
-790367 337429 -784956 795774
-784956 795774 -425202 -980052
-425202 -980052 618891 -81521
618891 -81521 -731455 843913
-731455 843913 893266 996735
893266 996735 -668078 858589
-668078 858589 -226137 -773813
-226137 -773813 84399 -697637
84399 -697637 -626733 665217
-626733 665217 -404195 424199
-404195 424199 -974798 -45362
-974798 -45362 -237241 728565
-237241 728565 -3889 -797438
-3889 -797438 934925 187551
934925 187551 -246655 776700
-246655 776700 647597 934835
647597 934835 180470 813045
180470 813045 -845923 917267
-845923 917267 -140037 -923029
-140037 -923029 -283623 872721
-283623 872721 598058 -371670
598058 -371670 777862 -875854
777862 -875854 -268601 728608
-268601 728608 742818 -570306
742818 -570306 842243 651966
842243 651966 601771 -934040
601771 -934040 -98248 -646845
-98248 -646845 -784915 957654
-784915 957654 -562724 971668
-562724 971668 279358 70216
279358 70216 537761 -441245
537761 -441245 160070 -988311
160070 -988311 -628386 768408
-628386 768408 -367124 -145601
-367124 -145601 945027 -998872
945027 -998872 315648 691067
315648 691067 980872 -408211
980872 -408211 697289 328973
697289 328973 -242653 142512
-242653 142512 -52697 -289010
-52697 -289010 -81012 891784
-81012 891784 -367443 -861068
-367443 -861068 918061 673614
918061 673614 49155 88037
49155 88037 118740 -442776
118740 -442776 756903 689807
756903 689807 151272 466605
151272 466605 -311102 585131
-311102 585131 -131484 166235
-131484 166235 -79788 554336
-79788 554336 -388869 -467499
-388869 -467499 538676 400910
538676 400910 -504238 -403539
-504238 -403539 -222089 288574
-222089 288574 342753 99862
342753 99862 -721654 554079
-721654 554079 83331 633561
83331 633561 252662 253005
252662 253005 971876 160492
971876 160492 821461 318813
821461 318813 214056 89501
214056 89501 582948 -823912
582948 -823912 291889 -816037
291889 -816037 -616567 -850244
-616567 -850244 -507905 773207
-507905 773207 -877996 -423001
-877996 -423001 764130 911781
764130 911781 -927872 -468967
-927872 -468967 -131983 -368481
-131983 -368481 746257 765699
746257 765699 -632432 119330
-632432 119330 -60110 -455299
-60110 -455299 -59600 -810355
-59600 -810355 -46142 643165
-46142 643165 893436 -658009
893436 -658009 223951 919521
223951 919521 275910 688317
275910 688317 -967023 849992
-967023 849992 641950 -321966
641950 -321966 -610071 -605829
-610071 -605829 490058 -392628
490058 -392628 -343597 911619
-343597 911619 938480 862968
938480 862968 387772 -269387
387772 -269387 -999137 -466753
-999137 -466753 -414197 148880
-414197 148880 -676528 534992
-676528 534992 762676 13905
762676 13905 147425 -38618
147425 -38618 684399 -215198
684399 -215198 -559444 702171
-559444 702171 -256220 988309
-256220 988309 -189163 152790
-189163 152790 -153927 -658237
-153927 -658237 468846 -435500
468846 -435500 130568 -737509
130568 -737509 433529 -343394
433529 -343394 -953129 -386699
-953129 -386699 -651742 -135821
-651742 -135821 880904 407446
880904 407446 -459293 671571
-459293 671571 -523250 -435663
-523250 -435663 176633 874696
176633 874696 125622 -555006
125622 -555006 -776779 738348
-776779 738348 641557 534090
641557 534090 876354 327074
876354 327074 761526 -829994
761526 -829994 -818786 614292
-818786 614292 768468 -351722
768468 -351722 -144237 901992
-144237 901992 27571 791316
27571 791316 -592914 -191558
-592914 -191558 -368932 -812314
-368932 -812314 705815 274261
705815 274261 -256064 103171
-256064 103171 -500458 -264439
-500458 -264439 989476 -572949
989476 -572949 -865306 -815175
-865306 -815175 -846017 345027
-846017 345027 -336674 -452173
-336674 -452173 544618 -142140
544618 -142140 807704 -336819
807704 -336819 -639002 -957484
-639002 -957484 -266721 -238086
-266721 -238086 951051 391297
951051 391297 -870604 -504214
-870604 -504214 -646503 -93279
-646503 -93279 -500543 -644552
-500543 -644552 592890 -94358
592890 -94358 -821891 676599
-821891 676599 487173 695458
487173 695458 -618538 -50607
-618538 -50607 -523029 580828
-523029 580828 -807604 -553807
-807604 -553807 327837 -948513
327837 -948513 743966 763759
743966 763759 548097 -866197
548097 -866197 135901 -959193
135901 -959193 177862 -788437
177862 -788437 -52756 642598
-52756 642598 832813 526568
832813 526568 -342661 -11003
-342661 -11003 744617 -428211
744617 -428211 978540 -297560
978540 -297560 379058 248207
379058 248207 330683 -619254
330683 -619254 853449 530768
853449 530768 -105904 -7639
-105904 -7639 -17728 -932893
-17728 -932893 836139 942145
836139 942145 -214374 976530
-214374 976530 309521 323936
309521 323936 -645211 415855
-645211 415855 -331954 62467
-331954 62467 207293 -761001
207293 -761001 582790 87011
582790 87011 407146 489509
407146 489509 798893 -862917
798893 -862917 -501662 -659322
-501662 -659322 -820489 -321086
-820489 -321086 -910676 266902
-910676 266902 719996 560952
719996 560952 75514 -989241
75514 -989241 -239605 733152
-239605 733152 345143 573927
345143 573927 855495 -499056
855495 -499056 954627 -604942
954627 -604942 -101526 -977853
-101526 -977853 -639341 898287
-639341 898287 532324 -859624
532324 -859624 -939610 465471
-939610 465471 238207 -23360
238207 -23360 948995 473041
948995 473041 808694 -454191
808694 -454191 914336 857247
914336 857247 938923 -855119
938923 -855119 -134030 -410121
-134030 -410121 539896 341195
539896 341195 -406017 -53151
-406017 -53151 -780775 -879625
-780775 -879625 297943 -338591
297943 -338591 911935 -822426
911935 -822426 631113 401792
631113 401792 -236266 253248
-236266 253248 415072 281503
415072 281503 620550 265697
620550 265697 -552834 -843197
-552834 -843197 -840968 331138
-840968 331138 643963 -612107
643963 -612107 62762 189619
62762 189619 685204 -733222
685204 -733222 -64885 977463
-64885 977463 -69861 980606
-69861 980606 411604 -24110
411604 -24110 66795 660360
66795 660360 -863860 -937832
-863860 -937832 -973938 -821958
-973938 -821958 -560238 -167560
-560238 -167560 392440 354861
392440 354861 190535 23087
190535 23087 863524 678924
863524 678924 -60812 -329678
-60812 -329678 444753 281822
444753 281822 -368456 462547
