1
2000
859575 198565 -832280 -820040
-832280 -820040 907292 -991088
907292 -991088 487238 690000
487238 690000 495625 -385060
495625 -385060 128570 -349452
128570 -349452 -645211 -267367
-645211 -267367 125358 -928203
125358 -928203 349911 625551
349911 625551 -532254 588463
-532254 588463 876525 -370207
876525 -370207 415561 -756927
415561 -756927 -135373 -234509
-135373 -234509 188779 -421329
188779 -421329 848580 -720611
848580 -720611 -504856 983758
-504856 983758 -442043 -673929
-442043 -673929 938669 -928000
938669 -928000 -163285 -379785
-163285 -379785 -402461 -749888
-402461 -749888 657482 -959072
657482 -959072 684262 -757129
684262 -757129 -388572 -514094
-388572 -514094 438808 -196349
438808 -196349 -20732 -895377
-20732 -895377 313417 -265114
313417 -265114 -858546 -755708
-858546 -755708 -97887 425311
-97887 425311 -374570 953836
-374570 953836 -335165 875738
-335165 875738 739255 76036
739255 76036 776749 926443
776749 926443 -76685 414776
-76685 414776 -195494 -529403
-195494 -529403 -795157 -485601
-795157 -485601 658110 -512398
658110 -512398 660760 -457561
660760 -457561 490049 -918409
490049 -918409 125101 -831118
125101 -831118 743714 249565
743714 249565 569520 -434317
569520 -434317 88373 17157
88373 17157 -736859 -678599
-736859 -678599 -872541 -546543
-872541 -546543 972634 833727
972634 833727 -933500 -698134
-933500 -698134 815162 -102736
815162 -102736 -592678 143213
-592678 143213 -384667 254982
-384667 254982 -122152 434477
-122152 434477 790124 996342
790124 996342 638779 -625233
638779 -625233 178016 108676
178016 108676 -858422 390816
-858422 390816 118317 -921945
118317 -921945 869023 -86072
869023 -86072 -479461 157415
-479461 157415 376246 749970
376246 749970 -898423 910288
-898423 910288 -64631 538749
-64631 538749 330454 -922717
330454 -922717 528960 -871244
528960 -871244 -571364 116530
-571364 116530 130766 32038
130766 32038 -777023 476034
-777023 476034 -511109 930276
-511109 930276 -891839 -515510
-891839 -515510 -465068 -606692
-465068 -606692 454291 711012
454291 711012 -244736 -242471
-244736 -242471 490155 493014
490155 493014 222782 -775063
222782 -775063 -43843 -236013
-43843 -236013 -697981 757664
-697981 757664 394337 112301
394337 112301 -711178 278398
-711178 278398 263656 -939423
263656 -939423 -536151 -761037
-536151 -761037 208908 -408515
208908 -408515 -183164 878396
-183164 878396 -103886 -323069
-103886 -323069 -233374 51806
-233374 51806 -955105 850365
-955105 850365 -950355 -11356
-950355 -11356 806577 -327140
806577 -327140 -994312 470956
-994312 470956 -813785 -138027
-813785 -138027 981463 -436679
981463 -436679 273982 -624169
273982 -624169 362338 796727
362338 796727 -526924 -406936
-526924 -406936 -476669 -38675
-476669 -38675 -561912 125655
-561912 125655 551361 656699
551361 656699 -440473 753417
-440473 753417 -834272 760845
-834272 760845 -348997 91009
-348997 91009 -76731 -574740
-76731 -574740 -277932 -55887
-277932 -55887 -938065 -734366
-938065 -734366 723460 433707
723460 433707 -915465 -481476
-915465 -481476 382030 -518146
382030 -518146 388325 897513
388325 897513 -622173 -143163
-622173 -143163 -646034 658373
-646034 658373 284685 323966
284685 323966 -521510 -184031
-521510 -184031 -178190 -617032
-178190 -617032 777593 302124
777593 302124 348995 47346
348995 47346 614669 975716
614669 975716 -979444 615877
-979444 615877 863676 736942
863676 736942 31869 356046
31869 356046 377691 -28513
377691 -28513 217843 600223
217843 600223 428213 -250288
428213 -250288 -550182 78226
-550182 78226 -733748 944416
-733748 944416 -646798 -493657
-646798 -493657 375397 125129
375397 125129 776852 322728
776852 322728 800008 739793
800008 739793 -129764 -562588
-129764 -562588 474690 860389
474690 860389 533139 763650
533139 763650 -744066 -956468
-744066 -956468 -873290 -321348
-873290 -321348 755776 232235
755776 232235 521205 -875351
521205 -875351 -655115 937774
-655115 937774 295079 368487
295079 368487 -185566 -390445
-185566 -390445 -298358 44486
-298358 44486 -321370 617075
-321370 617075 915834 -462209
915834 -462209 615262 -659916
615262 -659916 -413132 -458417
-413132 -458417 678710 -76615
678710 -76615 289873 271264
289873 271264 -448467 516184
-448467 516184 353959 911295
353959 911295 -236126 -952372
-236126 -952372 -768402 586627
-768402 586627 329710 640607
329710 640607 -80322 398555
-80322 398555 -604677 404153
-604677 404153 -961972 -924425
-961972 -924425 90258 -91372
90258 -91372 306273 -652794
306273 -652794 -301748 584357
-301748 584357 992367 198440
992367 198440 -811400 -187911
-811400 -187911 708537 -763910
708537 -763910 -211787 482710
-211787 482710 751057 551362
751057 551362 -384472 789173
-384472 789173 -787477 -920487
-787477 -920487 314893 -352004
314893 -352004 400916 -791784
400916 -791784 109587 -572719
109587 -572719 357345 -768390
357345 -768390 -148719 269086
-148719 269086 13313 -389090
13313 -389090 -250024 949689
-250024 949689 -972007 844098
-972007 844098 -303785 -315256
-303785 -315256 408190 254428
408190 254428 -53341 -141839
-53341 -141839 614780 708437
614780 708437 -589501 -338052
-589501 -338052 693697 -881653
693697 -881653 -462214 -994838
-462214 -994838 535265 -958516
535265 -958516 -311277 -789222
-311277 -789222 -72517 -937448
-72517 -937448 361733 620496
361733 620496 -958598 -257918
-958598 -257918 630509 99314
630509 99314 772644 -806740
772644 -806740 720403 -732392
720403 -732392 135394 799683
135394 799683 -896870 131949
-896870 131949 -387272 999065
-387272 999065 -944909 -356247
-944909 -356247 -158920 -94462
-158920 -94462 -473178 -437442
-473178 -437442 -594496 -789033
-594496 -789033 -514616 345546
-514616 345546 440523 807811
440523 807811 175366 822208
175366 822208 -269531 -775287
-269531 -775287 -601867 67106
-601867 67106 121680 -221889
121680 -221889 -613663 326543
-613663 326543 -195747 976677
-195747 976677 718846 -231907
718846 -231907 -85092 -891381
-85092 -891381 744324 -285297
744324 -285297 -353784 806483
-353784 806483 -862865 7091
-862865 7091 273955 215577
273955 215577 931382 -251769
931382 -251769 794584 441243
794584 441243 -97148 -737509
-97148 -737509 828261 854205
828261 854205 532877 -675164
532877 -675164 939333 -826012
939333 -826012 451730 663907
451730 663907 845394 760484
845394 760484 -709074 982616
-709074 982616 -137014 852439
-137014 852439 -588442 656539
-588442 656539 255573 713549
255573 713549 697049 902317
697049 902317 -500696 783443
-500696 783443 -948741 589941
-948741 589941 -146188 -630951
-146188 -630951 -350310 232357
-350310 232357 -432470 307427
-432470 307427 -692555 436543
-692555 436543 414525 -67097
414525 -67097 460193 837287
460193 837287 -625158 -380281
-625158 -380281 -252507 -502906
-252507 -502906 770794 964683
770794 964683 557114 -170917
557114 -170917 235387 -471138
235387 -471138 7711 -27389
7711 -27389 294572 701163
294572 701163 659969 35269
659969 35269 799960 -110249
799960 -110249 213962 -222067
213962 -222067 933837 704512
933837 704512 -384798 255565
-384798 255565 -546437 -801262
-546437 -801262 127046 -670442
127046 -670442 26016 -85331
26016 -85331 -791136 36425
-791136 36425 -566292 146141
-566292 146141 251983 52483
251983 52483 22646 853560
22646 853560 507944 951642
507944 951642 -889149 -740106
-889149 -740106 998977 -605376
998977 -605376 67489 -826254
67489 -826254 845856 165538
845856 165538 -229437 735463
-229437 735463 447509 -463238
447509 -463238 -577014 753479
-577014 753479 126182 -583326
126182 -583326 -641634 -48655
-641634 -48655 -735263 573531
-735263 573531 -532899 -161513
-532899 -161513 -63976 -844960
-63976 -844960 180150 168218
180150 168218 -456906 885674
-456906 885674 238717 -435829
238717 -435829 659712 -924931
659712 -924931 998219 -80971
998219 -80971 -322863 -126117
-322863 -126117 -909771 657082
-909771 657082 -327325 -45370
-327325 -45370 37970 -564773
37970 -564773 518825 35852
518825 35852 316340 710225
316340 710225 326823 838370
326823 838370 -758893 793891
-758893 793891 -827243 -871351
-827243 -871351 -782972 70411
-782972 70411 574504 175189
574504 175189 10778 -474048
10778 -474048 -513347 -829853
-513347 -829853 -724065 70956
-724065 70956 -799782 67250
-799782 67250 890445 -114821
890445 -114821 -216882 -196711
-216882 -196711 542928 649227
542928 649227 -375660 -296534
-375660 -296534 635915 715592
635915 715592 -459471 897544
-459471 897544 -118357 914682
-118357 914682 -189019 -606711
-189019 -606711 -823100 823991
-823100 823991 -716735 100992
-716735 100992 -334969 834635
-334969 834635 68748 -740902
68748 -740902 -828955 440253
-828955 440253 336245 860123
336245 860123 393466 -576938
393466 -576938 -903267 565595
-903267 565595 543102 -716383
543102 -716383 -959166 -820139
-959166 -820139 -131504 -350528
-131504 -350528 -959853 345500
-959853 345500 -9294 57433
-9294 57433 660736 60067
660736 60067 -611596 -210323
-611596 -210323 209063 427983
209063 427983 -579757 -785833
-579757 -785833 -397672 -511589
-397672 -511589 -264689 -416672
-264689 -416672 -468757 -706075
-468757 -706075 31047 -752809
31047 -752809 -514332 750105
-514332 750105 -720015 -559598
-720015 -559598 -446649 75520
-446649 75520 557397 -452353
557397 -452353 703129 292194
703129 292194 -533174 470263
-533174 470263 902102 348773
902102 348773 -79157 916834
-79157 916834 996211 659195
996211 659195 918856 395447
918856 395447 -754291 -78637
-754291 -78637 86122 96280
86122 96280 -820273 -324784
-820273 -324784 570090 844147
570090 844147 67128 392166
67128 392166 -940657 -58845
-940657 -58845 -899303 -295237
-899303 -295237 -956262 791820
-956262 791820 -496486 -188008
-496486 -188008 -215515 575681
-215515 575681 681647 147412
681647 147412 938319 888978
938319 888978 -523951 -133277
-523951 -133277 -57228 -526379
-57228 -526379 732225 354970
732225 354970 914396 723492
914396 723492 -398120 -502844
-398120 -502844 273179 267094
273179 267094 121931 -149260
121931 -149260 414581 -471851
414581 -471851 523028 132655
523028 132655 -538740 508079
-538740 508079 -152058 -361967
-152058 -361967 349737 -741387
349737 -741387 -716928 -754207
-716928 -754207 -915531 881908
-915531 881908 -918038 -531169
-918038 -531169 -49228 238149
-49228 238149 -615935 -713122
-615935 -713122 -882889 -396799
-882889 -396799 208615 -152458
208615 -152458 -146833 653663
-146833 653663 -200561 -877790
-200561 -877790 -223521 -277435
-223521 -277435 178661 -773091
178661 -773091 -220142 -565501
-220142 -565501 -197610 -315792
-197610 -315792 -157167 400154
-157167 400154 -153188 813271
-153188 813271 -60417 -51889
-60417 -51889 -515592 -888656
-515592 -888656 857723 171757
857723 171757 -386759 64293
-386759 64293 35931 526368
35931 526368 -770636 -198245
-770636 -198245 -968270 -78995
-968270 -78995 -496749 665248
-496749 665248 911237 -916132
911237 -916132 -715313 48434
-715313 48434 151127 -92474
151127 -92474 -496946 -123591
-496946 -123591 -16815 31318
-16815 31318 -4362 -182352
-4362 -182352 103255 147249
103255 147249 -955206 -995753
-955206 -995753 290237 -998843
290237 -998843 -36083 -882913
-36083 -882913 606050 199986
606050 199986 -69178 -347703
-69178 -347703 43299 -983783
43299 -983783 -385646 273690
-385646 273690 959642 -993168
959642 -993168 518229 -681833
518229 -681833 768981 -968569
768981 -968569 637931 -41047
637931 -41047 -528016 66869
-528016 66869 -747719 130993
-747719 130993 -155692 915534
-155692 915534 -713232 -500898
-713232 -500898 -987215 -283012
-987215 -283012 -15624 347347
-15624 347347 -60718 112149
-60718 112149 -832489 865430
-832489 865430 -8770 363055
-8770 363055 -664461 -189362
-664461 -189362 947125 504834
947125 504834 -507715 -432342
-507715 -432342 606086 -61940
606086 -61940 -329492 -407611
-329492 -407611 -180967 -925560
-180967 -925560 260608 40292
260608 40292 -845382 -944526
-845382 -944526 -181465 -327943
-181465 -327943 -313909 -200767
-313909 -200767 462042 -560002
462042 -560002 589638 518562
589638 518562 -194338 466887
-194338 466887 -134441 -121576
-134441 -121576 -442124 863313
-442124 863313 991370 -652549
991370 -652549 -218747 25895
-218747 25895 862733 -939134
862733 -939134 770326 976999
770326 976999 465994 -993404
465994 -993404 707223 388954
707223 388954 307119 -141430
307119 -141430 605698 944258
605698 944258 -26284 647546
-26284 647546 538579 -593842
538579 -593842 168729 -787266
168729 -787266 -559357 -937376
-559357 -937376 547206 551950
547206 551950 445279 -725610
445279 -725610 -897584 443509
-897584 443509 -312075 73526
-312075 73526 380977 671556
380977 671556 861700 -860485
861700 -860485 -229698 549828
-229698 549828 474614 236095
474614 236095 -391521 568903
-391521 568903 692596 955913
692596 955913 984402 232351
984402 232351 -137183 325272
-137183 325272 762172 -6328
762172 -6328 -433444 853370
-433444 853370 503173 765188
503173 765188 837631 -883984
837631 -883984 -853028 -837166
-853028 -837166 -182630 -402532
-182630 -402532 497476 531190
497476 531190 482019 -796244
482019 -796244 -744499 559737
-744499 559737 615281 -935189
615281 -935189 -859332 552956
-859332 552956 141434 -337444
141434 -337444 792247 886605
792247 886605 125302 -118603
125302 -118603 745334 446082
745334 446082 -281122 -632443
-281122 -632443 -616348 25893
-616348 25893 585974 905603
585974 905603 -567511 -152843
-567511 -152843 766633 700330
766633 700330 441026 598860
441026 598860 232711 -427659
232711 -427659 -290146 -826371
-290146 -826371 -511632 -311984
-511632 -311984 683706 726730
683706 726730 -373540 972303
-373540 972303 419747 -412785
419747 -412785 451861 -111568
451861 -111568 -733637 -748738
-733637 -748738 994274 -217913
994274 -217913 237551 -457159
237551 -457159 962187 234934
962187 234934 -24119 672747
-24119 672747 -534374 -18469
-534374 -18469 867479 253936
867479 253936 665082 718312
665082 718312 -391774 536079
-391774 536079 -436858 -729458
-436858 -729458 222992 990349
222992 990349 -878774 485611
-878774 485611 -510010 -670740
-510010 -670740 927921 701730
927921 701730 -471008 888234
-471008 888234 438612 -537321
438612 -537321 -771145 600723
-771145 600723 -808777 543616
-808777 543616 -902416 760984
-902416 760984 553854 -94336
553854 -94336 775059 931211
775059 931211 -630420 316266
-630420 316266 38336 -45923
38336 -45923 -757461 -88560
-757461 -88560 -665292 947502
-665292 947502 -909399 115471
-909399 115471 -501128 -705324
-501128 -705324 -695428 115440
-695428 115440 991574 736802
991574 736802 749739 -339563
749739 -339563 517824 934706
517824 934706 -750983 618507
-750983 618507 -579275 -263735
-579275 -263735 338865 255699
338865 255699 -574618 -247112
-574618 -247112 -620176 169962
-620176 169962 -378413 -888112
-378413 -888112 -646283 565349
-646283 565349 979430 878546
979430 878546 824473 204960
824473 204960 331914 -861530
331914 -861530 370825 -489137
370825 -489137 -787877 -374060
-787877 -374060 777843 950212
777843 950212 -238175 -914047
-238175 -914047 -91174 -364173
-91174 -364173 -896746 356704
-896746 356704 -477747 -286338
-477747 -286338 246749 577195
246749 577195 -402786 323326
-402786 323326 110255 -653301
110255 -653301 5500 -703905
5500 -703905 750921 -231964
750921 -231964 -361245 218232
-361245 218232 566180 171432
566180 171432 -470188 -230902
-470188 -230902 304444 -14962
304444 -14962 -503805 -584128
-503805 -584128 932938 -476380
932938 -476380 -968952 531847
-968952 531847 -507219 536730
-507219 536730 383071 -164754
383071 -164754 190118 -260787
190118 -260787 -915018 -705803
-915018 -705803 775358 -766157
775358 -766157 133743 567677
133743 567677 -135391 -341006
-135391 -341006 -165932 161358
-165932 161358 -383360 706281
-383360 706281 -247422 -241687
-247422 -241687 -622598 462600
-622598 462600 194723 -255047
194723 -255047 318811 -105823
318811 -105823 -62270 -216129
-62270 -216129 83863 -529985
83863 -529985 217924 -255594
217924 -255594 -704498 -586018
-704498 -586018 -267632 -76570
-267632 -76570 540596 -20837
540596 -20837 -781977 -357194
-781977 -357194 -318932 904637
-318932 904637 611770 -18215
611770 -18215 615452 -4953
615452 -4953 745982 -721336
745982 -721336 -93867 -32314
-93867 -32314 -275193 348946
-275193 348946 -740889 -859491
-740889 -859491 469225 -304359
469225 -304359 -103403 -391108
-103403 -391108 381327 -441038
381327 -441038 869575 -549221
869575 -549221 435318 -599110
435318 -599110 593210 282426
593210 282426 117716 59473
117716 59473 -223982 -488150
-223982 -488150 56239 698637
56239 698637 -449056 -248793
-449056 -248793 -720878 162492
-720878 162492 116124 -402589
116124 -402589 -631074 742203
-631074 742203 886445 -765177
886445 -765177 497787 -157681
497787 -157681 -580368 952714
-580368 952714 -260499 -126623
-260499 -126623 405707 -995115
405707 -995115 -238767 811919
-238767 811919 763122 651374
763122 651374 326595 -317806
326595 -317806 -334899 886453
-334899 886453 -622121 897933
-622121 897933 410191 -68756
410191 -68756 781806 -162730
781806 -162730 376972 -121935
376972 -121935 318207 -250006
318207 -250006 -93771 -129559
-93771 -129559 -270613 -28753
-270613 -28753 816398 -641347
816398 -641347 337818 -186419
337818 -186419 -909210 62669
-909210 62669 753549 -562660
753549 -562660 813788 -606018
813788 -606018 23531 974400
23531 974400 -966544 130708
-966544 130708 495518 389944
495518 389944 -405144 -857528
-405144 -857528 953826 -695314
953826 -695314 -315298 -34233
-315298 -34233 -163889 418513
-163889 418513 846045 420269
846045 420269 492304 14020
492304 14020 335486 87534
335486 87534 73382 -651076
73382 -651076 -900886 -585804
-900886 -585804 -966231 -698351
-966231 -698351 -862758 762848
-862758 762848 -848430 801570
-848430 801570 -694534 43266
-694534 43266 -515527 100463
-515527 100463 -692433 285678
-692433 285678 848257 464644
848257 464644 731037 -251726
731037 -251726 936911 -5995
936911 -5995 428331 -154006
428331 -154006 -906226 -529126
-906226 -529126 543139 -470950
543139 -470950 -483609 -120216
-483609 -120216 362523 790962
362523 790962 29749 630934
29749 630934 -961741 172391
-961741 172391 -742082 601760
-742082 601760 465234 -312286
465234 -312286 94432 33492
94432 33492 943267 -347008
943267 -347008 -717864 -990691
-717864 -990691 -769377 -419673
-769377 -419673 850782 644336
850782 644336 6416 -546548
6416 -546548 946992 -153325
946992 -153325 669536 -574943
669536 -574943 388690 -601953
388690 -601953 122921 -907525
122921 -907525 67842 -848000
67842 -848000 -489867 -235128
-489867 -235128 -922924 -806332
-922924 -806332 279851 313802
279851 313802 795514 880012
795514 880012 674320 458510
674320 458510 -734232 -427215
-734232 -427215 409712 988361
409712 988361 -273836 -591128
-273836 -591128 566126 -337448
566126 -337448 817021 -625532
817021 -625532 493702 895745
493702 895745 730984 -200311
730984 -200311 809266 242238
809266 242238 175098 -443026
175098 -443026 217465 742756
217465 742756 23864 893048
23864 893048 -837135 119608
-837135 119608 -986502 -262657
-986502 -262657 112065 165917
112065 165917 -544881 831438
-544881 831438 857819 -212626
857819 -212626 699053 -714254
699053 -714254 446688 369224
446688 369224 -695061 909785
-695061 909785 -485228 10154
-485228 10154 27021 -561985
27021 -561985 -376488 275145
-376488 275145 -697751 -578619
-697751 -578619 937270 856521
937270 856521 -710011 594952
-710011 594952 -7358 -521400
-7358 -521400 -406856 -933755
-406856 -933755 537820 966388
537820 966388 597108 231328
597108 231328 389042 53248
389042 53248 694731 -673255
694731 -673255 432262 654747
432262 654747 -627327 -604029
-627327 -604029 873492 -768355
873492 -768355 -563783 643890
-563783 643890 187565 -892571
187565 -892571 320353 -730922
320353 -730922 -325514 223407
-325514 223407 -220025 857767
-220025 857767 487548 652599
487548 652599 755097 111182
755097 111182 264648 -812483
264648 -812483 618441 247816
618441 247816 -632353 -177509
-632353 -177509 -343914 11369
-343914 11369 478814 714460
478814 714460 -693825 663140
-693825 663140 -786666 -293429
-786666 -293429 240136 775018
240136 775018 -383314 367874
-383314 367874 20219 -358301
20219 -358301 -812927 -614228
-812927 -614228 522680 200507
522680 200507 -562610 -829241
-562610 -829241 -370249 -553318
-370249 -553318 909846 -792307
909846 -792307 205315 -948297
205315 -948297 907831 -845718
907831 -845718 -539606 17116
-539606 17116 262284 399741
262284 399741 -579914 128542
-579914 128542 -175796 -175128
-175796 -175128 -904991 -935713
-904991 -935713 737341 -905209
737341 -905209 972381 -35152
972381 -35152 53734 -739886
53734 -739886 -866137 -692164
-866137 -692164 -307437 126284
-307437 126284 -172833 235250
-172833 235250 -782474 -884504
-782474 -884504 586384 709823
586384 709823 -51022 822001
-51022 822001 104776 750565
104776 750565 -143772 480321
-143772 480321 245682 227972
245682 227972 -222961 639603
-222961 639603 -267405 -461960
-267405 -461960 -468129 424853
-468129 424853 -142435 26910
-142435 26910 -475997 -86313
-475997 -86313 751409 38993
751409 38993 -438138 -219068
-438138 -219068 211425 -766082
211425 -766082 -635339 -657018
-635339 -657018 155893 309689
155893 309689 -407137 -453664
-407137 -453664 -274967 -44284
-274967 -44284 562696 939574
562696 939574 -192287 -783134
-192287 -783134 -207507 548156
-207507 548156 380352 634904
380352 634904 -301419 -436360
-301419 -436360 -228681 396279
-228681 396279 231516 -496028
231516 -496028 -306112 168964
-306112 168964 812433 -329553
812433 -329553 687815 -251413
687815 -251413 -593824 722466
-593824 722466 439562 44580
439562 44580 704225 326898
704225 326898 -191442 635522
-191442 635522 555816 -356830
555816 -356830 -788812 33446
-788812 33446 -771710 -364923
-771710 -364923 -697673 23149
-697673 23149 -674410 773069
-674410 773069 95113 160535
95113 160535 -61492 -776923
-61492 -776923 -994193 -618840
-994193 -618840 -416955 -474762
-416955 -474762 -520876 -734746
-520876 -734746 407998 662731
407998 662731 893600 -669659
893600 -669659 -99919 -761426
-99919 -761426 697788 456813
697788 456813 -649016 560109
-649016 560109 -649298 397737
-649298 397737 -750712 485628
-750712 485628 21584 629677
21584 629677 871163 -615421
871163 -615421 -702688 117799
-702688 117799 -820257 -841655
-820257 -841655 274696 347057
274696 347057 -108546 -945220
-108546 -945220 437563 -924986
437563 -924986 430241 -798728
430241 -798728 -324121 -38399
-324121 -38399 827128 738412
827128 738412 780618 -995734
780618 -995734 -567759 481469
-567759 481469 806053 526568
806053 526568 -534310 315912
-534310 315912 -335635 -967426
-335635 -967426 -841134 613211
-841134 613211 -559644 615259
-559644 615259 -276857 -724581
-276857 -724581 740492 158661
740492 158661 787514 -126889
787514 -126889 -399346 506909
-399346 506909 817598 205828
817598 205828 504171 -360809
504171 -360809 712697 516466
712697 516466 42689 630901
42689 630901 73019 54211
73019 54211 466021 -901419
466021 -901419 75180 -529769
75180 -529769 -556765 -613412
-556765 -613412 808374 -273031
808374 -273031 337016 775526
337016 775526 -236458 -268839
-236458 -268839 621904 -346622
621904 -346622 -299670 -519044
-299670 -519044 -477030 -79097
-477030 -79097 317993 -792614
317993 -792614 926571 -944040
926571 -944040 829305 603336
829305 603336 868869 -521424
868869 -521424 932626 -889798
932626 -889798 -690653 -625287
-690653 -625287 -116702 660297
-116702 660297 474116 503841
474116 503841 -23489 942592
-23489 942592 -214694 -842823
-214694 -842823 174680 580610
174680 580610 894986 -366745
894986 -366745 494879 -903633
494879 -903633 -505804 941986
-505804 941986 -748114 423732
-748114 423732 -232721 -508721
-232721 -508721 -190369 873556
-190369 873556 684503 -236940
684503 -236940 -979378 -576663
-979378 -576663 967530 -821872
967530 -821872 578505 -582168
578505 -582168 -290246 -746054
-290246 -746054 2012 -55004
2012 -55004 -586613 -946799
-586613 -946799 140843 -207364
140843 -207364 -220390 117243
-220390 117243 -574968 89736
-574968 89736 -940096 701044
-940096 701044 -612726 -598559
-612726 -598559 41491 -37850
41491 -37850 -222032 -743289
-222032 -743289 -899181 794482
-899181 794482 268993 -937400
268993 -937400 715242 -135735
715242 -135735 82969 227466
82969 227466 -631635 418433
-631635 418433 -391447 31910
-391447 31910 478771 938291
478771 938291 -6151 -565304
-6151 -565304 71975 -600829
71975 -600829 -95902 -936956
-95902 -936956 879894 341603
879894 341603 -976231 -44438
-976231 -44438 142451 725199
142451 725199 571429 279307
571429 279307 -569309 -664654
-569309 -664654 -527099 174423
-527099 174423 -895729 36011
-895729 36011 -93187 995959
-93187 995959 -248848 -505570
-248848 -505570 -431394 966287
-431394 966287 -901006 81554
-901006 81554 -126565 264288
-126565 264288 789062 942657
789062 942657 445940 -389940
445940 -389940 -675598 -327656
-675598 -327656 187540 -705588
187540 -705588 -820864 479062
-820864 479062 -7870 363768
-7870 363768 -822498 -127206
-822498 -127206 -455275 -970929
-455275 -970929 859595 746453
859595 746453 -157661 296946
-157661 296946 360421 101619
360421 101619 262739 822160
262739 822160 -123681 -546815
-123681 -546815 -828577 507315
-828577 507315 332708 854758
332708 854758 300770 709416
300770 709416 870608 373840
870608 373840 -225312 318273
-225312 318273 -313105 -986205
-313105 -986205 7982 -837253
7982 -837253 -253410 902569
-253410 902569 341338 -350928
341338 -350928 962304 -274457
962304 -274457 166487 -415803
166487 -415803 -204368 49450
-204368 49450 512800 773227
512800 773227 -165305 560501
-165305 560501 56966 929412
56966 929412 754032 84964
754032 84964 -524308 -785316
-524308 -785316 244497 -34345
244497 -34345 607664 792045
607664 792045 399065 764441
399065 764441 -510183 -322053
-510183 -322053 -689097 691495
-689097 691495 -540490 448666
-540490 448666 127823 -910498
127823 -910498 -546594 276002
-546594 276002 720362 -151344
720362 -151344 -836465 -788154
-836465 -788154 -886569 687341
-886569 687341 385869 499792
385869 499792 -240285 -334720
-240285 -334720 280582 -553574
280582 -553574 318439 -259044
318439 -259044 270967 303598
270967 303598 -658021 -620704
-658021 -620704 677895 -51
677895 -51 -769420 489187
-769420 489187 -807204 -513204
-807204 -513204 -765868 -11436
-765868 -11436 572771 526182
572771 526182 924893 -479284
924893 -479284 812081 411119
812081 411119 182465 319422
182465 319422 -995722 -786603
-995722 -786603 -695448 125250
-695448 125250 693729 -810412
693729 -810412 -780225 550108
-780225 550108 157126 556828
157126 556828 -403905 772495
-403905 772495 -42805 -331495
-42805 -331495 -833005 327075
-833005 327075 306932 629804
306932 629804 -325064 674748
-325064 674748 -503301 618433
-503301 618433 -520038 933626
-520038 933626 -519616 860248
-519616 860248 -56744 -341796
-56744 -341796 700685 425589
700685 425589 699421 292786
699421 292786 -175638 434000
-175638 434000 180826 161655
180826 161655 -173554 -673057
-173554 -673057 -968215 -223737
-968215 -223737 358901 -305738
358901 -305738 986428 696485
986428 696485 -176978 -494143
-176978 -494143 505068 82418
505068 82418 108157 -759772
108157 -759772 832835 349107
832835 349107 -542607 126102
-542607 126102 -414546 -287738
-414546 -287738 -597289 716822
-597289 716822 856253 -260067
856253 -260067 -345401 828563
-345401 828563 -252014 -417998
-252014 -417998 -10784 -758911
-10784 -758911 811116 -944387
811116 -944387 -238985 755733
-238985 755733 536348 823017
536348 823017 -625002 -702555
-625002 -702555 195074 -363945
195074 -363945 -945856 654506
-945856 654506 815052 79917
815052 79917 66610 -725922
66610 -725922 -130937 -642586
-130937 -642586 511691 -261052
511691 -261052 525272 970758
525272 970758 -104831 -982571
-104831 -982571 -338961 920924
-338961 920924 595074 -548419
595074 -548419 150373 -533743
150373 -533743 -639497 53096
-639497 53096 -991703 -326773
-991703 -326773 899355 969405
899355 969405 426408 -639207
426408 -639207 -744784 468126
-744784 468126 880040 -451677
880040 -451677 423685 661250
423685 661250 240229 695639
240229 695639 -465879 -451806
-465879 -451806 -413681 292701
-413681 292701 -833601 719046
-833601 719046 855359 771226
855359 771226 991291 501132
991291 501132 299545 70963
299545 70963 163845 -811239
163845 -811239 195948 763216
195948 763216 340213 -829766
340213 -829766 564694 -86351
564694 -86351 -817741 860737
-817741 860737 -245730 -329186
-245730 -329186 135747 -350768
135747 -350768 -652443 -836171
-652443 -836171 372465 740256
372465 740256 -104711 744511
-104711 744511 316330 -440304
316330 -440304 694226 -171952
694226 -171952 -122172 113889
-122172 113889 -618932 -485564
-618932 -485564 921365 -219455
921365 -219455 322335 -646287
322335 -646287 765698 -919457
765698 -919457 505559 -694451
505559 -694451 632230 248767
632230 248767 -725867 94960
-725867 94960 -445742 -383308
-445742 -383308 123470 -156035
123470 -156035 764052 523327
764052 523327 -458381 986222
-458381 986222 60667 703863
60667 703863 -926239 454255
-926239 454255 -898141 925922
-898141 925922 -441942 -362813
-441942 -362813 68214 -21943
68214 -21943 770571 -648348
770571 -648348 5306 21475
5306 21475 139660 696828
139660 696828 -65991 -80340
-65991 -80340 -256946 -216991
-256946 -216991 517797 -710658
517797 -710658 -663439 -416850
-663439 -416850 687186 -679289
687186 -679289 -27252 -318163
-27252 -318163 -286453 780637
-286453 780637 266404 320302
266404 320302 57741 -506418
57741 -506418 -392550 963506
-392550 963506 78712 -978693
78712 -978693 -972146 -86230
-972146 -86230 -65007 379973
-65007 379973 -239871 372020
-239871 372020 436975 415946
436975 415946 624230 857274
624230 857274 -238839 -840860
-238839 -840860 768732 482301
768732 482301 -755995 25038
-755995 25038 326369 225821
326369 225821 -105087 -954495
-105087 -954495 -573027 191105
-573027 191105 -120126 -787064
-120126 -787064 262528 -231424
262528 -231424 794255 731160
794255 731160 99037 -809148
99037 -809148 -326155 -522931
-326155 -522931 -786487 -51752
-786487 -51752 278676 391422
278676 391422 639028 169350
639028 169350 -3456 341932
-3456 341932 -145510 358926
-145510 358926 249795 97462
249795 97462 -150933 355352
-150933 355352 -825442 -967358
-825442 -967358 952319 -201324
952319 -201324 -603843 -889424
-603843 -889424 346731 72380
346731 72380 -453694 226129
-453694 226129 -381361 717707
-381361 717707 839841 -334786
839841 -334786 312492 614792
312492 614792 481785 -649521
481785 -649521 -941510 -462278
-941510 -462278 744012 834095
744012 834095 625846 -844047
625846 -844047 184120 471264
184120 471264 -493639 -594589
-493639 -594589 -588226 -236526
-588226 -236526 511287 -46790
511287 -46790 67226 880453
67226 880453 -809259 580189
-809259 580189 582349 -708651
582349 -708651 941288 -573925
941288 -573925 445892 -910020
445892 -910020 -810983 -292508
-810983 -292508 -594001 701069
-594001 701069 -658530 867615
-658530 867615 -685522 -106147
-685522 -106147 825025 -27567
825025 -27567 -546663 287694
-546663 287694 -646530 -839496
-646530 -839496 499500 -627429
499500 -627429 -213089 439190
-213089 439190 677074 -111936
677074 -111936 -420486 459201
-420486 459201 639148 -349002
639148 -349002 -741769 540483
-741769 540483 182672 434787
182672 434787 -429997 -74555
-429997 -74555 214667 810288
214667 810288 -656044 -723769
-656044 -723769 -20830 784373
-20830 784373 96353 -893111
96353 -893111 -583390 -651007
-583390 -651007 768663 884626
768663 884626 -334545 693294
-334545 693294 79079 638977
79079 638977 -135143 23859
-135143 23859 204341 -276034
204341 -276034 693193 -212260
693193 -212260 737716 -555816
737716 -555816 709258 187130
709258 187130 -721557 -228284
-721557 -228284 -68820 -893380
-68820 -893380 -397941 630728
-397941 630728 503277 661313
503277 661313 930415 431769
930415 431769 615785 -163472
615785 -163472 -748206 -717696
-748206 -717696 -279765 692252
-279765 692252 -165565 -390827
-165565 -390827 713644 -983315
713644 -983315 -152710 -652698
-152710 -652698 -333462 -527324
-333462 -527324 130351 8610
130351 8610 -604836 -604617
-604836 -604617 -742164 -523380
-742164 -523380 21681 676057
21681 676057 123470 451120
123470 451120 928633 455545
928633 455545 -436400 -166573
-436400 -166573 155675 786834
155675 786834 -915769 145998
-915769 145998 853809 573723
853809 573723 -665179 -852427
-665179 -852427 -798964 -875490
-798964 -875490 184355 -860202
184355 -860202 916669 -675174
916669 -675174 -336695 -47730
-336695 -47730 -592687 -366062
-592687 -366062 355540 449870
355540 449870 -354372 -469871
-354372 -469871 892175 960
892175 960 -861794 640594
-861794 640594 -560403 -419153
-560403 -419153 -781591 429110
-781591 429110 -923412 -195148
-923412 -195148 122792 253089
122792 253089 236313 -876528
236313 -876528 799803 -238098
799803 -238098 -198399 -224201
-198399 -224201 -656716 591461
-656716 591461 -903788 945068
-903788 945068 668179 412739
668179 412739 559163 -688864
559163 -688864 -422467 124290
-422467 124290 538485 -45581
538485 -45581 179174 -228632
179174 -228632 -237537 170710
-237537 170710 -655088 -443230
-655088 -443230 -394140 391562
-394140 391562 -229251 893123
-229251 893123 -723004 159895
-723004 159895 723624 30208
723624 30208 -27912 -320017
-27912 -320017 -536710 -906735
-536710 -906735 -417419 -738738
-417419 -738738 44246 -803157
44246 -803157 -783068 391147
-783068 391147 12991 -431307
12991 -431307 199557 -445480
199557 -445480 742962 87412
742962 87412 780337 700149
780337 700149 465852 -955863
465852 -955863 638242 -253238
638242 -253238 -313377 235642
-313377 235642 666693 -903078
666693 -903078 576225 5852
576225 5852 -455304 381590
-455304 381590 823781 263038
823781 263038 936833 -665611
936833 -665611 542826 -766678
542826 -766678 751145 -624760
751145 -624760 -898299 509433
-898299 509433 223008 -591854
223008 -591854 -844440 -623275
-844440 -623275 -370076 567319
-370076 567319 -425165 388592
-425165 388592 902754 -912315
902754 -912315 743916 -128781
743916 -128781 179959 -878670
179959 -878670 662688 -180958
662688 -180958 -773349 578357
-773349 578357 365279 706102
365279 706102 -266702 -196980
-266702 -196980 33447 -200925
33447 -200925 364060 447780
364060 447780 356008 419638
356008 419638 -883369 853199
-883369 853199 25093 196359
25093 196359 -966642 -808179
-966642 -808179 511689 -58947
511689 -58947 -806640 -626432
-806640 -626432 -194701 327895
-194701 327895 799785 -963477
799785 -963477 -625824 -74086
-625824 -74086 705717 -949971
705717 -949971 -346104 -321837
-346104 -321837 -703969 329787
-703969 329787 847437 -395085
847437 -395085 -368050 -919651
-368050 -919651 441572 -226761
441572 -226761 -825787 295156
-825787 295156 -994203 -843636
-994203 -843636 983333 -771558
983333 -771558 -413825 108573
-413825 108573 -946867 856640
-946867 856640 -59701 39506
-59701 39506 984698 -582762
984698 -582762 564867 -263854
564867 -263854 849500 109207
849500 109207 104089 491894
104089 491894 -757657 -243215
-757657 -243215 -259011 546988
-259011 546988 630200 7884
630200 7884 -461845 -448665
-461845 -448665 989926 441748
989926 441748 -745204 314227
-745204 314227 -869336 297786
-869336 297786 148263 -457439
148263 -457439 -350566 -958674
-350566 -958674 946865 353945
946865 353945 -514756 949880
-514756 949880 -992812 -334226
-992812 -334226 816291 -495947
816291 -495947 279987 43262
279987 43262 -269965 -308566
-269965 -308566 -987726 -327020
-987726 -327020 -584277 315698
-584277 315698 638800 -33213
638800 -33213 957081 220639
957081 220639 257505 -803240
257505 -803240 -891641 584
-891641 584 -121755 -777089
-121755 -777089 -820460 716203
-820460 716203 -14058 348258
-14058 348258 76971 -617345
76971 -617345 694376 634421
694376 634421 -190814 300337
-190814 300337 -906403 688228
-906403 688228 -751896 -509386
-751896 -509386 -746194 -240696
-746194 -240696 -258246 -977860
-258246 -977860 511205 544546
511205 544546 -534188 833641
-534188 833641 767474 -579666
767474 -579666 -709727 -72098
-709727 -72098 -460152 -423744
-460152 -423744 -725428 276693
-725428 276693 942235 -455416
942235 -455416 -131159 433307
-131159 433307 406705 -649074
406705 -649074 788186 -780687
788186 -780687 -170610 -782204
-170610 -782204 30840 -992910
30840 -992910 499216 540193
499216 540193 628000 142392
628000 142392 766288 457307
766288 457307 514079 113244
514079 113244 409493 -585553
409493 -585553 -399424 579906
-399424 579906 -53765 991731
-53765 991731 -411954 -413789
-411954 -413789 444592 100278
444592 100278 -607224 -325980
-607224 -325980 524516 -512699
524516 -512699 665853 -767281
665853 -767281 -564260 -165556
-564260 -165556 -773980 -330795
-773980 -330795 980695 104012
980695 104012 639252 302342
639252 302342 359925 -566855
359925 -566855 14558 -345865
14558 -345865 778917 58356
778917 58356 -265506 -621238
-265506 -621238 -31713 -461016
-31713 -461016 -544013 432611
-544013 432611 472754 -664392
472754 -664392 642300 851145
642300 851145 -736627 -156528
-736627 -156528 -14022 -172792
-14022 -172792 618141 740560
618141 740560 -149824 -855839
-149824 -855839 -421501 -468877
-421501 -468877 -433973 -866387
-433973 -866387 -720394 783399
-720394 783399 910848 -796559
910848 -796559 -214752 306924
-214752 306924 971082 -251106
971082 -251106 -741329 -540536
-741329 -540536 188172 -241432
188172 -241432 931870 -440074
931870 -440074 73641 150618
73641 150618 -227637 -661615
-227637 -661615 884525 953096
884525 953096 -711516 -826431
-711516 -826431 943744 741505
943744 741505 453468 -547289
453468 -547289 748369 -193126
748369 -193126 447612 495688
447612 495688 -240709 -593613
-240709 -593613 -5586 -213897
-5586 -213897 938166 593779
938166 593779 -815115 897832
-815115 897832 -736 805570
-736 805570 -717308 -324185
-717308 -324185 232404 -304677
232404 -304677 -901932 -333574
-901932 -333574 497439 -462855
497439 -462855 92859 784529
92859 784529 622326 727590
622326 727590 -746765 -738476
-746765 -738476 908924 181072
908924 181072 912862 239350
912862 239350 -667307 -337788
-667307 -337788 -374347 -862011
-374347 -862011 -493708 115912
-493708 115912 641577 -928865
641577 -928865 -239604 -804918
-239604 -804918 341930 -912338
341930 -912338 -548934 -552868
-548934 -552868 -206641 -406
-206641 -406 -566831 804901
-566831 804901 582065 355511
582065 355511 -417770 246683
-417770 246683 -167209 787514
-167209 787514 -17483 -880640
-17483 -880640 -223311 -884798
-223311 -884798 866688 -421446
866688 -421446 736845 768932
736845 768932 -153241 -397690
-153241 -397690 419998 -929537
419998 -929537 -35530 -415125
-35530 -415125 150213 728217
150213 728217 -512646 -505241
-512646 -505241 624078 225961
624078 225961 664794 514953
664794 514953 -405756 571405
-405756 571405 320632 254373
320632 254373 -303638 -995887
-303638 -995887 61861 -845701
61861 -845701 456250 -166196
456250 -166196 653764 -20340
653764 -20340 907430 242952
907430 242952 95496 879283
95496 879283 183355 -113895
183355 -113895 126833 -109547
126833 -109547 -29337 -852578
-29337 -852578 915913 -872338
915913 -872338 537079 -558654
537079 -558654 -964288 226070
-964288 226070 990430 -435209
990430 -435209 -654782 659434
-654782 659434 -531694 249500
-531694 249500 751144 32133
751144 32133 415106 901243
415106 901243 -940007 -364871
-940007 -364871 -996467 146408
-996467 146408 -452277 739651
-452277 739651 -916690 929448
-916690 929448 -646022 -652600
-646022 -652600 -942445 456246
-942445 456246 918561 25900
918561 25900 434723 -482308
434723 -482308 856994 551390
856994 551390 -150502 773156
-150502 773156 169621 -200903
169621 -200903 186441 -852678
186441 -852678 622715 85290
622715 85290 -490870 -498325
-490870 -498325 930621 -331137
930621 -331137 -495080 -603812
-495080 -603812 -464104 686012
-464104 686012 -233023 805789
-233023 805789 725635 -963126
725635 -963126 -760226 665111
-760226 665111 -776240 80032
-776240 80032 -415682 -45827
-415682 -45827 -921559 -538511
-921559 -538511 -811662 605126
-811662 605126 270505 -901951
270505 -901951 914821 -880155
914821 -880155 -589815 687900
-589815 687900 309933 -623032
309933 -623032 884658 -112894
884658 -112894 836843 352759
836843 352759 155734 925550
155734 925550 212749 372676
212749 372676 397580 -931409
397580 -931409 -992709 520025
-992709 520025 -130952 -398991
-130952 -398991 194186 589203
194186 589203 728449 604322
728449 604322 93883 -696358
93883 -696358 -51215 441174
-51215 441174 580406 816374
580406 816374 849847 742633
849847 742633 615533 -532650
615533 -532650 387752 255266
387752 255266 -503746 387827
-503746 387827 -397984 -471480
-397984 -471480 272912 721925
272912 721925 130911 178418
130911 178418 901100 -742339
901100 -742339 -886177 458686
-886177 458686 -186779 -649834
-186779 -649834 179744 -750356
179744 -750356 -874289 884971
-874289 884971 654170 -333448
654170 -333448 -306721 -755817
-306721 -755817 328624 976468
328624 976468 -67823 -660294
-67823 -660294 -879104 -394986
-879104 -394986 -37343 -454791
-37343 -454791 -73763 535087
-73763 535087 -817912 786946
-817912 786946 233235 9743
233235 9743 -368245 460014
-368245 460014 656492 -181529
656492 -181529 -441457 -462644
-441457 -462644 774458 324078
774458 324078 -121779 512870
-121779 512870 39535 -687638
39535 -687638 431295 -144100
431295 -144100 -714289 866472
-714289 866472 426767 836023
426767 836023 -219630 591571
-219630 591571 486066 98720
486066 98720 -47316 -47285
-47316 -47285 792454 514623
792454 514623 -75157 308183
-75157 308183 215365 -712265
215365 -712265 135824 -829366
135824 -829366 515549 415011
515549 415011 -809731 980404
-809731 980404 -105331 -387921
-105331 -387921 919431 470618
919431 470618 207239 829566
207239 829566 860124 -271670
860124 -271670 516142 -902825
516142 -902825 149974 495217
149974 495217 -755437 875322
-755437 875322 -403295 -791045
-403295 -791045 705185 69024
705185 69024 766419 512471
766419 512471 -225155 486750
-225155 486750 -946963 -310607
-946963 -310607 2886 773265
2886 773265 636075 993844
636075 993844 -884201 48681
-884201 48681 131543 100760
131543 100760 190027 -218240
190027 -218240 -368001 -752046
-368001 -752046 -156307 -477
-156307 -477 -651827 -810587
-651827 -810587 431106 -811070
431106 -811070 665050 -895187
665050 -895187 634975 -579749
634975 -579749 39297 -991366
39297 -991366 -59215 442267
-59215 442267 748336 16081
748336 16081 -293991 -972216
-293991 -972216 254252 629948
254252 629948 -837947 -615085
-837947 -615085 -858907 191753
-858907 191753 -619744 76838
-619744 76838 -417324 -723301
-417324 -723301 665733 -100639
665733 -100639 -37920 736498
-37920 736498 486821 283246
486821 283246 329536 -460000
329536 -460000 237076 343998
237076 343998 164972 68140
164972 68140 550099 507293
550099 507293 494139 827622
494139 827622 -139107 -426371
-139107 -426371 33773 -550115
33773 -550115 -671529 629588
-671529 629588 -931142 222433
-931142 222433 -400289 37985
-400289 37985 -933734 296410
-933734 296410 59287 -679651
59287 -679651 -577947 439175
-577947 439175 -689919 676510
-689919 676510 496311 -500233
496311 -500233 663501 545146
663501 545146 -985983 -224197
-985983 -224197 -108577 115116
-108577 115116 446785 789249
446785 789249 455133 -261331
455133 -261331 -89508 -144640
-89508 -144640 315390 -580070
315390 -580070 -997189 -518040
-997189 -518040 977434 645280
977434 645280 293282 -709998
293282 -709998 -889615 477964
-889615 477964 556931 87237
556931 87237 235461 -604803
235461 -604803 546520 -414408
546520 -414408 -416798 417990
-416798 417990 -826121 -741453
-826121 -741453 -483842 -622726
-483842 -622726 -242745 -522525
-242745 -522525 240102 494575
240102 494575 -265260 -321208
-265260 -321208 -114610 -861438
-114610 -861438 -276348 -833869
-276348 -833869 226031 -401601
226031 -401601 -778768 -852677
-778768 -852677 293997 42834
293997 42834 979100 172204
979100 172204 -178056 -511453
-178056 -511453 967029 691625
967029 691625 40676 -559673
40676 -559673 -691553 -268127
-691553 -268127 -227554 276848
-227554 276848 -623742 -246188
-623742 -246188 -313588 -638483
-313588 -638483 -897710 351291
-897710 351291 -229870 -587969
-229870 -587969 738674 971036
738674 971036 142090 963551
142090 963551 863433 909477
863433 909477 -918597 465916
-918597 465916 -485610 200637
-485610 200637 87365 -183343
87365 -183343 -932308 712057
-932308 712057 -949763 614871
-949763 614871 -435755 -723636
-435755 -723636 -525357 321677
-525357 321677 947910 544145
947910 544145 833133 938614
833133 938614 735980 964823
735980 964823 -858713 631495
-858713 631495 190022 -173917
190022 -173917 -216257 888693
-216257 888693 525875 -622707
525875 -622707 437105 -541011
437105 -541011 -738362 -240523
-738362 -240523 196850 25164
196850 25164 -849158 393432
-849158 393432 -693363 -568549
-693363 -568549 -943175 458194
-943175 458194 34009 -864481
34009 -864481 -514339 -634760
-514339 -634760 151250 70580
151250 70580 -428406 158063
-428406 158063 234524 850987
234524 850987 799204 243250
799204 243250 875668 550187
875668 550187 -836080 799286
-836080 799286 -943063 -444140
-943063 -444140 -910311 -176287
-910311 -176287 -814432 527966
-814432 527966 655477 -136989
655477 -136989 -182373 4986
-182373 4986 260165 508283
260165 508283 -708384 -266357
-708384 -266357 -134914 984083
-134914 984083 -302542 -979879
-302542 -979879 517080 252115
517080 252115 -603156 -556610
-603156 -556610 -74842 -95827
-74842 -95827 335160 241062
335160 241062 -284452 -590392
-284452 -590392 730760 -958651
730760 -958651 717948 -120117
717948 -120117 60027 5967
60027 5967 -902590 -236546
-902590 -236546 766794 -765635
766794 -765635 -628828 -218399
-628828 -218399 -397117 965493
-397117 965493 -728368 -939974
-728368 -939974 635883 -840185
635883 -840185 108574 -525557
108574 -525557 -258129 -350595
-258129 -350595 412726 -721867
412726 -721867 -638780 602045
-638780 602045 -800877 498540
-800877 498540 -85717 842736
-85717 842736 -397488 -385664
-397488 -385664 236691 19581
236691 19581 -686825 471186
-686825 471186 63046 -846453
63046 -846453 290285 -189742
290285 -189742 2078 787725
2078 787725 -292327 -44295
-292327 -44295 732446 956383
732446 956383 -302938 945572
-302938 945572 -189042 -308848
-189042 -308848 -431342 800118
-431342 800118 -234634 -434224
-234634 -434224 -193511 661516
-193511 661516 -560063 -442030
-560063 -442030 978812 -803866
978812 -803866 -852570 334340
-852570 334340 266300 266745
266300 266745 -392663 354249
-392663 354249 202241 519742
202241 519742 -930344 466234
-930344 466234 -553100 -369138
-553100 -369138 164891 711789
164891 711789 -930036 -375100
-930036 -375100 58438 -298640
58438 -298640 401817 -406317
401817 -406317 905888 726916
905888 726916 -596344 -362732
-596344 -362732 726014 -628328
726014 -628328 130783 403877
130783 403877 -444801 -159381
-444801 -159381 435834 -142349
435834 -142349 282654 513051
282654 513051 601603 613878
601603 613878 -80368 934358
-80368 934358 230327 -937964
230327 -937964 -969255 596896
-969255 596896 -466583 -530462
-466583 -530462 235047 -894971
235047 -894971 533380 -100258
533380 -100258 -559201 -667312
-559201 -667312 58938 638035
58938 638035 -699108 -677282
-699108 -677282 -105802 727255
-105802 727255 398287 -940454
398287 -940454 808863 -528722
808863 -528722 254286 322368
254286 322368 -449380 -593984
-449380 -593984 997904 616573
997904 616573 139641 948457
139641 948457 789477 111965
789477 111965 210319 -81947
210319 -81947 399172 201493
399172 201493 206467 -343684
206467 -343684 -126748 -574541
-126748 -574541 -492169 229524
-492169 229524 148449 268730
148449 268730 -122027 -678991
-122027 -678991 487110 698469
487110 698469 -260569 134966
-260569 134966 554623 439944
554623 439944 796076 -424704
796076 -424704 -797854 -710848
-797854 -710848 824700 165436
824700 165436 779578 439150
779578 439150 651445 906681
651445 906681 -334428 -194534
-334428 -194534 -310990 964140
-310990 964140 -332323 -132116
-332323 -132116 322745 196314
322745 196314 979504 -558815
979504 -558815 -804222 992063
-804222 992063 -663382 242638
-663382 242638 29639 -68408
29639 -68408 918397 -440062
918397 -440062 -933901 406968
-933901 406968 982359 -958391
982359 -958391 83165 -724262
83165 -724262 -861258 -854006
-861258 -854006 918641 744654
918641 744654 735903 649704
735903 649704 -715429 317181
-715429 317181 563439 118333
563439 118333 524508 -355229
524508 -355229 273750 194801
273750 194801 273919 991563
273919 991563 308010 538460
308010 538460 -71952 699519
-71952 699519 -61943 85242
-61943 85242 -175363 449145
-175363 449145 143789 427117
143789 427117 457309 -817004
457309 -817004 34454 -386814
34454 -386814 425937 326210
425937 326210 -32083 15100
-32083 15100 -154614 -128226
-154614 -128226 820680 251034
820680 251034 250894 458781
250894 458781 346284 -595291
346284 -595291 -23149 870441
-23149 870441 -926381 620652
-926381 620652 -522835 -834919
-522835 -834919 772584 -258867
772584 -258867 605535 940912
605535 940912 -462672 -151509
-462672 -151509 -884957 225952
-884957 225952 -447575 -994257
-447575 -994257 83597 -841350
83597 -841350 -761121 877496
-761121 877496 976600 -42170
976600 -42170 -17803 -436174
-17803 -436174 59589 -460265
59589 -460265 -177111 337718
-177111 337718 194148 171624
194148 171624 861503 511665
861503 511665 743768 251969
743768 251969 186633 -522383
186633 -522383 633551 490496
633551 490496 498422 976147
498422 976147 137094 -355169
137094 -355169 -752584 739584
-752584 739584 68520 -399924
68520 -399924 739509 665904
739509 665904 706231 437932
706231 437932 404648 -178195
404648 -178195 -332094 -659766
-332094 -659766 -546691 -178075
-546691 -178075 -729604 60664
-729604 60664 -747001 -719277
-747001 -719277 73908 702894
73908 702894 -937451 617542
-937451 617542 -364508 744255
-364508 744255 -643345 625757
-643345 625757 451827 187102
451827 187102 -479105 -85784
-479105 -85784 678997 -986324
678997 -986324 -130765 -122591
-130765 -122591 757841 71144
757841 71144 -176405 -783285
-176405 -783285 29859 -641766
29859 -641766 -272222 52960
-272222 52960 -540534 -578729
-540534 -578729 446549 25027
446549 25027 499274 610715
499274 610715 551818 109110
551818 109110 -330490 -398401
-330490 -398401 928653 -700760
928653 -700760 -189052 480118
-189052 480118 -580258 -349286
-580258 -349286 813503 -104237
813503 -104237 376888 742030
376888 742030 -750887 -656988
-750887 -656988 -157723 -36242
-157723 -36242 400866 442812
400866 442812 101953 -157618
101953 -157618 560112 -884642
560112 -884642 35175 46363
35175 46363 915845 -954016
915845 -954016 -160120 499184
-160120 499184 -272418 -541401
-272418 -541401 6553 229900
6553 229900 515995 405155
515995 405155 30217 -897324
30217 -897324 -416777 -474584
-416777 -474584 734386 -790165
734386 -790165 830164 31889
830164 31889 -392176 583640
-392176 583640 442640 -190573
442640 -190573 -24255 -926750
-24255 -926750 -15080 -326754
-15080 -326754 836407 122517
836407 122517 -784179 725455
-784179 725455 670534 358351
670534 358351 823289 720045
823289 720045 881926 888706
881926 888706 -396524 -22026
-396524 -22026 123940 266538
123940 266538 -492959 -564982
-492959 -564982 594007 -121888
594007 -121888 -658041 500230
-658041 500230 -463019 -185983
-463019 -185983 -138874 -954715
-138874 -954715 -607588 -429004
-607588 -429004 -62116 8280
-62116 8280 -946179 566775
-946179 566775 -446284 -866016
-446284 -866016 616602 -177416
616602 -177416 -585284 89167
-585284 89167 892328 -738277
892328 -738277 48696 -935216
48696 -935216 938075 818179
938075 818179 -138967 848440
-138967 848440 681688 -82476
681688 -82476 -276612 926252
-276612 926252 -415807 838636
-415807 838636 417118 970805
417118 970805 103101 -191819
103101 -191819 -473846 784116
-473846 784116 490506 -439717
490506 -439717 -931393 589853
-931393 589853 125507 -537420
125507 -537420 -341895 964800
-341895 964800 -405556 -366123
-405556 -366123 136278 -482476
136278 -482476 912069 -125850
912069 -125850 -201612 382677
-201612 382677 389801 540345
389801 540345 -468100 823899
-468100 823899 -528860 71033
-528860 71033 960482 -452704
960482 -452704 902820 -535910
902820 -535910 -286385 -881693
-286385 -881693 25623 527515
25623 527515 191857 -575718
191857 -575718 740420 -551330
740420 -551330 220602 764755
220602 764755 -614138 -828290
-614138 -828290 -779126 -321192
-779126 -321192 360517 -127281
360517 -127281 -744901 -760970
-744901 -760970 -983737 -231829
-983737 -231829 894320 -628930
894320 -628930 -942135 -627762
-942135 -627762 953303 163164
953303 163164 860371 83663
860371 83663 396838 519736
396838 519736 -207134 306739
-207134 306739 -88608 -205419
-88608 -205419 569965 -841958
569965 -841958 520770 829104
520770 829104 -678149 -809456
-678149 -809456 424962 385912
424962 385912 282657 832137
282657 832137 -673756 -695030
-673756 -695030 919597 134145
919597 134145 -118345 -310062
-118345 -310062 105178 674504
105178 674504 -205607 -663849
-205607 -663849 550184 57642
550184 57642 -490663 -495743
-490663 -495743 -211852 109454
-211852 109454 -130237 938335
-130237 938335 -516868 -502109
-516868 -502109 715630 -127226
715630 -127226 -640958 -993146
-640958 -993146 682310 961193
682310 961193 -329991 909198
-329991 909198 143544 -960056
143544 -960056 -895261 -821100
-895261 -821100 224013 422633
224013 422633 111783 -829818
111783 -829818 -34050 902201
-34050 902201 288958 -192367
288958 -192367 -87604 -159188
-87604 -159188 -235776 -294134
-235776 -294134 -475239 722093
-475239 722093 -640322 840221
-640322 840221 139152 -336286
139152 -336286 -780308 -339037
-780308 -339037 -121611 404870
-121611 404870 180134 60262
180134 60262 986077 -481731
986077 -481731 759562 -392948
759562 -392948 660762 -735839
660762 -735839 61999 -852544
61999 -852544 -433238 66941
-433238 66941 739519 -55706
739519 -55706 882727 78528
882727 78528 -747623 817788
-747623 817788 480238 -364995
480238 -364995 95479 -284283
95479 -284283 478602 546863
478602 546863 408050 715073
408050 715073 -580345 751886
-580345 751886 580256 224564
580256 224564 766365 -59272
766365 -59272 686391 443676
686391 443676 725665 254407
725665 254407 196551 -799424
196551 -799424 -141126 -393912
-141126 -393912 -731637 -882710
-731637 -882710 515647 -345498
515647 -345498 -754936 829401
-754936 829401 475445 -695915
475445 -695915 898237 820050
898237 820050 -571912 808322
-571912 808322 -831794 -256526
-831794 -256526 -325575 -77321
-325575 -77321 -566702 -18257
-566702 -18257 994439 -23103
994439 -23103 631461 -794930
631461 -794930 711765 -669608
711765 -669608 -275032 -30611
-275032 -30611 -814767 -356692
-814767 -356692 -659533 264400
-659533 264400 85836 -802351
85836 -802351 939833 661772
939833 661772 42489 -802358
42489 -802358 -101479 -330596
-101479 -330596 663769 939842
663769 939842 704150 -944360
704150 -944360 -611271 -289918
-611271 -289918 -210699 526832
-210699 526832 534409 543798
534409 543798 -121806 218017
-121806 218017 -859871 648684
-859871 648684 135709 946759
135709 946759 166192 743555
166192 743555 464214 941026
464214 941026 -341336 -176783
-341336 -176783 -243459 83081
-243459 83081 -576816 189271
-576816 189271 109834 -455035
109834 -455035 128416 326501
128416 326501 -262792 736779
-262792 736779 -501846 279928
-501846 279928 -288022 478616
-288022 478616 -125829 945131
-125829 945131 -302924 432612
-302924 432612 -459453 460200
-459453 460200 -986108 -976865
-986108 -976865 -194092 -244484
-194092 -244484 -397637 -975563
-397637 -975563 -130354 -785513
-130354 -785513 416444 241229
416444 241229 294494 -735550
294494 -735550 771877 935787
771877 935787 340736 179515
340736 179515 14110 -744037
14110 -744037 -991017 793305
-991017 793305 -55151 152237
-55151 152237 594194 -966947
594194 -966947 146720 -473024
146720 -473024 -814961 711230
-814961 711230 -409911 -185746
-409911 -185746 811369 -861441
811369 -861441 166005 -336783
166005 -336783 760594 -582008
760594 -582008 840019 -88454
840019 -88454 -493405 -721437
-493405 -721437 898577 272236
898577 272236 -234396 -441449
-234396 -441449 66220 -39142
66220 -39142 -982298 -183809
-982298 -183809 340740 -213899
340740 -213899 -828480 34427
-828480 34427 551787 -854615
551787 -854615 -854615 -164760
-854615 -164760 -403411 -194142
-403411 -194142 48664 495372
48664 495372 821901 -582110
821901 -582110 155350 -267416
155350 -267416 -646613 -970054
-646613 -970054 -303853 740798
-303853 740798 -834869 227949
-834869 227949 606332 622049
606332 622049 -840447 666427
-840447 666427 -604257 -142675
-604257 -142675 46577 394305
46577 394305 -965128 -494198
-965128 -494198 -21602 -406307
-21602 -406307 415172 611937
415172 611937 -329084 820299
-329084 820299 49020 -302622
49020 -302622 335866 -453621
335866 -453621 419277 966869
419277 966869 -660362 -423841
-660362 -423841 140288 -431763
140288 -431763 912553 -516162
912553 -516162 721247 221529
721247 221529 416876 -581260
416876 -581260 -155095 -586414
-155095 -586414 34625 771395
34625 771395 -676910 803801
-676910 803801 144878 -11837
144878 -11837 720987 -239890
720987 -239890 988400 309921
988400 309921 757883 919972
757883 919972 -649790 -55063
-649790 -55063 -662131 517955
-662131 517955 -837727 692618
-837727 692618 -858574 274355
-858574 274355 332657 341766
332657 341766 287197 -647444
287197 -647444 -873287 326667
-873287 326667 -539363 -706812
-539363 -706812 -614771 337836
-614771 337836 291394 656188
291394 656188 607406 310208
607406 310208 552750 -25312
552750 -25312 -731348 -534318
-731348 -534318 226333 46001
226333 46001 -960906 -957816
-960906 -957816 -778151 876704
-778151 876704 -242460 798726
-242460 798726 641060 405209
641060 405209 548956 -395517
548956 -395517 -114338 326396
-114338 326396 276129 -89004
276129 -89004 462894 637468
462894 637468 -417237 592402
-417237 592402 235551 -926797
235551 -926797 188492 -575014
188492 -575014 -901232 -334330
-901232 -334330 -495616 -391475
-495616 -391475 999372 759056
999372 759056 871965 -809334
871965 -809334 -508521 -34555
-508521 -34555 -867203 347065
-867203 347065 -852576 -58348
-852576 -58348 -166002 -371024
-166002 -371024 -70608 -771617
-70608 -771617 -325619 838806
-325619 838806 -159372 249234
-159372 249234 324548 585332
324548 585332 -284761 -712595
-284761 -712595 76644 806314
76644 806314 684118 -143463
684118 -143463 -73278 588217
-73278 588217 -550463 -782543
-550463 -782543 -69125 684412
-69125 684412 -489949 770183
-489949 770183 -263803 -345299
-263803 -345299 -548966 282872
-548966 282872 -683387 912754
-683387 912754 823407 -67452
823407 -67452 744276 -544559
744276 -544559 -303920 870975
-303920 870975 223562 -79800
223562 -79800 -499618 221778
-499618 221778 287205 123591
287205 123591 313055 -771578
313055 -771578 10461 -392315
10461 -392315 56367 444279
56367 444279 866278 476876
866278 476876 -499416 238283
-499416 238283 -273154 -321135
-273154 -321135 708947 -38210
708947 -38210 734028 -222626
734028 -222626 -772879 -941851
-772879 -941851 811234 -620532
811234 -620532 -966717 231967
-966717 231967 -896722 447643
-896722 447643 686416 -467155
686416 -467155 877779 570146
877779 570146 -484225 736624
-484225 736624 -930231 -184100
-930231 -184100 154786 -275855
154786 -275855 -263621 -142586
-263621 -142586 657394 -323506
657394 -323506 690017 -474408
690017 -474408 504948 -424641
504948 -424641 457957 -809908
457957 -809908 897400 -588401
897400 -588401 429433 646781
429433 646781 494043 159595
494043 159595 -807166 659886
-807166 659886 -35586 -557774
-35586 -557774 409564 -540102
409564 -540102 -190323 228447
-190323 228447 336597 -499926
336597 -499926 244264 -534176
244264 -534176 -319997 -99589
