100
20
14703 705893 827051 491862
827051 491862 606760 404204
606760 404204 917657 793424
917657 793424 266436 423369
266436 423369 -768082 34896
-768082 34896 -453942 400368
-453942 400368 -684666 852855
-684666 852855 866947 -619090
866947 -619090 918694 -990492
918694 -990492 250850 -561506
250850 -561506 -595257 612932
-595257 612932 116822 624117
116822 624117 929373 805306
929373 805306 -269243 -533757
-269243 -533757 -463818 426124
-463818 426124 -490010 -823650
-490010 -823650 7954 -288546
7954 -288546 -892810 140087
-892810 140087 246971 721883
246971 721883 -336540 914145
20
-753828 -113225 873222 693021
873222 693021 -614574 -348542
-614574 -348542 278860 -399810
278860 -399810 -703164 709154
-703164 709154 558987 882741
558987 882741 -41372 -191962
-41372 -191962 -122079 -720116
-122079 -720116 -104542 700341
-104542 700341 689468 -202388
689468 -202388 -495794 452109
-495794 452109 -169931 640216
-169931 640216 96188 -241455
96188 -241455 -951869 851936
-951869 851936 -857457 34403
-857457 34403 86631 -405348
86631 -405348 -99866 222169
-99866 222169 -413751 -662308
-413751 -662308 314974 275336
314974 275336 -18610 737520
-18610 737520 -962983 -394116
20
-946517 254642 -791750 -933331
-791750 -933331 -605436 505853
-605436 505853 9713 -721724
9713 -721724 472461 -748012
472461 -748012 721006 -18835
721006 -18835 730212 -272273
730212 -272273 -314607 472467
-314607 472467 820777 -598536
820777 -598536 -368895 -729669
-368895 -729669 539429 320389
539429 320389 -605981 963151
-605981 963151 -916479 804948
-916479 804948 608904 315704
608904 315704 -245808 -522661
-245808 -522661 -311101 -985505
-311101 -985505 -519273 48093
-519273 48093 784888 -976200
784888 -976200 777601 -15601
777601 -15601 -297740 774761
-297740 774761 300277 867287
20
990879 -83331 -451048 -323538
-451048 -323538 342131 -358311
342131 -358311 -515213 -190292
-515213 -190292 968284 -553650
968284 -553650 -982381 -3035
-982381 -3035 899461 -360257
899461 -360257 192553 882208
192553 882208 -23001 278467
-23001 278467 -595437 -888862
-595437 -888862 -67846 -61862
-67846 -61862 -235170 -815630
-235170 -815630 -924 745862
-924 745862 -40555 -444603
-40555 -444603 -123761 933422
-123761 933422 -158803 710578
-158803 710578 -459733 29345
-459733 29345 -270090 -821797
-270090 -821797 364176 855587
364176 855587 -349600 -938737
-349600 -938737 -563443 798088
20
-973682 85341 745080 -705952
745080 -705952 -224039 519056
-224039 519056 -804969 508446
-804969 508446 914347 -322702
914347 -322702 880897 947489
880897 947489 -14164 534650
-14164 534650 -405041 -71351
-405041 -71351 368529 -3355
368529 -3355 -475557 619011
-475557 619011 -406234 63326
-406234 63326 -577946 -805379
-577946 -805379 -844834 -185945
-844834 -185945 672521 -267537
672521 -267537 -304929 91067
-304929 91067 -390185 -410591
-390185 -410591 753887 -639478
753887 -639478 883643 -481281
883643 -481281 620852 785770
620852 785770 -3401 462361
-3401 462361 135961 875810
20
-799900 806514 487423 -308171
487423 -308171 247256 970742
247256 970742 -455241 -812982
-455241 -812982 -602296 182902
-602296 182902 522953 540576
522953 540576 950706 14998
950706 14998 -109039 -960550
-109039 -960550 431977 125926
431977 125926 381227 235514
381227 235514 -608668 -548331
-608668 -548331 -406316 -8725
-406316 -8725 994937 569233
994937 569233 934953 -387713
934953 -387713 -145181 845638
-145181 845638 -781767 -790116
-781767 -790116 328877 537806
328877 537806 -129978 125120
-129978 125120 801746 883308
801746 883308 9611 566807
9611 566807 -41672 -942229
20
-786053 189576 823218 -149716
823218 -149716 163532 -138570
163532 -138570 387122 -656514
387122 -656514 142010 -546033
142010 -546033 220699 -989839
220699 -989839 626194 -580493
626194 -580493 147161 822803
147161 822803 -439345 -670031
-439345 -670031 -114975 -896247
-114975 -896247 -476242 762092
-476242 762092 116975 443085
116975 443085 588798 -385272
588798 -385272 324000 -952544
324000 -952544 -803700 215724
-803700 215724 843633 -79690
843633 -79690 419215 -886049
419215 -886049 -440132 394951
-440132 394951 860525 17500
860525 17500 -945189 -333559
-945189 -333559 -541400 5826
20
487590 461175 -959278 742774
-959278 742774 777866 -833716
777866 -833716 -946387 664363
-946387 664363 -741838 64157
-741838 64157 915435 -68372
915435 -68372 -989335 -330074
-989335 -330074 -618865 -480013
-618865 -480013 77135 91285
77135 91285 -577327 278212
-577327 278212 686599 -590661
686599 -590661 564324 515091
564324 515091 -103713 -33672
-103713 -33672 239302 -700611
239302 -700611 520158 -735504
520158 -735504 -578588 -559096
-578588 -559096 827610 738355
827610 738355 -203779 455954
-203779 455954 232577 -915431
232577 -915431 -200683 -306368
-200683 -306368 -348620 904533
20
652037 -447610 -603652 656948
-603652 656948 747356 42385
747356 42385 495975 -649946
495975 -649946 168717 444327
168717 444327 -258374 -839468
-258374 -839468 -844082 -217597
-844082 -217597 -810888 -102805
-810888 -102805 29005 197336
29005 197336 -154372 569163
-154372 569163 -69404 931999
-69404 931999 -477523 -613166
-477523 -613166 498034 -277701
498034 -277701 972147 511869
972147 511869 848376 330352
848376 330352 -414086 -962977
-414086 -962977 723931 -356870
723931 -356870 -757996 -648109
-757996 -648109 -34265 -996011
-34265 -996011 -519879 -1954
-519879 -1954 268466 -786403
20
-837614 543261 -741 141271
-741 141271 -742144 698802
-742144 698802 -244792 -511332
-244792 -511332 836927 -444258
836927 -444258 713861 545081
713861 545081 45306 571619
45306 571619 -307079 -488808
-307079 -488808 -279694 816881
-279694 816881 426804 -603425
426804 -603425 542369 -399341
542369 -399341 675878 976520
675878 976520 -588946 -783874
-588946 -783874 559299 -207236
559299 -207236 712266 852253
712266 852253 351091 -739874
351091 -739874 -289994 947096
-289994 947096 -238267 945164
-238267 945164 544059 232588
544059 232588 134334 -683881
134334 -683881 -248477 272245
20
-982090 -353331 982012 812827
982012 812827 -289013 467826
-289013 467826 782942 468972
782942 468972 -477968 -610163
-477968 -610163 -912733 695039
-912733 695039 -978303 462868
-978303 462868 510477 -694879
510477 -694879 83718 -775550
83718 -775550 -264920 214936
-264920 214936 373377 660043
373377 660043 827744 217965
827744 217965 224222 777152
224222 777152 485616 584460
485616 584460 -415639 492461
-415639 492461 789104 -74682
789104 -74682 -497775 524672
-497775 524672 -48844 982913
-48844 982913 -913956 49654
-913956 49654 27738 377198
27738 377198 -554804 -602408
20
-906360 -308229 -651988 407202
-651988 407202 -243580 -815658
-243580 -815658 -125705 -430910
-125705 -430910 -691079 829246
-691079 829246 -312161 874139
-312161 874139 -47198 621330
-47198 621330 -598165 -465913
-598165 -465913 908250 -572637
908250 -572637 577053 -709681
577053 -709681 -246758 -967806
-246758 -967806 896413 289644
896413 289644 247349 -259961
247349 -259961 -295029 865801
-295029 865801 -922171 -454595
-922171 -454595 -416067 134067
-416067 134067 972542 -520532
972542 -520532 193935 7777
193935 7777 -882336 -729183
-882336 -729183 -667910 484102
-667910 484102 430521 406722
20
527773 -111083 -399335 -197580
-399335 -197580 79208 429446
79208 429446 -954543 821769
-954543 821769 -211673 110298
-211673 110298 -970582 -539494
-970582 -539494 361992 809032
361992 809032 -632716 682980
-632716 682980 -558206 -783966
-558206 -783966 -797594 945503
-797594 945503 797306 -322065
797306 -322065 530890 -982518
530890 -982518 592722 945233
592722 945233 266999 -742901
266999 -742901 -910547 954529
-910547 954529 743410 -373094
743410 -373094 249600 472953
249600 472953 -80922 811200
-80922 811200 850929 -727953
850929 -727953 849489 -49444
849489 -49444 538968 863139
20
-504012 926550 -782883 739802
-782883 739802 -852707 183923
-852707 183923 55092 -421480
55092 -421480 146800 -568239
146800 -568239 -827318 998776
-827318 998776 -393961 647024
-393961 647024 -894310 -296453
-894310 -296453 -863141 192389
-863141 192389 798376 -501561
798376 -501561 -51834 763145
-51834 763145 -733706 900875
-733706 900875 -853262 -53617
-853262 -53617 599687 659800
599687 659800 697932 268147
697932 268147 -781484 -540957
-781484 -540957 456346 944518
456346 944518 44273 198427
44273 198427 18419 -622120
18419 -622120 -659047 -139315
-659047 -139315 -391809 -776101
20
-633603 622361 318135 -65406
318135 -65406 -827210 598801
-827210 598801 -631993 -26375
-631993 -26375 -401857 52065
-401857 52065 -262596 -821015
-262596 -821015 -553366 -897115
-553366 -897115 229405 -445280
229405 -445280 673532 894586
673532 894586 -111279 -486985
-111279 -486985 -564550 457981
-564550 457981 175466 -664595
175466 -664595 351444 802363
351444 802363 444784 595366
444784 595366 559173 -596078
559173 -596078 764776 -376486
764776 -376486 932715 651236
932715 651236 -685243 289577
-685243 289577 -795305 -37564
-795305 -37564 732058 743294
732058 743294 -550969 844856
20
-947341 699874 -474666 733238
-474666 733238 -13061 853844
-13061 853844 724509 -364466
724509 -364466 804930 -837602
804930 -837602 -62282 -914473
-62282 -914473 -249837 -576874
-249837 -576874 -292621 -968404
-292621 -968404 594612 111722
594612 111722 416323 -683717
416323 -683717 -805055 -284795
-805055 -284795 -82469 -811039
-82469 -811039 -703926 -691547
-703926 -691547 -783253 -510753
-783253 -510753 -811954 -460574
-811954 -460574 972991 -842216
972991 -842216 -452475 -69652
-452475 -69652 392085 -365548
392085 -365548 29784 -887622
29784 -887622 -381046 507986
-381046 507986 976764 391869
20
-472308 373479 625205 -588360
625205 -588360 993077 -127029
993077 -127029 635816 588006
635816 588006 196511 -575318
196511 -575318 830941 710908
830941 710908 -983959 -945272
-983959 -945272 -526915 -38997
-526915 -38997 240309 3308
240309 3308 892557 326249
892557 326249 -335219 198629
-335219 198629 145892 218783
145892 218783 -713381 -538635
-713381 -538635 248482 509537
248482 509537 70137 329006
70137 329006 465074 955689
465074 955689 560000 -870605
560000 -870605 436356 -125404
436356 -125404 856696 -302493
856696 -302493 -492182 -436439
-492182 -436439 133046 -920538
20
752062 261224 -865115 -451045
-865115 -451045 600003 631450
600003 631450 21135 5406
21135 5406 -27697 177231
-27697 177231 770157 -384523
770157 -384523 802111 -597324
802111 -597324 89803 -843309
89803 -843309 916089 248230
916089 248230 -921644 13411
-921644 13411 -528195 475861
-528195 475861 -638563 -791681
-638563 -791681 -608388 -840986
-608388 -840986 -225040 980727
-225040 980727 -275112 -805254
-275112 -805254 -566456 481065
-566456 481065 -698751 -235470
-698751 -235470 816728 -258506
816728 -258506 884680 -2922
884680 -2922 376653 -13520
376653 -13520 471260 582555
20
663110 402036 -42628 -922478
-42628 -922478 389572 -298726
389572 -298726 875398 -796251
875398 -796251 -417256 -424568
-417256 -424568 160410 155118
160410 155118 439410 -332398
439410 -332398 -359242 211069
-359242 211069 749404 695479
749404 695479 852613 43497
852613 43497 -517512 936849
-517512 936849 845872 -9093
845872 -9093 -701971 881903
-701971 881903 -415510 -600861
-415510 -600861 -377498 -718344
-377498 -718344 500971 -738927
500971 -738927 686260 552669
686260 552669 -944449 -803046
-944449 -803046 802617 -522816
802617 -522816 778183 -807670
778183 -807670 -609024 540890
20
-475541 -851347 610834 -384381
610834 -384381 -555463 895069
-555463 895069 272178 615863
272178 615863 935744 -732719
935744 -732719 -945095 554958
-945095 554958 -281118 -919860
-281118 -919860 -66914 -709821
-66914 -709821 616170 688413
616170 688413 531381 -94026
531381 -94026 196070 -683287
196070 -683287 -871941 -105017
-871941 -105017 -658613 765996
-658613 765996 767175 -541818
767175 -541818 58151 -891711
58151 -891711 -319057 -409484
-319057 -409484 -242420 895484
-242420 895484 360927 -69157
360927 -69157 -802789 207610
-802789 207610 136477 973067
136477 973067 -476749 295959
20
788095 79700 443389 -950701
443389 -950701 -300115 -399487
-300115 -399487 555590 -618428
555590 -618428 447694 -541174
447694 -541174 270141 -774339
270141 -774339 -450221 -686153
-450221 -686153 -264287 514054
-264287 514054 -462665 -332320
-462665 -332320 601962 151826
601962 151826 219471 253733
219471 253733 730895 -755156
730895 -755156 264875 -481959
264875 -481959 696136 -45258
696136 -45258 -467105 -335465
-467105 -335465 -352452 33216
-352452 33216 -719405 14854
-719405 14854 -981124 134576
-981124 134576 774816 440858
774816 440858 -622264 412387
-622264 412387 333037 121365
20
-937390 406662 -728895 -363548
-728895 -363548 199911 -892886
199911 -892886 -377369 -453201
-377369 -453201 -224989 -775827
-224989 -775827 -688123 465166
-688123 465166 -506633 -815929
-506633 -815929 748023 -101635
748023 -101635 -876378 -975795
-876378 -975795 -101067 -146799
-101067 -146799 512564 12503
512564 12503 -39185 -41236
-39185 -41236 -532284 -10319
-532284 -10319 -543390 740227
-543390 740227 22561 -278272
22561 -278272 -701748 -955088
-701748 -955088 -760008 829076
-760008 829076 569567 117297
569567 117297 720888 191480
720888 191480 -304507 -277263
-304507 -277263 472472 180157
20
342752 632727 926385 -713084
926385 -713084 -126654 -105223
-126654 -105223 -134465 -955631
-134465 -955631 -779087 -599196
-779087 -599196 -473102 409353
-473102 409353 782586 -52801
782586 -52801 431023 997747
431023 997747 217011 228323
217011 228323 -28373 -448047
-28373 -448047 842132 -978883
842132 -978883 -530454 -598331
-530454 -598331 874693 963400
874693 963400 232868 184479
232868 184479 975492 -499039
975492 -499039 48800 -269223
48800 -269223 -951518 -810094
-951518 -810094 -270226 488656
-270226 488656 -892252 431501
-892252 431501 -379295 -5141
-379295 -5141 -203390 -590662
20
-835282 -455430 -608414 -461722
-608414 -461722 -338763 545076
-338763 545076 793980 -547842
793980 -547842 871229 352356
871229 352356 991884 524484
991884 524484 769347 -609490
769347 -609490 809451 683761
809451 683761 480059 -31608
480059 -31608 450172 -503304
450172 -503304 -422737 -603883
-422737 -603883 258964 685555
258964 685555 -554525 -51960
-554525 -51960 -553755 -529525
-553755 -529525 795560 -235892
795560 -235892 -436907 -775087
-436907 -775087 104086 -721856
104086 -721856 -900094 178974
-900094 178974 -362933 -277909
-362933 -277909 779611 457863
779611 457863 -994933 264658
20
-823767 -536932 -886683 538026
-886683 538026 924049 418287
924049 418287 225641 -321462
225641 -321462 -479470 293421
-479470 293421 -271830 524843
-271830 524843 867705 344411
867705 344411 498571 -625951
498571 -625951 310903 -197693
310903 -197693 576670 -824099
576670 -824099 425440 -727102
425440 -727102 -540035 342182
-540035 342182 166688 994487
166688 994487 262733 675242
262733 675242 359919 554402
359919 554402 -947686 36839
-947686 36839 955808 848498
955808 848498 932253 -113547
932253 -113547 -620925 24322
-620925 24322 658500 -766461
658500 -766461 883976 -149038
20
232181 -780668 123133 772103
123133 772103 -51035 -327367
-51035 -327367 249301 784830
249301 784830 772432 881370
772432 881370 692850 226206
692850 226206 -518031 520178
-518031 520178 270639 -971108
270639 -971108 640804 -686538
640804 -686538 -242362 -764128
-242362 -764128 -975013 -833312
-975013 -833312 818102 632471
818102 632471 -213867 -386491
-213867 -386491 -479919 68748
-479919 68748 254640 578588
254640 578588 977420 -806269
977420 -806269 359581 63053
359581 63053 641610 -577776
641610 -577776 786841 882531
786841 882531 109425 -312337
109425 -312337 -31551 -139503
20
392079 -346897 972605 -552104
972605 -552104 -200966 321241
-200966 321241 -885211 -929118
-885211 -929118 738386 -148880
738386 -148880 27955 650614
27955 650614 -230256 927653
-230256 927653 994086 635210
994086 635210 793657 -21590
793657 -21590 -556162 246497
-556162 246497 -599042 921426
-599042 921426 -570539 -250762
-570539 -250762 492196 -678089
492196 -678089 -848321 -109136
-848321 -109136 -244227 159519
-244227 159519 -735586 -376568
-735586 -376568 716375 -34611
716375 -34611 -332325 -512818
-332325 -512818 -401844 -3741
-401844 -3741 -913796 -867965
-913796 -867965 -221566 -206664
20
793413 -366251 282073 315959
282073 315959 -403017 -657976
-403017 -657976 -268173 -268597
-268173 -268597 -850750 684374
-850750 684374 164808 58850
164808 58850 313931 -77042
313931 -77042 51097 -394200
51097 -394200 -100522 -566717
-100522 -566717 529957 309010
529957 309010 673160 -422727
673160 -422727 97615 684008
97615 684008 721764 962216
721764 962216 215929 813767
215929 813767 -818224 -968283
-818224 -968283 143078 412121
143078 412121 -96678 216142
-96678 216142 -325912 615789
-325912 615789 -132452 364782
-132452 364782 407893 -498001
407893 -498001 -566997 -808750
20
-815558 -148887 -617599 596997
-617599 596997 -54951 -313404
-54951 -313404 -420582 237664
-420582 237664 -666267 907282
-666267 907282 -887620 -719372
-887620 -719372 565015 -275567
565015 -275567 721878 -684523
721878 -684523 457259 -452894
457259 -452894 859115 -5813
859115 -5813 673471 -371897
673471 -371897 -146608 908406
-146608 908406 971150 966380
971150 966380 -626763 -525074
-626763 -525074 -224908 195836
-224908 195836 -533204 -278988
-533204 -278988 565859 536537
565859 536537 -198720 61251
-198720 61251 422992 39887
422992 39887 -505911 620488
-505911 620488 -918476 962510
20
-183464 564918 144200 -258540
144200 -258540 -361133 146014
-361133 146014 -424792 -75158
-424792 -75158 555199 -842821
555199 -842821 340779 909502
340779 909502 -852431 769711
-852431 769711 699373 255435
699373 255435 731029 270364
731029 270364 -265838 -927841
-265838 -927841 -306574 181765
-306574 181765 -652940 378339
-652940 378339 -590517 147460
-590517 147460 477164 -91881
477164 -91881 335113 -173169
335113 -173169 390945 818718
390945 818718 72241 -746289
72241 -746289 854888 436820
854888 436820 -57588 645292
-57588 645292 -125986 -136975
-125986 -136975 729966 -361557
20
-161518 -650651 -273956 -462999
-273956 -462999 588141 -443576
588141 -443576 684209 874327
684209 874327 -518699 114137
-518699 114137 50475 953007
50475 953007 233830 -722366
233830 -722366 -215926 -542200
-215926 -542200 -577909 502948
-577909 502948 56188 803752
56188 803752 806925 225591
806925 225591 -32671 -151010
-32671 -151010 798543 639488
798543 639488 -172226 -540606
-172226 -540606 652977 511530
652977 511530 564122 -564415
564122 -564415 50565 -330976
50565 -330976 -382385 847809
-382385 847809 305548 547166
305548 547166 330473 -576273
330473 -576273 519570 -456443
20
493653 909715 -43131 -777411
-43131 -777411 -757682 -355103
-757682 -355103 788910 969875
788910 969875 -918835 -519794
-918835 -519794 -537801 293427
-537801 293427 -63905 -92982
-63905 -92982 -151256 -23963
-151256 -23963 882087 20562
882087 20562 -190736 394955
-190736 394955 -865828 -943544
-865828 -943544 -727236 -40529
-727236 -40529 -866379 105117
-866379 105117 -463064 -496641
-463064 -496641 -805959 111543
-805959 111543 442457 -84152
442457 -84152 933732 357429
933732 357429 -699184 61772
-699184 61772 425528 191079
425528 191079 710768 275860
710768 275860 -39644 637201
20
-125903 498952 -698782 966409
-698782 966409 197930 778677
197930 778677 -11568 -315086
-11568 -315086 904478 306690
904478 306690 -529623 -862105
-529623 -862105 -788684 -948408
-788684 -948408 611828 -785261
611828 -785261 983363 -726058
983363 -726058 -443368 130783
-443368 130783 -549118 918011
-549118 918011 -635812 852175
-635812 852175 -161680 606175
-161680 606175 -850126 176032
-850126 176032 -517823 791416
-517823 791416 -826165 -342500
-826165 -342500 440078 378501
440078 378501 -263854 650600
-263854 650600 -708498 -174302
-708498 -174302 358103 550254
358103 550254 -987504 805888
20
-250909 661618 -530675 924321
-530675 924321 -164428 284862
-164428 284862 -186844 436876
-186844 436876 -872737 -364232
-872737 -364232 -968819 -960447
-968819 -960447 583150 -243823
583150 -243823 391506 -272262
391506 -272262 -717781 287385
-717781 287385 -920987 524091
-920987 524091 -131337 792853
-131337 792853 669063 -68072
669063 -68072 -457185 -432454
-457185 -432454 -283079 -675851
-283079 -675851 850051 -895270
850051 -895270 508070 333302
508070 333302 -134270 205983
-134270 205983 123367 983088
123367 983088 790749 -33142
790749 -33142 731463 -132013
731463 -132013 -741285 356328
20
588387 -932844 12662 599039
12662 599039 -488244 -561147
-488244 -561147 826909 -273822
826909 -273822 -724113 -775909
-724113 -775909 236690 43967
236690 43967 -688414 842177
-688414 842177 -899326 940531
-899326 940531 -327028 -166791
-327028 -166791 202887 -192997
202887 -192997 320584 648891
320584 648891 470652 42910
470652 42910 129632 -501439
129632 -501439 284663 -597441
284663 -597441 -657964 -455688
-657964 -455688 8276 -530738
8276 -530738 807375 223319
807375 223319 999939 528455
999939 528455 -617143 43871
-617143 43871 511322 396866
511322 396866 -214328 247363
20
857851 -9231 778474 -877284
778474 -877284 66675 -417388
66675 -417388 -72503 220898
-72503 220898 744676 -224027
744676 -224027 209116 316917
209116 316917 -309603 679758
-309603 679758 242114 432196
242114 432196 -507720 -632267
-507720 -632267 20335 -170995
20335 -170995 855752 -936706
855752 -936706 -218684 998620
-218684 998620 975937 -588639
975937 -588639 -624725 -980272
-624725 -980272 -299648 -207770
-299648 -207770 -110824 414366
-110824 414366 -596763 -745262
-596763 -745262 -505745 -228757
-505745 -228757 -279703 -993894
-279703 -993894 -215411 150618
-215411 150618 -4411 570675
20
-726318 375127 -512666 -387351
-512666 -387351 -201718 -850787
-201718 -850787 -377025 -421357
-377025 -421357 971181 -339585
971181 -339585 -588033 -763363
-588033 -763363 717102 817766
717102 817766 -581796 637607
-581796 637607 -210378 929864
-210378 929864 385279 404928
385279 404928 -400073 -446868
-400073 -446868 -270883 301894
-270883 301894 306866 715802
306866 715802 658388 118878
658388 118878 -483372 973880
-483372 973880 -493446 -821054
-493446 -821054 -990841 776821
-990841 776821 792772 118637
792772 118637 -825183 135698
-825183 135698 -982044 832851
-982044 832851 732479 404417
20
-499464 -620104 475368 677654
475368 677654 730707 187683
730707 187683 -257487 133710
-257487 133710 -19160 179876
-19160 179876 684638 -917944
684638 -917944 -734488 560307
-734488 560307 502718 -547921
502718 -547921 626257 -805407
626257 -805407 -507643 25817
-507643 25817 -955159 433120
-955159 433120 -653918 25085
-653918 25085 -932946 212804
-932946 212804 -504346 514795
-504346 514795 -545791 987022
-545791 987022 168100 545766
168100 545766 652911 56388
652911 56388 -166147 -657756
-166147 -657756 -216996 -240991
-216996 -240991 839414 -562987
839414 -562987 -491522 -241897
20
-1996 496768 -755728 632976
-755728 632976 623332 -846428
623332 -846428 -62862 185440
-62862 185440 387582 -61516
387582 -61516 -716890 -467734
-716890 -467734 -949106 17191
-949106 17191 28770 491854
28770 491854 -797909 -584832
-797909 -584832 -458929 841167
-458929 841167 -848403 -394874
-848403 -394874 -495012 -443991
-495012 -443991 -360321 -83171
-360321 -83171 -975596 -550655
-975596 -550655 946603 292182
946603 292182 -624466 -242094
-624466 -242094 -997060 -455968
-997060 -455968 -728492 -820195
-728492 -820195 -258344 -161125
-258344 -161125 416994 -340581
416994 -340581 582493 20342
20
597742 -990181 -533865 987837
-533865 987837 619401 -390186
619401 -390186 109640 -986444
109640 -986444 429643 547217
429643 547217 680676 657348
680676 657348 -796972 240473
-796972 240473 -587126 -348284
-587126 -348284 756556 -546610
756556 -546610 -443248 790113
-443248 790113 -786305 284057
-786305 284057 -192038 -485379
-192038 -485379 -868293 25469
-868293 25469 375943 4786
375943 4786 -320721 784402
-320721 784402 -949778 617853
-949778 617853 -166411 434088
-166411 434088 -423231 -123666
-423231 -123666 -329962 796215
-329962 796215 363972 578047
363972 578047 314997 -597766
20
-181106 68464 -404104 -593750
-404104 -593750 -794925 24796
-794925 24796 -443877 763512
-443877 763512 608415 864472
608415 864472 849994 -957071
849994 -957071 177949 296332
177949 296332 422103 -398673
422103 -398673 -4198 -863035
-4198 -863035 -238019 84035
-238019 84035 -409030 -93366
-409030 -93366 -416074 490390
-416074 490390 -920257 -202109
-920257 -202109 -970210 -145796
-970210 -145796 624100 -529598
624100 -529598 206038 -797850
206038 -797850 -456421 421751
-456421 421751 550463 637505
550463 637505 -329426 295501
-329426 295501 -545841 188311
-545841 188311 -445624 480463
20
-766959 260343 -573696 -458209
-573696 -458209 200680 693041
200680 693041 712671 7619
712671 7619 -87603 663059
-87603 663059 790873 -138131
790873 -138131 985859 -102359
985859 -102359 -394238 -338651
-394238 -338651 94960 614881
94960 614881 -138906 -778853
-138906 -778853 529810 820589
529810 820589 835228 -242540
835228 -242540 -252620 -269277
-252620 -269277 359184 -764144
359184 -764144 867449 -608867
867449 -608867 525170 -230070
525170 -230070 530625 -681340
530625 -681340 -743073 855471
-743073 855471 -454734 -455770
-454734 -455770 272764 -324167
272764 -324167 -320645 -508226
20
253187 -563938 988671 -888747
988671 -888747 -793635 -246322
-793635 -246322 742606 -492261
742606 -492261 -28919 66853
-28919 66853 247762 -325827
247762 -325827 -7132 -664537
-7132 -664537 709172 -809735
709172 -809735 296568 859938
296568 859938 933500 -8447
933500 -8447 985108 589683
985108 589683 -936523 -404578
-936523 -404578 -554235 -441385
-554235 -441385 -659352 -799632
-659352 -799632 772582 129905
772582 129905 42015 -24513
42015 -24513 -469546 620214
-469546 620214 -431861 326326
-431861 326326 660738 -477168
660738 -477168 -226319 372846
-226319 372846 -331246 564231
20
-655783 -598559 64940 -744154
64940 -744154 563973 426010
563973 426010 -171665 839745
-171665 839745 -756043 332197
-756043 332197 -803787 -318835
-803787 -318835 507754 -96059
507754 -96059 778726 555967
778726 555967 58307 -111159
58307 -111159 -536859 846976
-536859 846976 971496 401882
971496 401882 -228098 767717
-228098 767717 -381393 -551433
-381393 -551433 -84691 -695967
-84691 -695967 546844 -786057
546844 -786057 328314 240044
328314 240044 -255120 305907
-255120 305907 305667 886165
305667 886165 397042 293250
397042 293250 139433 921500
139433 921500 -804065 349909
20
-787662 580864 -723157 193979
-723157 193979 -565087 41273
-565087 41273 205553 -505255
205553 -505255 681135 562475
681135 562475 -540534 -806563
-540534 -806563 872822 -65707
872822 -65707 444553 -772328
444553 -772328 943847 291210
943847 291210 991264 -873599
991264 -873599 -504684 792693
-504684 792693 937133 975283
937133 975283 -863965 284220
-863965 284220 413161 -419336
413161 -419336 724154 554815
724154 554815 617948 -458051
617948 -458051 -506833 -264858
-506833 -264858 992582 -696906
992582 -696906 668157 814892
668157 814892 -173814 -16181
-173814 -16181 875809 -441751
20
385743 -154779 -175139 911822
-175139 911822 791778 417645
791778 417645 -164083 245019
-164083 245019 491699 788496
491699 788496 -929879 -869151
-929879 -869151 594238 -855759
594238 -855759 187644 425048
187644 425048 -764489 208585
-764489 208585 332185 313050
332185 313050 -637370 -834386
-637370 -834386 -507965 -978842
-507965 -978842 -252856 -107073
-252856 -107073 -207633 -253372
-207633 -253372 194067 -869218
194067 -869218 -159767 812335
-159767 812335 200541 -963131
200541 -963131 923792 274430
923792 274430 285744 635001
285744 635001 4594 779826
4594 779826 10266 688734
20
-441140 534128 324823 330775
324823 330775 559084 -447929
559084 -447929 -552173 411385
-552173 411385 -183678 187865
-183678 187865 -49416 638138
-49416 638138 541887 -193063
541887 -193063 609574 793122
609574 793122 361751 -394975
361751 -394975 210399 -357468
210399 -357468 -706891 795703
-706891 795703 311985 913661
311985 913661 544965 765
544965 765 580379 472866
580379 472866 -957837 -63189
-957837 -63189 537941 -556051
537941 -556051 -848382 705604
-848382 705604 -730284 -569520
-730284 -569520 -642521 -164847
-642521 -164847 484743 761699
484743 761699 959833 -222013
20
576337 -305911 352904 428250
352904 428250 -926332 997730
-926332 997730 540770 303404
540770 303404 -950410 573403
-950410 573403 -145 149309
-145 149309 794481 572291
794481 572291 -648154 -221916
-648154 -221916 -30040 -97442
-30040 -97442 621246 886764
621246 886764 -793381 698935
-793381 698935 789246 -903590
789246 -903590 209578 44834
209578 44834 387 729837
387 729837 936742 -909372
936742 -909372 -436046 -551684
-436046 -551684 -747127 -613233
-747127 -613233 -759216 919784
-759216 919784 441507 224585
441507 224585 -731472 -964917
-731472 -964917 789833 -23168
20
203600 543185 -606233 -514439
-606233 -514439 23689 -634299
23689 -634299 -832126 529171
-832126 529171 -440838 -103254
-440838 -103254 -698244 -839706
-698244 -839706 -169834 -160899
-169834 -160899 310195 26869
310195 26869 268850 721337
268850 721337 109502 -481499
109502 -481499 -465624 49491
-465624 49491 565535 741346
565535 741346 -623179 -188998
-623179 -188998 453573 31718
453573 31718 244387 -921916
244387 -921916 -72792 91786
-72792 91786 -843805 892360
-843805 892360 576522 -526929
576522 -526929 -446983 923973
-446983 923973 640901 -931657
640901 -931657 280850 -995086
20
-511000 -891149 34430 581416
34430 581416 148810 -1156
148810 -1156 55565 715397
55565 715397 327296 372653
327296 372653 3314 674875
3314 674875 947875 633999
947875 633999 600268 -831362
600268 -831362 -853582 -479127
-853582 -479127 -205478 84892
-205478 84892 620782 252320
620782 252320 77279 -628476
77279 -628476 -23098 -549718
-23098 -549718 -155791 871683
-155791 871683 -470781 576824
-470781 576824 -850027 997979
-850027 997979 -793325 152393
-793325 152393 -340414 -341087
-340414 -341087 1913 -385492
1913 -385492 -293614 354787
-293614 354787 599689 -358219
20
-107901 -263117 502195 857505
502195 857505 -227628 770311
-227628 770311 -908388 602247
-908388 602247 -19744 273661
-19744 273661 255475 -860002
255475 -860002 -805058 766313
-805058 766313 842078 -166869
842078 -166869 -258811 -10230
-258811 -10230 -691806 139156
-691806 139156 509958 -432963
509958 -432963 -258911 -457114
-258911 -457114 283097 3213
283097 3213 233327 -796597
233327 -796597 993044 388049
993044 388049 -442362 333875
-442362 333875 722016 996880
722016 996880 705928 979496
705928 979496 628678 -813547
628678 -813547 85115 634130
85115 634130 -876935 759633
20
704705 -2772 769906 704921
769906 704921 836298 -362448
836298 -362448 866661 -609640
866661 -609640 -218808 -428347
-218808 -428347 579297 640973
579297 640973 -30113 -873154
-30113 -873154 -221870 525178
-221870 525178 -776230 415502
-776230 415502 -676178 284665
-676178 284665 970519 -253844
970519 -253844 -958639 809433
-958639 809433 737108 277050
737108 277050 657862 -557784
657862 -557784 923527 -606163
923527 -606163 349605 752592
349605 752592 901334 -238936
901334 -238936 313121 384126
313121 384126 630026 -253299
630026 -253299 -338108 -971027
-338108 -971027 449259 -196845
20
-923113 -74578 856028 -499474
856028 -499474 46305 773963
46305 773963 176334 -936314
176334 -936314 565999 -747748
565999 -747748 -603955 -561644
-603955 -561644 -258634 206272
-258634 206272 437932 14376
437932 14376 -632768 -550105
-632768 -550105 -996093 888529
-996093 888529 -611500 169789
-611500 169789 737687 178759
737687 178759 -695068 980125
-695068 980125 -194224 200278
-194224 200278 664189 -755775
664189 -755775 -521793 -134353
-521793 -134353 -115621 503860
-115621 503860 291248 222553
291248 222553 -114270 -275467
-114270 -275467 2809 -985220
2809 -985220 821531 -568988
20
244108 718422 408504 -667068
408504 -667068 300591 -658888
300591 -658888 -355805 186928
-355805 186928 -159588 697922
-159588 697922 657623 872686
657623 872686 -649488 -62972
-649488 -62972 -389816 -836198
-389816 -836198 -944533 -942754
-944533 -942754 611573 343306
611573 343306 830686 744694
830686 744694 -855232 -140631
-855232 -140631 -977469 -647948
-977469 -647948 68635 -720543
68635 -720543 -248619 185569
-248619 185569 470360 360074
470360 360074 755140 296905
755140 296905 -794288 37107
-794288 37107 37684 892708
37684 892708 141477 506290
141477 506290 71612 -939853
20
87145 542054 -581638 915709
-581638 915709 641263 -387307
641263 -387307 -923006 -108459
-923006 -108459 -485512 954836
-485512 954836 478106 -565455
478106 -565455 -2120 -375783
-2120 -375783 -926562 -911980
-926562 -911980 -99653 -615340
-99653 -615340 -192777 760043
-192777 760043 -553694 977160
-553694 977160 -121162 536284
-121162 536284 -340519 516334
-340519 516334 161026 73690
161026 73690 -707761 -881383
-707761 -881383 349809 -255747
349809 -255747 129774 114723
129774 114723 -570399 461366
-570399 461366 -608820 816445
-608820 816445 544369 226429
544369 226429 804685 -531584
20
-73695 -761486 932313 -43400
932313 -43400 625868 284322
625868 284322 -347829 518115
-347829 518115 -717194 -443863
-717194 -443863 -488335 -871216
-488335 -871216 556979 -817070
556979 -817070 685567 109908
685567 109908 939438 -890981
939438 -890981 -941624 702605
-941624 702605 -975155 594142
-975155 594142 -937007 456017
-937007 456017 557394 -652154
557394 -652154 921450 -986386
921450 -986386 296901 -148608
296901 -148608 -282676 226337
-282676 226337 -549076 -670869
-549076 -670869 -990301 412209
-990301 412209 553414 -836206
553414 -836206 -352929 -807410
-352929 -807410 428085 766673
20
-751229 289156 451480 -648886
451480 -648886 298463 -570134
298463 -570134 991264 -480726
991264 -480726 -323172 997808
-323172 997808 181150 -575687
181150 -575687 -29009 821613
-29009 821613 -335153 817955
-335153 817955 544212 88458
544212 88458 -327580 194314
-327580 194314 -998972 -412251
-998972 -412251 -360637 189506
-360637 189506 -319084 217900
-319084 217900 -121801 59921
-121801 59921 853826 332533
853826 332533 -265249 -888811
-265249 -888811 185470 131444
185470 131444 255215 853903
255215 853903 277211 -730350
277211 -730350 -910828 -959404
-910828 -959404 -752827 -556150
20
-860918 -754912 247554 -141546
247554 -141546 300576 -293258
300576 -293258 529715 937003
529715 937003 -94933 -342985
-94933 -342985 513248 -308625
513248 -308625 67536 -68866
67536 -68866 -168781 -109324
-168781 -109324 -16317 -7472
-16317 -7472 -605343 -740144
-605343 -740144 -114075 487053
-114075 487053 739677 -364109
739677 -364109 765508 -288701
765508 -288701 -145139 869265
-145139 869265 -50718 -793997
-50718 -793997 318088 -69194
318088 -69194 130425 897066
130425 897066 -603957 -221050
-603957 -221050 953033 405700
953033 405700 -441149 -19739
-441149 -19739 473416 -210120
20
-280857 -393340 548246 525552
548246 525552 -464743 -735148
-464743 -735148 -139186 156079
-139186 156079 248256 921519
248256 921519 315693 359240
315693 359240 397549 35191
397549 35191 -384460 62279
-384460 62279 -712396 -856877
-712396 -856877 -448334 -674561
-448334 -674561 -469743 770603
-469743 770603 -544915 412848
-544915 412848 -449834 -637634
-449834 -637634 738904 809080
738904 809080 -520359 324258
-520359 324258 -296650 855208
-296650 855208 766558 -959535
766558 -959535 437858 -448825
437858 -448825 988366 441513
988366 441513 -390662 740218
-390662 740218 162584 867779
20
-627780 -819225 162736 -682425
162736 -682425 -595565 697701
-595565 697701 43326 -314816
43326 -314816 -631940 -524702
-631940 -524702 -453892 699727
-453892 699727 -613394 647873
-613394 647873 -283141 237794
-283141 237794 582644 -12047
582644 -12047 641604 -71003
641604 -71003 -76463 -378108
-76463 -378108 -281863 585653
-281863 585653 909573 -327159
909573 -327159 172239 -133780
172239 -133780 -311647 308976
-311647 308976 -491373 953621
-491373 953621 -650124 394902
-650124 394902 697831 690628
697831 690628 746270 -411767
746270 -411767 -713856 322287
-713856 322287 339698 284865
20
-24374 441540 -66573 186372
-66573 186372 -888737 -367705
-888737 -367705 628017 495852
628017 495852 -163080 405158
-163080 405158 481012 -140894
481012 -140894 -450588 810475
-450588 810475 -382995 330640
-382995 330640 -830988 910583
-830988 910583 50582 -375476
50582 -375476 932889 -279299
932889 -279299 -720740 -782161
-720740 -782161 -334178 448829
-334178 448829 -155443 858120
-155443 858120 -702332 478338
-702332 478338 905419 970690
905419 970690 639370 -367259
639370 -367259 394963 -551591
394963 -551591 813392 420775
813392 420775 -575731 981923
-575731 981923 325033 -666829
20
-872883 103822 -122972 550078
-122972 550078 272156 731418
272156 731418 357881 -697805
357881 -697805 356188 760937
356188 760937 -22818 89478
-22818 89478 505529 567834
505529 567834 -749003 -561936
-749003 -561936 947802 581715
947802 581715 -539639 -455178
-539639 -455178 -949267 -499576
-949267 -499576 139253 -467130
139253 -467130 230323 -631658
230323 -631658 -302598 819361
-302598 819361 21856 -864116
21856 -864116 -819431 -891661
-819431 -891661 -475064 714931
-475064 714931 990541 -3710
990541 -3710 -819813 845903
-819813 845903 -152258 -129530
-152258 -129530 -524010 505387
20
-133034 -746657 199209 -960524
199209 -960524 -491558 -614429
-491558 -614429 -290510 718475
-290510 718475 -675504 -913517
-675504 -913517 -776074 716360
-776074 716360 -324281 -217964
-324281 -217964 611001 802183
611001 802183 973457 690555
973457 690555 -173394 978727
-173394 978727 612534 533159
612534 533159 928635 955249
928635 955249 444695 -65218
444695 -65218 87241 -354043
87241 -354043 77780 13984
77780 13984 -510547 354802
-510547 354802 -38308 625921
-38308 625921 382396 914195
382396 914195 216618 446779
216618 446779 -973369 609768
-973369 609768 508428 -589890
20
-954646 -284539 -33690 309627
-33690 309627 859078 -639072
859078 -639072 362363 -233963
362363 -233963 713393 -401572
713393 -401572 -104163 378489
-104163 378489 -904450 145263
-904450 145263 -826379 872697
-826379 872697 -144189 7476
-144189 7476 34742 -926785
34742 -926785 -105028 -982241
-105028 -982241 -756929 353000
-756929 353000 474815 -344494
474815 -344494 -436106 95047
-436106 95047 -228047 24473
-228047 24473 496922 994814
496922 994814 232147 723918
232147 723918 -442353 -137242
-442353 -137242 591953 60307
591953 60307 941861 234964
941861 234964 617373 358696
20
644506 511625 643022 -908310
643022 -908310 542308 284087
542308 284087 -774026 419032
-774026 419032 -881938 18581
-881938 18581 -880054 -465362
-880054 -465362 -213677 -680039
-213677 -680039 777417 253304
777417 253304 416332 846454
416332 846454 156980 -434562
156980 -434562 262977 -489393
262977 -489393 195494 -409282
195494 -409282 81764 -290693
81764 -290693 706755 -520154
706755 -520154 -978738 40017
-978738 40017 -18315 734523
-18315 734523 917203 983269
917203 983269 570009 300457
570009 300457 -928410 630756
-928410 630756 14355 426704
14355 426704 335657 451414
20
966302 216593 602550 -854084
602550 -854084 353477 -817723
353477 -817723 -390688 94486
-390688 94486 418976 -669642
418976 -669642 -971972 184988
-971972 184988 146066 -588964
146066 -588964 562920 -236324
562920 -236324 569124 324208
569124 324208 234150 583236
234150 583236 784480 450534
784480 450534 -6300 -445460
-6300 -445460 -856545 -389626
-856545 -389626 -704293 680990
-704293 680990 205002 544517
205002 544517 -448407 -200486
-448407 -200486 -75625 -704025
-75625 -704025 435973 -243775
435973 -243775 884467 940888
884467 940888 -751962 642609
-751962 642609 159370 -575965
20
956862 -833997 982483 -936127
982483 -936127 -123030 -102812
-123030 -102812 -884623 805041
-884623 805041 271937 -24368
271937 -24368 -866281 150514
-866281 150514 -739136 -136071
-739136 -136071 798095 -780784
798095 -780784 -887566 30053
-887566 30053 -933929 -554950
-933929 -554950 401066 -398308
401066 -398308 75100 -684330
75100 -684330 -789663 793329
-789663 793329 422378 754317
422378 754317 519087 315625
519087 315625 488911 39242
488911 39242 -921645 608625
-921645 608625 338864 729640
338864 729640 -775811 -704129
-775811 -704129 196389 -169278
196389 -169278 -262832 943932
20
-851447 265056 336944 369053
336944 369053 -779209 -32519
-779209 -32519 -280417 -154411
-280417 -154411 183703 103261
183703 103261 707849 -459346
707849 -459346 -202359 98613
-202359 98613 834832 869171
834832 869171 790740 -955635
790740 -955635 606041 772315
606041 772315 999088 105139
999088 105139 -501289 188131
-501289 188131 948499 -961092
948499 -961092 58401 72864
58401 72864 38835 -608474
38835 -608474 -751605 -582585
-751605 -582585 807070 789241
807070 789241 379307 990980
379307 990980 -708378 -372424
-708378 -372424 -344324 451408
-344324 451408 -767864 981997
20
374687 -293152 -36425 -551669
-36425 -551669 -521465 53725
-521465 53725 847368 -346698
847368 -346698 722996 516339
722996 516339 360289 -726486
360289 -726486 -145593 603007
-145593 603007 589692 943500
589692 943500 -355940 126458
-355940 126458 -641739 968790
-641739 968790 332109 -903789
332109 -903789 227244 706465
227244 706465 761352 35423
761352 35423 819570 155327
819570 155327 572690 -188266
572690 -188266 339788 486936
339788 486936 -856116 822639
-856116 822639 343882 794950
343882 794950 301709 -198115
301709 -198115 77635 -312146
77635 -312146 390691 913959
20
433134 -244200 122218 -328871
122218 -328871 -89321 525978
-89321 525978 -700807 550738
-700807 550738 314486 319024
314486 319024 734278 -988023
734278 -988023 727946 585051
727946 585051 -722572 -349933
-722572 -349933 590804 567587
590804 567587 168141 855251
168141 855251 -414237 734010
-414237 734010 -865593 352248
-865593 352248 -681734 49373
-681734 49373 -841122 443254
-841122 443254 424354 -589245
424354 -589245 14117 197961
14117 197961 977320 -36306
977320 -36306 299698 356515
299698 356515 334849 -900034
334849 -900034 559813 -910379
559813 -910379 -281977 -845727
20
-528022 -789581 -800859 -136476
-800859 -136476 247413 -4844
247413 -4844 -674618 138550
-674618 138550 620765 -108061
620765 -108061 566722 -521836
566722 -521836 -197335 158324
-197335 158324 787600 245520
787600 245520 334842 401457
334842 401457 538884 743805
538884 743805 690521 -720959
690521 -720959 -871981 -674217
-871981 -674217 -19448 395089
-19448 395089 127726 591578
127726 591578 -515163 -349832
-515163 -349832 -337748 -693837
-337748 -693837 31910 -858334
31910 -858334 612907 27067
612907 27067 4512 -159056
4512 -159056 -631079 -374223
-631079 -374223 83800 105172
20
501473 915162 285029 146704
285029 146704 -612222 -906285
-612222 -906285 9576 643865
9576 643865 -285483 -389740
-285483 -389740 -183288 269976
-183288 269976 -418342 -828655
-418342 -828655 749534 -996983
749534 -996983 -23949 273047
-23949 273047 894091 -669356
894091 -669356 201212 88423
201212 88423 -282852 369225
-282852 369225 753546 -736516
753546 -736516 528505 708474
528505 708474 144404 618169
144404 618169 -283915 489595
-283915 489595 -927655 -896372
-927655 -896372 117469 520396
117469 520396 -440197 -375345
-440197 -375345 -564860 765018
-564860 765018 -601615 -269850
20
-795164 -724417 -960828 -913549
-960828 -913549 -982239 -432283
-982239 -432283 -793317 -35664
-793317 -35664 -465035 592228
-465035 592228 -232351 -523312
-232351 -523312 784819 -479088
784819 -479088 837368 556540
837368 556540 -135552 -874855
-135552 -874855 -458355 -770454
-458355 -770454 -325519 778857
-325519 778857 -17721 -159830
-17721 -159830 -734518 -332362
-734518 -332362 80082 731227
80082 731227 448203 720152
448203 720152 -45980 788040
-45980 788040 -259105 -192768
-259105 -192768 -966419 88210
-966419 88210 -789551 -971752
-789551 -971752 346296 -853339
346296 -853339 -556234 -744209
20
681682 130178 -757275 544075
-757275 544075 208787 318547
208787 318547 494683 -269549
494683 -269549 207531 -715544
207531 -715544 482939 -25532
482939 -25532 492341 -336215
492341 -336215 -561 530191
-561 530191 -21425 281411
-21425 281411 603384 -569662
603384 -569662 -37304 -117629
-37304 -117629 -395393 -246928
-395393 -246928 -422085 -196922
-422085 -196922 -984120 710280
-984120 710280 251450 -663157
251450 -663157 586783 2284
586783 2284 962353 -323503
962353 -323503 472796 -967455
472796 -967455 874602 -726255
874602 -726255 64995 -635969
64995 -635969 551440 432120
20
-218677 -390500 -757205 -463868
-757205 -463868 -277349 -371458
-277349 -371458 903950 -526122
903950 -526122 90941 -545598
90941 -545598 -882595 445734
-882595 445734 217886 -949784
217886 -949784 -821286 -901100
-821286 -901100 -67988 -95724
-67988 -95724 559739 -732001
559739 -732001 747282 108889
747282 108889 778038 622551
778038 622551 772468 -351112
772468 -351112 742637 550772
742637 550772 822676 -516831
822676 -516831 449586 507018
449586 507018 655147 -646791
655147 -646791 399695 802373
399695 802373 -860637 972975
-860637 972975 676082 -472138
676082 -472138 445096 659122
20
-832219 -105317 31892 -15953
31892 -15953 804083 611890
804083 611890 -160041 -120301
-160041 -120301 -992245 720427
-992245 720427 -359825 -351682
-359825 -351682 -292905 -920432
-292905 -920432 -74579 -234095
-74579 -234095 -234068 -316706
-234068 -316706 -425882 711915
-425882 711915 555938 537129
555938 537129 -115091 -441116
-115091 -441116 791712 890996
791712 890996 896628 152670
896628 152670 -597411 7433
-597411 7433 411072 -265981
411072 -265981 -114660 -626581
-114660 -626581 -379017 169373
-379017 169373 -102835 160898
-102835 160898 -982377 331140
-982377 331140 85728 530646
20
-956585 -537340 -19394 -496277
-19394 -496277 -119428 -412777
-119428 -412777 576344 -39390
576344 -39390 -602457 967369
-602457 967369 -493101 -91031
-493101 -91031 602288 490444
602288 490444 95607 -88978
95607 -88978 40838 -539161
40838 -539161 764506 -963163
764506 -963163 -115282 -21623
-115282 -21623 987699 -129238
987699 -129238 313710 -438668
313710 -438668 841579 588388
841579 588388 -254543 426053
-254543 426053 -601782 -215684
-601782 -215684 788864 761694
788864 761694 -377202 -969134
-377202 -969134 -987840 -166251
-987840 -166251 -493407 -850764
-493407 -850764 -775537 -313182
20
201546 203131 -439088 330444
-439088 330444 695180 744636
695180 744636 -318290 993788
-318290 993788 261389 561501
261389 561501 -454884 694705
-454884 694705 778985 -76279
778985 -76279 406271 -73451
406271 -73451 652019 335968
652019 335968 369425 -437923
369425 -437923 474623 -254693
474623 -254693 -257445 238526
-257445 238526 -232343 -857423
-232343 -857423 752233 -520294
752233 -520294 -742666 -47199
-742666 -47199 -874732 -672812
-874732 -672812 411719 -396979
411719 -396979 -169062 -965880
-169062 -965880 197819 -57395
197819 -57395 -831249 495669
-831249 495669 747025 -171753
20
-807485 387031 382190 -102598
382190 -102598 -54955 -162656
-54955 -162656 -207642 -369988
-207642 -369988 -346011 -501482
-346011 -501482 307184 -246764
307184 -246764 -347180 -698604
-347180 -698604 910894 717931
910894 717931 -766657 -126336
-766657 -126336 -884723 -388758
-884723 -388758 277077 281493
277077 281493 982184 -403688
982184 -403688 794833 -142823
794833 -142823 -111308 505352
-111308 505352 650960 439304
650960 439304 990271 -923506
990271 -923506 656964 484883
656964 484883 -845266 525976
-845266 525976 104022 -493392
104022 -493392 -638318 -962104
-638318 -962104 -952257 707444
20
409570 95631 -521331 795236
-521331 795236 217253 -582363
217253 -582363 690866 441848
690866 441848 -145413 784318
-145413 784318 -439493 728637
-439493 728637 628660 989812
628660 989812 885501 -141947
885501 -141947 -189208 -572798
-189208 -572798 -560159 -291358
-560159 -291358 -531592 302231
-531592 302231 467179 -588564
467179 -588564 -740024 923685
-740024 923685 -765129 573948
-765129 573948 290920 -73497
290920 -73497 931504 -93113
931504 -93113 426869 -92951
426869 -92951 893654 623883
893654 623883 -329813 -119595
-329813 -119595 -936424 -549339
-936424 -549339 55816 971792
20
-70009 -859581 516517 -114672
516517 -114672 715138 624483
715138 624483 -679799 -724184
-679799 -724184 -147730 -26244
-147730 -26244 -801561 -460997
-801561 -460997 -188020 426313
-188020 426313 -55889 -64028
-55889 -64028 313926 566825
313926 566825 446375 -856068
446375 -856068 541678 -419098
541678 -419098 -340801 -170736
-340801 -170736 425376 461585
425376 461585 -196044 56142
-196044 56142 -559585 223380
-559585 223380 -172187 -103007
-172187 -103007 305151 343655
305151 343655 -713530 -936065
-713530 -936065 217155 -4576
217155 -4576 603256 -664787
603256 -664787 -755600 785892
20
-687215 635311 -302439 496468
-302439 496468 914026 875405
914026 875405 -671996 -230834
-671996 -230834 800827 216539
800827 216539 718206 -777187
718206 -777187 19248 607280
19248 607280 354352 88649
354352 88649 -942130 -367217
-942130 -367217 -588528 388267
-588528 388267 862495 876436
862495 876436 -637738 -802164
-637738 -802164 760083 -647534
760083 -647534 -150186 922010
-150186 922010 -244474 -232478
-244474 -232478 -840105 -444295
-840105 -444295 332216 754184
332216 754184 545142 -798264
545142 -798264 980591 -368461
980591 -368461 -773734 263225
-773734 263225 -159639 -966901
20
-982667 683342 -608713 963948
-608713 963948 -805565 -90681
-805565 -90681 -354747 -583863
-354747 -583863 -157646 -413163
-157646 -413163 -386539 693453
-386539 693453 411187 522734
411187 522734 63361 787450
63361 787450 -503201 -988147
-503201 -988147 511509 479994
511509 479994 -773799 -160845
-773799 -160845 -573572 -319416
-573572 -319416 -778004 -905474
-778004 -905474 -724811 674438
-724811 674438 560236 -186483
560236 -186483 269252 741098
269252 741098 -944468 -695628
-944468 -695628 -250308 478118
-250308 478118 474902 790900
474902 790900 158835 -759464
158835 -759464 -588423 -996526
20
-549527 342788 270418 -938431
270418 -938431 562303 840983
562303 840983 129787 -739272
129787 -739272 656786 -486922
656786 -486922 911842 553353
911842 553353 -485576 623833
-485576 623833 107467 230760
107467 230760 947811 136770
947811 136770 191126 -209151
191126 -209151 -467639 30277
-467639 30277 -778057 -507626
-778057 -507626 -750402 -818269
-750402 -818269 -89212 -869964
-89212 -869964 455164 -597170
455164 -597170 -220877 -840015
-220877 -840015 -85551 -319245
-85551 -319245 254187 827567
254187 827567 -867054 959009
-867054 959009 237451 144177
237451 144177 258978 -337622
20
-104468 859502 937364 -899529
937364 -899529 -557973 189897
-557973 189897 -1050 934582
-1050 934582 -63520 667206
-63520 667206 972242 965130
972242 965130 -263194 835454
-263194 835454 -262996 292154
-262996 292154 205832 222045
205832 222045 537482 -593930
537482 -593930 342787 846359
342787 846359 630538 186575
630538 186575 -42929 -669056
-42929 -669056 -657967 447909
-657967 447909 -158598 -48295
-158598 -48295 -255121 194988
-255121 194988 465696 -664387
465696 -664387 -774234 -797833
-774234 -797833 -905730 860180
-905730 860180 -436121 982488
-436121 982488 -511090 -814030
20
547505 918121 -742691 -833737
-742691 -833737 364025 685768
364025 685768 20807 683871
20807 683871 62881 -536202
62881 -536202 -45652 231957
-45652 231957 767509 382641
767509 382641 413913 -591995
413913 -591995 -961162 -858478
-961162 -858478 390158 -766014
390158 -766014 317439 617891
317439 617891 -679938 696517
-679938 696517 -63759 526911
-63759 526911 890733 546093
890733 546093 -390798 -104821
-390798 -104821 -733486 -580304
-733486 -580304 181846 -230817
181846 -230817 -627555 825126
-627555 825126 -666127 -557633
-666127 -557633 95227 142379
95227 142379 627918 257110
20
807018 -512447 713110 16764
713110 16764 -106532 -115086
-106532 -115086 -513914 -460863
-513914 -460863 -383652 959293
-383652 959293 -905627 -868193
-905627 -868193 -923148 -790474
-923148 -790474 105092 -25622
105092 -25622 298542 -514624
298542 -514624 739568 510552
739568 510552 -174889 -477916
-174889 -477916 -710103 -886099
-710103 -886099 891064 -843224
891064 -843224 264996 -418661
264996 -418661 -984936 -992102
-984936 -992102 718572 386636
718572 386636 913852 223235
913852 223235 623575 -464404
623575 -464404 -727719 -576400
-727719 -576400 -879052 684183
-879052 684183 -75069 13931
20
454701 -578979 -159471 -221394
-159471 -221394 502589 289531
502589 289531 204678 -525147
204678 -525147 -279224 -214204
-279224 -214204 415076 -502869
415076 -502869 301637 320002
301637 320002 166986 876067
166986 876067 -486647 166085
-486647 166085 -980692 411533
-980692 411533 675824 27133
675824 27133 343435 -272654
343435 -272654 -394892 -20761
-394892 -20761 -178155 419191
-178155 419191 924671 -391722
924671 -391722 -110699 184575
-110699 184575 833567 273457
833567 273457 -796355 915067
-796355 915067 -437774 -992058
-437774 -992058 796784 211965
796784 211965 -55383 50050
20
-109166 242698 580392 -397136
580392 -397136 -20574 -396514
-20574 -396514 -721749 -193918
-721749 -193918 573047 393903
573047 393903 447808 -31003
447808 -31003 869023 -401773
869023 -401773 45575 -757870
45575 -757870 20985 -864275
20985 -864275 -52807 6690
-52807 6690 755046 -141846
755046 -141846 -167003 826343
-167003 826343 -71236 -349368
-71236 -349368 798522 -676792
798522 -676792 310729 -459300
310729 -459300 803372 349982
803372 349982 583612 872193
583612 872193 -730600 -2047
-730600 -2047 -431658 425560
-431658 425560 18746 404982
18746 404982 335782 528729
20
-968340 111744 4478 -105335
4478 -105335 -27292 932699
-27292 932699 -953973 -681097
-953973 -681097 838884 537983
838884 537983 413923 545421
413923 545421 -267854 -570173
-267854 -570173 804090 -833128
804090 -833128 -113175 638532
-113175 638532 -331585 581333
-331585 581333 -641048 22955
-641048 22955 -617823 607686
-617823 607686 -311170 920770
-311170 920770 -849520 214106
-849520 214106 -450037 -708612
-450037 -708612 908567 417402
908567 417402 931398 -268788
931398 -268788 -695889 295120
-695889 295120 398761 164262
398761 164262 -792241 961256
-792241 961256 -66850 -973917
20
541367 -523481 -846288 -861963
-846288 -861963 -734524 744897
-734524 744897 -209265 -182447
-209265 -182447 -76677 -17368
-76677 -17368 -141572 219593
-141572 219593 54713 -691048
54713 -691048 -933852 294399
-933852 294399 -985013 236831
-985013 236831 767097 378913
767097 378913 -181161 -248929
-181161 -248929 -658464 670237
-658464 670237 -531495 539184
-531495 539184 833819 197851
833819 197851 304637 141829
304637 141829 843711 232037
843711 232037 -856002 202490
-856002 202490 -599967 -507886
-599967 -507886 431737 627508
431737 627508 -725594 -169650
-725594 -169650 658938 -973624
20
826408 815873 710139 -518574
710139 -518574 737506 458811
737506 458811 877268 -632892
877268 -632892 -77129 428613
-77129 428613 95118 -881634
95118 -881634 307346 876665
307346 876665 -329059 -802862
-329059 -802862 -434404 -271771
-434404 -271771 589367 566540
589367 566540 -328144 -924074
-328144 -924074 -321625 324958
-321625 324958 -809233 -248037
-809233 -248037 -795908 -491145
-795908 -491145 995204 -151915
995204 -151915 -412223 668974
-412223 668974 -807672 -857659
-807672 -857659 436124 462068
436124 462068 707003 -407225
707003 -407225 -240308 231702
-240308 231702 -77446 884581
20
347583 -743204 -783838 -398373
-783838 -398373 637549 430955
637549 430955 -558727 976531
-558727 976531 -317178 10149
-317178 10149 -874201 -768740
-874201 -768740 487620 -7439
487620 -7439 804613 748307
804613 748307 -959010 931083
-959010 931083 -236626 274690
-236626 274690 902622 853069
902622 853069 -645223 987626
-645223 987626 668691 -973188
668691 -973188 -161359 -839572
-161359 -839572 866436 929318
866436 929318 -902180 -72602
-902180 -72602 786294 -568497
786294 -568497 464528 981825
464528 981825 -593777 -363453
-593777 -363453 582697 305096
582697 305096 -725339 432640
20
-505010 -395215 790799 855972
790799 855972 993600 -96259
993600 -96259 -364077 904151
-364077 904151 31941 927522
31941 927522 -684942 -104966
-684942 -104966 -292725 -233279
-292725 -233279 -733612 258776
-733612 258776 -41580 -182105
-41580 -182105 -871705 657093
-871705 657093 -354162 611621
-354162 611621 -602515 -637138
-602515 -637138 931171 926592
931171 926592 -975354 880087
-975354 880087 -831519 912229
-831519 912229 -896125 -208699
-896125 -208699 -350600 23252
-350600 23252 59115 -767384
59115 -767384 171129 -676236
171129 -676236 -180736 -782267
-180736 -782267 470417 -785438
20
-461934 172237 -909554 -499209
-909554 -499209 376716 988107
376716 988107 -420037 292241
-420037 292241 429255 -923695
429255 -923695 541348 -741093
541348 -741093 -508488 -847558
-508488 -847558 576285 -592768
576285 -592768 -504239 -547063
-504239 -547063 -196247 -70075
-196247 -70075 -756431 328246
-756431 328246 -411338 -5005
-411338 -5005 -767529 424743
-767529 424743 -742522 -167396
-742522 -167396 896728 -286405
896728 -286405 -515468 693275
-515468 693275 -582526 -918242
-582526 -918242 605305 -304681
605305 -304681 163679 -487523
163679 -487523 -204500 69766
-204500 69766 62022 -952881
20
-329837 396532 -809 66076
-809 66076 -327546 10012
-327546 10012 558441 233822
558441 233822 -547448 -796404
-547448 -796404 683301 767261
683301 767261 -938759 599017
-938759 599017 -263807 -581661
-263807 -581661 -555557 926147
-555557 926147 735059 81071
735059 81071 588559 -413799
588559 -413799 -296009 218372
-296009 218372 -930224 355391
-930224 355391 -643131 379926
-643131 379926 223049 351835
223049 351835 950922 870359
950922 870359 -615145 -940714
-615145 -940714 316093 472038
316093 472038 674688 12716
674688 12716 -817571 134259
-817571 134259 636682 -155662
20
-156682 -914231 434321 198531
434321 198531 -928864 119038
-928864 119038 736355 -497966
736355 -497966 499335 479310
499335 479310 476228 550683
476228 550683 615268 -223639
615268 -223639 -890854 485416
-890854 485416 718512 268272
718512 268272 -99031 427804
-99031 427804 417438 -550712
417438 -550712 -600543 -733363
-600543 -733363 258781 468560
258781 468560 -348872 -309454
-348872 -309454 38486 292917
38486 292917 293014 150703
293014 150703 -290392 103414
-290392 103414 -91956 -605606
-91956 -605606 -340211 128268
-340211 128268 240134 -442016
240134 -442016 -711539 865838
20
912967 609994 -351521 629811
-351521 629811 -998945 -625432
-998945 -625432 -442459 -64299
-442459 -64299 233297 187382
233297 187382 -365714 -754035
-365714 -754035 37968 242294
37968 242294 888555 -933135
888555 -933135 192248 -975239
192248 -975239 475834 876983
475834 876983 726215 -726422
726215 -726422 -765663 878360
-765663 878360 -309565 -710236
-309565 -710236 584536 -329201
584536 -329201 -306085 -893955
-306085 -893955 206441 791246
206441 791246 140560 -436461
140560 -436461 -334381 395270
-334381 395270 -127327 -838873
-127327 -838873 973181 574519
973181 574519 -475316 -655574
20
786500 -476396 -476054 723086
-476054 723086 125403 957993
125403 957993 884050 -355458
884050 -355458 835299 -250782
835299 -250782 520145 372923
520145 372923 545321 -306846
545321 -306846 -638209 -379507
-638209 -379507 74320 268469
74320 268469 583606 531525
583606 531525 130065 -717729
130065 -717729 502292 199764
502292 199764 -507356 -765509
-507356 -765509 133025 -763708
133025 -763708 998416 -496395
998416 -496395 -925455 10421
-925455 10421 -941609 818681
-941609 818681 981000 224338
981000 224338 -517581 -733849
-517581 -733849 402667 -442274
402667 -442274 -263277 591485
20
141647 -845389 552311 -521284
552311 -521284 910574 -699733
910574 -699733 -329584 644233
-329584 644233 -678047 -216542
-678047 -216542 -31359 -304236
-31359 -304236 -457123 577734
-457123 577734 499644 -14033
499644 -14033 -531624 309247
-531624 309247 671220 -409991
671220 -409991 370297 53202
370297 53202 -974618 471014
-974618 471014 42917 141693
42917 141693 704579 -426207
704579 -426207 -797777 105606
-797777 105606 -13980 660539
-13980 660539 -87870 63097
-87870 63097 234123 963587
234123 963587 -579454 -313132
-579454 -313132 -97986 -693683
-97986 -693683 575349 -881262
