100
20
687235 -213312 -952406 -207034
-952406 -207034 466671 775676
466671 775676 194002 -928089
194002 -928089 -656615 -823539
-656615 -823539 -760077 487586
-760077 487586 -524362 356984
-524362 356984 -751317 197200
-751317 197200 915799 -286063
915799 -286063 -516026 -651713
-516026 -651713 -988188 392194
-988188 392194 -437770 152725
-437770 152725 -187217 -79241
-187217 -79241 -644434 -642447
-644434 -642447 145707 -904665
145707 -904665 -700780 554719
-700780 554719 -434584 556647
-434584 556647 -362869 751318
-362869 751318 797804 441232
797804 441232 336302 -768365
336302 -768365 -147862 -392448
20
-517418 -740817 -118073 -357733
-118073 -357733 -621380 507689
-621380 507689 839540 577164
839540 577164 563022 73689
563022 73689 -732485 -879434
-732485 -879434 24561 411504
24561 411504 982941 -595334
982941 -595334 -391658 -296182
-391658 -296182 -672134 649097
-672134 649097 -818222 -342800
-818222 -342800 57839 176062
57839 176062 -619843 -280800
-619843 -280800 328482 -369817
328482 -369817 208785 -419783
208785 -419783 -771036 883227
-771036 883227 -805619 418385
-805619 418385 -612640 515638
-612640 515638 53732 -380037
53732 -380037 46875 -418227
46875 -418227 186595 -932597
20
283443 633809 -23197 -124142
-23197 -124142 -391446 170689
-391446 170689 -783933 756041
-783933 756041 464976 821644
464976 821644 -69344 956739
-69344 956739 217003 -170931
217003 -170931 -350566 -25280
-350566 -25280 421895 -969117
421895 -969117 -750172 811907
-750172 811907 991702 -246784
991702 -246784 105774 -918996
105774 -918996 -744745 -16852
-744745 -16852 396777 -293206
396777 -293206 517865 -695846
517865 -695846 639081 206918
639081 206918 972326 193625
972326 193625 -256120 274192
-256120 274192 758764 -102891
758764 -102891 854484 374618
854484 374618 -886849 925900
20
-555920 717897 59567 811687
59567 811687 998526 -418359
998526 -418359 195524 -833969
195524 -833969 553249 289187
553249 289187 -443047 -732981
-443047 -732981 -89835 203196
-89835 203196 -701130 821048
-701130 821048 122763 -572163
122763 -572163 -187509 -811568
-187509 -811568 891975 -430793
891975 -430793 413992 -467101
413992 -467101 -218720 822125
-218720 822125 -754879 617555
-754879 617555 -893905 -428898
-893905 -428898 -542849 658302
-542849 658302 -608436 -281284
-608436 -281284 -529763 -438439
-529763 -438439 825385 -113887
825385 -113887 -729423 -837405
-729423 -837405 537730 -888767
20
-770951 225915 779846 10753
779846 10753 51306 -116512
51306 -116512 -201256 -930173
-201256 -930173 696225 538552
696225 538552 527668 -145142
527668 -145142 -894947 -291695
-894947 -291695 -86131 496514
-86131 496514 92939 -275831
92939 -275831 -721849 -697348
-721849 -697348 307770 -395081
307770 -395081 -383105 915472
-383105 915472 -591816 -293525
-591816 -293525 96714 838548
96714 838548 -411689 314553
-411689 314553 22162 902833
22162 902833 -196147 369990
-196147 369990 574437 -50003
574437 -50003 964181 -286754
964181 -286754 -129808 304370
-129808 304370 203272 -972496
20
759107 756504 -324715 454314
-324715 454314 300661 -713733
300661 -713733 -880713 278214
-880713 278214 359598 -880007
359598 -880007 -603391 801196
-603391 801196 904253 33835
904253 33835 318044 569621
318044 569621 521895 -56766
521895 -56766 162028 808033
162028 808033 61147 -212755
61147 -212755 950889 -142101
950889 -142101 -187712 150710
-187712 150710 -308190 -877827
-308190 -877827 365505 103923
365505 103923 -471150 582872
-471150 582872 -837147 -969297
-837147 -969297 -822091 890396
-822091 890396 31374 393032
31374 393032 -10712 -703149
-10712 -703149 617290 54728
20
-492788 -688740 956797 -816015
956797 -816015 -535182 -559996
-535182 -559996 674522 -161573
674522 -161573 300303 182274
300303 182274 870611 25731
870611 25731 865386 -176708
865386 -176708 549946 234483
549946 234483 -459196 876957
-459196 876957 -809070 4202
-809070 4202 -346292 -349476
-346292 -349476 -840830 -412232
-840830 -412232 -230535 756285
-230535 756285 273366 -206645
273366 -206645 741386 148400
741386 148400 458609 867789
458609 867789 145630 -515318
145630 -515318 -570882 -342600
-570882 -342600 -296635 573848
-296635 573848 -695600 -691943
-695600 -691943 456811 -197372
20
450108 264138 -422794 -289966
-422794 -289966 -489576 -119293
-489576 -119293 -151165 468233
-151165 468233 376481 -40150
376481 -40150 731681 -765651
731681 -765651 -372994 -85668
-372994 -85668 378506 363042
378506 363042 -750116 741256
-750116 741256 -990653 707769
-990653 707769 58527 -497543
58527 -497543 -42894 774581
-42894 774581 -656803 265122
-656803 265122 -466602 966795
-466602 966795 814409 -691849
814409 -691849 246677 156352
246677 156352 -81538 68596
-81538 68596 -699509 761560
-699509 761560 924593 -916796
924593 -916796 -534381 -654708
-534381 -654708 787822 -955973
20
502967 -9744 759614 322735
759614 322735 -417273 -902551
-417273 -902551 349763 300716
349763 300716 593663 -405271
593663 -405271 551251 -571884
551251 -571884 410451 -853578
410451 -853578 207339 326782
207339 326782 -403882 -741024
-403882 -741024 -998909 591915
-998909 591915 606494 304717
606494 304717 689760 426980
689760 426980 -864601 -878106
-864601 -878106 419443 686966
419443 686966 -55274 761512
-55274 761512 -333793 919096
-333793 919096 -982352 -861368
-982352 -861368 -768448 500098
-768448 500098 -490336 410944
-490336 410944 -523628 981953
-523628 981953 97333 -2090
20
-367663 413686 -957007 -347431
-957007 -347431 177088 -638660
177088 -638660 467872 447248
467872 447248 595998 -303444
595998 -303444 247425 826273
247425 826273 -762104 406402
-762104 406402 -570070 -7889
-570070 -7889 -744909 631548
-744909 631548 926884 308282
926884 308282 -42234 -972804
-42234 -972804 602475 566610
602475 566610 -92324 23271
-92324 23271 184922 75691
184922 75691 523281 301559
523281 301559 -111874 149223
-111874 149223 -810093 853053
-810093 853053 -911722 951754
-911722 951754 330387 883802
330387 883802 -380020 413634
-380020 413634 24107 -739580
20
310925 -259887 444477 392773
444477 392773 -183251 -876219
-183251 -876219 3926 -349851
3926 -349851 928500 857485
928500 857485 174691 913848
174691 913848 -501235 -157086
-501235 -157086 323907 -899664
323907 -899664 -550383 -107921
-550383 -107921 150914 -148512
150914 -148512 551346 -449969
551346 -449969 -406181 187813
-406181 187813 -478249 202510
-478249 202510 -11446 -837944
-11446 -837944 213345 366090
213345 366090 744063 -505212
744063 -505212 188394 518903
188394 518903 -618020 -583821
-618020 -583821 -418472 -378592
-418472 -378592 -213428 -711948
-213428 -711948 -139377 -584699
20
-152821 135624 493545 259528
493545 259528 376755 65274
376755 65274 285001 855023
285001 855023 -740971 -651861
-740971 -651861 -66375 -466720
-66375 -466720 403977 -944071
403977 -944071 -709479 703307
-709479 703307 210885 818979
210885 818979 -187482 -370966
-187482 -370966 -537728 -348603
-537728 -348603 -690921 803420
-690921 803420 -844613 -597370
-844613 -597370 -895639 232753
-895639 232753 359503 -21891
359503 -21891 682981 361015
682981 361015 273972 -106364
273972 -106364 887517 -881219
887517 -881219 900560 -734655
900560 -734655 -338545 916328
-338545 916328 -429772 932392
20
-147147 -284481 -721049 994475
-721049 994475 -481171 563640
-481171 563640 -610972 342435
-610972 342435 624179 344579
624179 344579 -106712 -235739
-106712 -235739 967998 570829
967998 570829 -514854 -502677
-514854 -502677 375535 -107934
375535 -107934 631229 450018
631229 450018 710291 -741141
710291 -741141 161333 34647
161333 34647 656597 459043
656597 459043 -468417 -408442
-468417 -408442 -48937 -531487
-48937 -531487 -289525 986334
-289525 986334 684987 -188543
684987 -188543 117459 -760671
117459 -760671 965473 -142373
965473 -142373 -638654 -51347
-638654 -51347 -41761 -166284
20
-410556 149771 312682 81148
312682 81148 328306 -828209
328306 -828209 732440 197602
732440 197602 -413941 93810
-413941 93810 -158266 -587320
-158266 -587320 -642060 -487488
-642060 -487488 -438255 577035
-438255 577035 977171 567269
977171 567269 977737 152402
977737 152402 -770471 -479569
-770471 -479569 238356 -140470
238356 -140470 708767 204356
708767 204356 528169 -267276
528169 -267276 -661687 867029
-661687 867029 586912 397737
586912 397737 -729543 742381
-729543 742381 -371717 375072
-371717 375072 -573929 -994127
-573929 -994127 -541021 822141
-541021 822141 -329211 521363
20
-968664 462573 333176 354244
333176 354244 410890 -412145
410890 -412145 -892623 -903219
-892623 -903219 915673 202191
915673 202191 282185 505326
282185 505326 -935758 -733575
-935758 -733575 -818134 151980
-818134 151980 945497 -110304
945497 -110304 826935 -267831
826935 -267831 -26999 -146915
-26999 -146915 -915602 411602
-915602 411602 175454 -88373
175454 -88373 -554128 -849058
-554128 -849058 408021 700065
408021 700065 626638 -723555
626638 -723555 -569981 -320636
-569981 -320636 27130 782913
27130 782913 157820 16573
157820 16573 248384 275993
248384 275993 -606537 -415508
20
-515258 -461317 318547 -127158
318547 -127158 -198571 -901536
-198571 -901536 192046 175214
192046 175214 -76237 -258688
-76237 -258688 4572 -14326
4572 -14326 759657 -229766
759657 -229766 -900506 -619047
-900506 -619047 -922386 -754636
-922386 -754636 543826 299817
543826 299817 -677905 -845227
-677905 -845227 239362 -316351
239362 -316351 -886312 615809
-886312 615809 -463407 453868
-463407 453868 271168 774591
271168 774591 128392 -608076
128392 -608076 -315193 810463
-315193 810463 618016 658577
618016 658577 234864 736522
234864 736522 364193 -794496
364193 -794496 275742 388969
20
-880345 -196590 -411462 572568
-411462 572568 697898 -986306
697898 -986306 39895 -513602
39895 -513602 500381 29033
500381 29033 -454658 572348
-454658 572348 803710 799315
803710 799315 -555292 195931
-555292 195931 345460 -929941
345460 -929941 -999222 109743
-999222 109743 448881 -119147
448881 -119147 84209 575499
84209 575499 43653 596616
43653 596616 785932 -405685
785932 -405685 581099 -728382
581099 -728382 668049 812015
668049 812015 -191024 -739207
-191024 -739207 547907 616773
547907 616773 954014 758004
954014 758004 709588 -880888
709588 -880888 -1565 150267
20
305894 575044 811846 882109
811846 882109 -857327 924625
-857327 924625 -785533 952029
-785533 952029 10835 -653832
10835 -653832 -744193 -354183
-744193 -354183 -516147 85943
-516147 85943 -188286 -844013
-188286 -844013 -364989 203824
-364989 203824 517404 -967420
517404 -967420 298300 510100
298300 510100 -44153 888117
-44153 888117 232020 -607661
232020 -607661 -382782 568229
-382782 568229 -275153 -461438
-275153 -461438 787267 -395965
787267 -395965 623038 708472
623038 708472 -739767 -20377
-739767 -20377 335986 840673
335986 840673 -530224 221031
-530224 221031 -853315 559766
20
-106587 798325 287341 -628467
287341 -628467 -343377 -141538
-343377 -141538 -335772 33313
-335772 33313 -919594 -802688
-919594 -802688 886432 128965
886432 128965 -832374 709220
-832374 709220 -10948 -939843
-10948 -939843 -485176 485460
-485176 485460 -590309 295503
-590309 295503 -103806 -63615
-103806 -63615 -631802 292035
-631802 292035 994009 316965
994009 316965 -748782 -168161
-748782 -168161 140785 -965709
140785 -965709 -882427 169683
-882427 169683 884216 55669
884216 55669 -843053 222008
-843053 222008 -634863 230775
-634863 230775 -725505 -575245
-725505 -575245 -895519 253786
20
403736 -167845 238320 -781148
238320 -781148 752912 -451084
752912 -451084 -69628 901171
-69628 901171 -856991 -29180
-856991 -29180 -278215 -159382
-278215 -159382 -434832 943813
-434832 943813 659005 -736374
659005 -736374 -10606 190499
-10606 190499 -607861 900910
-607861 900910 395008 -104762
395008 -104762 -447883 -393737
-447883 -393737 620344 -286550
620344 -286550 -950639 765970
-950639 765970 531867 -856258
531867 -856258 608788 -981373
608788 -981373 124041 -77962
124041 -77962 -411521 79969
-411521 79969 650717 -87830
650717 -87830 -405704 775082
-405704 775082 221604 -199286
20
375021 -80938 -303945 300704
-303945 300704 -487211 -410099
-487211 -410099 343189 933399
343189 933399 -664315 -910930
-664315 -910930 -694712 -318228
-694712 -318228 560482 348249
560482 348249 -268009 -761230
-268009 -761230 478354 -331577
478354 -331577 893094 -27848
893094 -27848 485148 834811
485148 834811 -243784 -172693
-243784 -172693 25730 423201
25730 423201 -191703 -127078
-191703 -127078 -246157 68136
-246157 68136 -431106 982656
-431106 982656 -829714 -418422
-829714 -418422 866307 795792
866307 795792 86790 -288576
86790 -288576 122580 533163
122580 533163 -774522 -856561
20
-601981 47724 252167 -604884
252167 -604884 -810107 -878050
-810107 -878050 225314 804968
225314 804968 -813189 618186
-813189 618186 -403981 -590037
-403981 -590037 93576 -795578
93576 -795578 973104 -538335
973104 -538335 -650004 -263704
-650004 -263704 99127 -240514
99127 -240514 -143365 285713
-143365 285713 869279 546930
869279 546930 -126174 705125
-126174 705125 521598 765084
521598 765084 863621 -256228
863621 -256228 885793 -623802
885793 -623802 564379 826274
564379 826274 -927035 983736
-927035 983736 -20127 -928636
-20127 -928636 591056 -923972
591056 -923972 -633341 -681019
20
676531 799117 685452 -313436
685452 -313436 -172246 -500772
-172246 -500772 -563318 -987279
-563318 -987279 -64487 179288
-64487 179288 -162085 -467568
-162085 -467568 -840657 -475566
-840657 -475566 -827988 -962369
-827988 -962369 -42182 733289
-42182 733289 729513 333783
729513 333783 844172 -395046
844172 -395046 108422 236622
108422 236622 334568 -997535
334568 -997535 721802 -179100
721802 -179100 262782 -630041
262782 -630041 -502323 36492
-502323 36492 -829509 -619038
-829509 -619038 -903750 -775283
-903750 -775283 246654 920968
246654 920968 774016 912275
774016 912275 -678208 302653
20
-785372 671815 435490 -626252
435490 -626252 499890 -559191
499890 -559191 -808691 -491566
-808691 -491566 -515364 -640199
-515364 -640199 -673973 619332
-673973 619332 978659 947974
978659 947974 605897 -429115
605897 -429115 775416 -598667
775416 -598667 395665 863315
395665 863315 137336 -516115
137336 -516115 394403 669140
394403 669140 704065 345949
704065 345949 299823 -989170
299823 -989170 -300229 376241
-300229 376241 -34123 -910388
-34123 -910388 -458362 -862606
-458362 -862606 -445750 892256
-445750 892256 -137546 -921190
-137546 -921190 415380 -588709
415380 -588709 439602 41279
20
155780 -861667 809650 -407743
809650 -407743 250290 100050
250290 100050 730566 566178
730566 566178 -202882 -106149
-202882 -106149 -277480 97374
-277480 97374 699350 531481
699350 531481 344566 397578
344566 397578 -859891 -617762
-859891 -617762 -980017 298036
-980017 298036 301207 -358473
301207 -358473 -613135 275373
-613135 275373 137048 572693
137048 572693 146605 334707
146605 334707 331729 621562
331729 621562 -603351 -97304
-603351 -97304 775470 -545361
775470 -545361 -464269 458127
-464269 458127 -853944 -159730
-853944 -159730 639693 -425098
639693 -425098 450925 -892044
20
-568436 614765 -528613 -427968
-528613 -427968 598069 -950677
598069 -950677 48030 -393388
48030 -393388 -352027 -375484
-352027 -375484 851466 397277
851466 397277 -766701 -221589
-766701 -221589 -594901 -565540
-594901 -565540 -824612 -137830
-824612 -137830 413817 678812
413817 678812 -83339 441093
-83339 441093 -999928 -193246
-999928 -193246 577097 -427678
577097 -427678 103182 445773
103182 445773 -219927 -185739
-219927 -185739 995857 533494
995857 533494 -274170 -383756
-274170 -383756 454642 -479105
454642 -479105 909245 -929341
909245 -929341 -108213 -336129
-108213 -336129 -975643 729942
20
-185447 -197149 -542234 532154
-542234 532154 -706096 771643
-706096 771643 -264291 124700
-264291 124700 -819962 13874
-819962 13874 42057 -395063
42057 -395063 751909 -944564
751909 -944564 980652 548332
980652 548332 -708355 -605475
-708355 -605475 889116 -685306
889116 -685306 -502036 49191
-502036 49191 -450105 -924658
-450105 -924658 -774819 -576903
-774819 -576903 141042 276797
141042 276797 -276865 -516832
-276865 -516832 -935853 -653610
-935853 -653610 769936 505891
769936 505891 -815928 -358231
-815928 -358231 -782966 743753
-782966 743753 596588 824299
596588 824299 -300069 280890
20
848578 -665506 -435068 -468453
-435068 -468453 562065 669679
562065 669679 98233 -941724
98233 -941724 612691 -240171
612691 -240171 -824756 -519968
-824756 -519968 -103317 686662
-103317 686662 29843 184984
29843 184984 -867136 915740
-867136 915740 962100 712833
962100 712833 601943 657614
601943 657614 -919598 736863
-919598 736863 810924 -579157
810924 -579157 -930046 -936995
-930046 -936995 559485 858872
559485 858872 -11835 -649887
-11835 -649887 -812684 -407219
-812684 -407219 -714766 256173
-714766 256173 -671468 119486
-671468 119486 513129 -40468
513129 -40468 137869 715932
20
-25462 301835 460961 785230
460961 785230 311546 -799727
311546 -799727 -529686 399948
-529686 399948 -687450 -120920
-687450 -120920 488979 -329715
488979 -329715 -502645 231838
-502645 231838 935361 910040
935361 910040 -674614 192604
-674614 192604 121092 441298
121092 441298 883120 529769
883120 529769 173194 142559
173194 142559 -453618 -331487
-453618 -331487 -142435 -909068
-142435 -909068 -695692 -342171
-695692 -342171 -307318 -246641
-307318 -246641 -659038 249570
-659038 249570 -739253 706309
-739253 706309 -318391 -396308
-318391 -396308 -600772 998514
-600772 998514 -563923 -849414
20
-299390 -276591 -590595 418738
-590595 418738 493183 -326266
493183 -326266 548197 -113776
548197 -113776 591987 591810
591987 591810 952879 239304
952879 239304 217075 866509
217075 866509 524612 -714119
524612 -714119 -529565 488026
-529565 488026 -897472 -479690
-897472 -479690 -531890 -230514
-531890 -230514 641806 -347962
641806 -347962 -493195 -10139
-493195 -10139 328131 -534162
328131 -534162 -865372 336303
-865372 336303 364255 642702
364255 642702 -208509 -241072
-208509 -241072 511845 236958
511845 236958 -136755 -497581
-136755 -497581 -343322 648501
-343322 648501 -436322 -160035
20
-455024 257917 291121 -543860
291121 -543860 626053 644776
626053 644776 19832 -545863
19832 -545863 283305 438894
283305 438894 -202445 13686
-202445 13686 -919007 -616934
-919007 -616934 761240 747692
761240 747692 205286 -381809
205286 -381809 902079 591016
902079 591016 388551 191573
388551 191573 975369 413149
975369 413149 -770695 -993124
-770695 -993124 286267 842843
286267 842843 489104 -726951
489104 -726951 -378633 295933
-378633 295933 566509 652138
566509 652138 -629557 700126
-629557 700126 -319763 19315
-319763 19315 968621 364402
968621 364402 719329 -880285
20
36225 733580 -987193 788758
-987193 788758 -407612 10453
-407612 10453 -179318 -457744
-179318 -457744 385426 11396
385426 11396 962149 964009
962149 964009 455254 -302326
455254 -302326 -716015 712245
-716015 712245 -582168 -452865
-582168 -452865 324182 841883
324182 841883 686853 689642
686853 689642 19223 -915401
19223 -915401 52508 -125625
52508 -125625 -543594 456006
-543594 456006 -298432 -456918
-298432 -456918 713206 -900850
713206 -900850 170160 939304
170160 939304 -132608 324109
-132608 324109 345476 -199183
345476 -199183 111949 -648001
111949 -648001 -118278 -206048
20
311772 -856817 -544749 -28245
-544749 -28245 353197 288567
353197 288567 450587 780029
450587 780029 -310631 691428
-310631 691428 486350 723378
486350 723378 -959669 -327362
-959669 -327362 -765536 791233
-765536 791233 -35709 -1698
-35709 -1698 904223 351312
904223 351312 975327 -184177
975327 -184177 -754124 -901127
-754124 -901127 828654 850521
828654 850521 693717 674413
693717 674413 302739 224591
302739 224591 -923062 -677002
-923062 -677002 629131 -92824
629131 -92824 23822 632620
23822 632620 -743847 -21148
-743847 -21148 576520 288315
576520 288315 -42968 27983
20
-3562 -64829 763414 383210
763414 383210 -768684 289062
-768684 289062 433151 906145
433151 906145 520012 289122
520012 289122 621197 798586
621197 798586 125629 776462
125629 776462 194811 -998949
194811 -998949 -522606 -945918
-522606 -945918 744564 -132143
744564 -132143 -739874 -645229
-739874 -645229 142925 -244861
142925 -244861 -467673 -188859
-467673 -188859 -252357 666402
-252357 666402 189778 102608
189778 102608 -779116 746930
-779116 746930 887552 -437327
887552 -437327 657027 -724356
657027 -724356 206801 295896
206801 295896 -188701 -709724
-188701 -709724 229943 -902870
20
-281798 -720972 -629922 201849
-629922 201849 -907255 556805
-907255 556805 -857070 -187207
-857070 -187207 -855436 -833184
-855436 -833184 -518590 536649
-518590 536649 -485256 -62840
-485256 -62840 84531 677694
84531 677694 719130 -553885
719130 -553885 -748748 849639
-748748 849639 -979471 644478
-979471 644478 566431 -686040
566431 -686040 -776254 136907
-776254 136907 -35520 -41973
-35520 -41973 -875482 -128404
-875482 -128404 515292 315039
515292 315039 560934 855388
560934 855388 412050 545249
412050 545249 -394971 336822
-394971 336822 14938 -138074
14938 -138074 19278 -415807
20
-460845 530869 -645965 277728
-645965 277728 233340 329789
233340 329789 361051 275893
361051 275893 979825 -294077
979825 -294077 -382352 809908
-382352 809908 183824 -609767
183824 -609767 -453902 -414884
-453902 -414884 -495118 114564
-495118 114564 -902698 225242
-902698 225242 350776 158044
350776 158044 974159 696705
974159 696705 -276307 606346
-276307 606346 -404235 -565770
-404235 -565770 -408323 -286428
-408323 -286428 712300 -298222
712300 -298222 -374727 -72132
-374727 -72132 -738333 566549
-738333 566549 -955018 656374
-955018 656374 840600 -466170
840600 -466170 -260090 -301331
20
-752979 -896214 -759917 -746761
-759917 -746761 -287682 -550244
-287682 -550244 692254 269088
692254 269088 -502596 -309966
-502596 -309966 433459 -609909
433459 -609909 870768 -207181
870768 -207181 -18493 -631859
-18493 -631859 -200744 -824863
-200744 -824863 583410 -683005
583410 -683005 -401119 160130
-401119 160130 747417 -733310
747417 -733310 784861 438870
784861 438870 -938145 -981440
-938145 -981440 664355 -428487
664355 -428487 225299 533304
225299 533304 259346 -469110
259346 -469110 253695 77935
253695 77935 524320 428706
524320 428706 -176310 -999537
-176310 -999537 -749665 -772810
20
-177020 767076 905337 537614
905337 537614 957297 500975
957297 500975 -751557 -657818
-751557 -657818 640958 -692296
640958 -692296 385114 844582
385114 844582 -967763 817818
-967763 817818 687680 -453156
687680 -453156 -770767 581505
-770767 581505 48809 590476
48809 590476 921003 -122298
921003 -122298 -422848 -902150
-422848 -902150 -994970 689390
-994970 689390 -323411 -121405
-323411 -121405 -745219 -90956
-745219 -90956 750067 -777178
750067 -777178 730965 -339132
730965 -339132 -616797 -688778
-616797 -688778 593174 -186608
593174 -186608 -66151 -630884
-66151 -630884 -971906 -629474
20
-218748 889612 772009 598875
772009 598875 13486 40780
13486 40780 925691 755712
925691 755712 -50486 -981691
-50486 -981691 421787 -522278
421787 -522278 -364360 53459
-364360 53459 740363 668583
740363 668583 -819890 -70047
-819890 -70047 514963 -824213
514963 -824213 151672 543011
151672 543011 286480 760537
286480 760537 516457 -761687
516457 -761687 703555 -508783
703555 -508783 -16961 -550271
-16961 -550271 -351531 -10464
-351531 -10464 622994 -146390
622994 -146390 54488 -286899
54488 -286899 301450 727399
301450 727399 902322 533477
902322 533477 -2724 15948
20
-315749 -156532 -693479 -512573
-693479 -512573 -875012 -951612
-875012 -951612 50174 -388520
50174 -388520 759965 -339994
759965 -339994 -78455 -345926
-78455 -345926 768052 -15092
768052 -15092 -389281 -951758
-389281 -951758 -191665 -112433
-191665 -112433 258734 -965734
258734 -965734 183838 -636140
183838 -636140 393620 -525010
393620 -525010 -307836 525175
-307836 525175 -144651 903374
-144651 903374 677237 -731271
677237 -731271 -123719 -554687
-123719 -554687 -531437 146788
-531437 146788 970663 683377
970663 683377 -372525 791257
-372525 791257 938980 -746582
938980 -746582 965257 -405874
20
389347 543956 -800025 737477
-800025 737477 640673 327093
640673 327093 -754155 -295625
-754155 -295625 -12326 665883
-12326 665883 -665699 268265
-665699 268265 -207090 611005
-207090 611005 238779 -349956
238779 -349956 598193 -841373
598193 -841373 912474 283956
912474 283956 -658762 -502114
-658762 -502114 739952 606050
739952 606050 717894 -435442
717894 -435442 -558531 226885
-558531 226885 -230606 376765
-230606 376765 133436 955410
133436 955410 -632729 -956648
-632729 -956648 249733 553349
249733 553349 -785264 318791
-785264 318791 -536687 419377
-536687 419377 -291439 -849666
20
699119 988887 931752 -919592
931752 -919592 -429219 -853562
-429219 -853562 -691636 -323525
-691636 -323525 -14994 -324631
-14994 -324631 351430 -814485
351430 -814485 354108 476342
354108 476342 -972887 861375
-972887 861375 569191 196575
569191 196575 -174238 951421
-174238 951421 963868 -835744
963868 -835744 364 -22534
364 -22534 -774875 682502
-774875 682502 12351 84908
12351 84908 203388 -77386
203388 -77386 976882 30392
976882 30392 -654204 -816431
-654204 -816431 -296690 231841
-296690 231841 -949999 290300
-949999 290300 894009 -354924
894009 -354924 -308886 709824
20
932337 44268 -481969 186378
-481969 186378 -591749 860235
-591749 860235 -218928 -193585
-218928 -193585 871831 -427570
871831 -427570 -515451 -456277
-515451 -456277 930042 -359289
930042 -359289 -890863 793991
-890863 793991 371702 -389355
371702 -389355 317327 108019
317327 108019 -743148 -949599
-743148 -949599 872879 -111077
872879 -111077 -740904 -823980
-740904 -823980 789933 855244
789933 855244 740938 252234
740938 252234 638918 201350
638918 201350 929633 610938
929633 610938 800234 -268697
800234 -268697 289276 786604
289276 786604 827560 494516
827560 494516 -255992 747914
20
-450016 615063 440760 836997
440760 836997 774224 590062
774224 590062 -224138 -52301
-224138 -52301 -740847 668619
-740847 668619 -434946 -72114
-434946 -72114 -181876 -894493
-181876 -894493 -551270 -859937
-551270 -859937 542603 992559
542603 992559 413490 402342
413490 402342 371240 -276005
371240 -276005 -485559 917998
-485559 917998 1076 -909135
1076 -909135 -967167 -351078
-967167 -351078 -322406 745702
-322406 745702 -520342 -906513
-520342 -906513 954891 659711
954891 659711 722636 90908
722636 90908 -360963 -977107
-360963 -977107 601012 398279
601012 398279 30986 -874328
20
632187 825425 -639370 70675
-639370 70675 952044 -449300
952044 -449300 -995808 -299254
-995808 -299254 -515083 106450
-515083 106450 -476199 527242
-476199 527242 827580 995216
827580 995216 -89513 -413069
-89513 -413069 -715662 745268
-715662 745268 916453 -146371
916453 -146371 -490850 -902409
-490850 -902409 21309 437553
21309 437553 128758 -742334
128758 -742334 -948385 685243
-948385 685243 -121239 234489
-121239 234489 254644 -401125
254644 -401125 -345844 -343087
-345844 -343087 895113 -700754
895113 -700754 -328243 -341812
-328243 -341812 558039 -572783
558039 -572783 -327336 -235611
20
419052 232832 67863 -241710
67863 -241710 -612164 590985
-612164 590985 89853 -558416
89853 -558416 -472592 803490
-472592 803490 -737796 752246
-737796 752246 742151 -694311
742151 -694311 -160653 -595773
-160653 -595773 258575 -162610
258575 -162610 15024 203699
15024 203699 553097 708292
553097 708292 214239 -874911
214239 -874911 -952937 210166
-952937 210166 -597711 472902
-597711 472902 106372 833809
106372 833809 -715711 -60857
-715711 -60857 -299340 146399
-299340 146399 -346792 -271490
-346792 -271490 -80314 353636
-80314 353636 527616 48696
527616 48696 693689 -317706
20
659877 -91102 608672 -558654
608672 -558654 -174455 575052
-174455 575052 -116205 -723465
-116205 -723465 -738160 649356
-738160 649356 720143 967369
720143 967369 879043 -533818
879043 -533818 -830098 -423781
-830098 -423781 -516041 -604308
-516041 -604308 -763413 895047
-763413 895047 842455 366704
842455 366704 -511628 -776906
-511628 -776906 -146090 141659
-146090 141659 -471516 -553529
-471516 -553529 -101526 -314430
-101526 -314430 733727 124164
733727 124164 -287956 -939703
-287956 -939703 974677 -301814
974677 -301814 213273 546711
213273 546711 -470910 -545301
-470910 -545301 -549198 -111211
20
994190 745242 610648 633392
610648 633392 707179 496159
707179 496159 496382 -601325
496382 -601325 804082 482102
804082 482102 534356 957765
534356 957765 -34350 133957
-34350 133957 150733 -626224
150733 -626224 -706896 -761776
-706896 -761776 -705595 -103911
-705595 -103911 -406770 -470009
-406770 -470009 823777 -429044
823777 -429044 591359 -227875
591359 -227875 -57726 253103
-57726 253103 887249 306215
887249 306215 -2195 -391682
-2195 -391682 -774129 -958568
-774129 -958568 4224 -705468
4224 -705468 388122 371112
388122 371112 505709 166637
505709 166637 463870 52817
20
279206 -138819 -472859 -351000
-472859 -351000 810039 846538
810039 846538 -186726 -370745
-186726 -370745 791261 -138668
791261 -138668 -899504 847022
-899504 847022 543135 -352001
543135 -352001 -370459 810587
-370459 810587 -228354 -85065
-228354 -85065 133408 219115
133408 219115 -368336 -747125
-368336 -747125 -799596 47939
-799596 47939 -487572 -455290
-487572 -455290 -388459 -154157
-388459 -154157 344685 -732815
344685 -732815 -592216 -293011
-592216 -293011 297714 809092
297714 809092 594879 -421308
594879 -421308 599383 866953
599383 866953 454097 722782
454097 722782 -494935 -774240
20
-758554 -540591 -648599 799793
-648599 799793 -789869 -658419
-789869 -658419 -94179 140886
-94179 140886 -159805 513961
-159805 513961 286124 781008
286124 781008 -803200 395690
-803200 395690 -696187 -380577
-696187 -380577 -592435 -945977
-592435 -945977 -528442 -906111
-528442 -906111 71654 -183499
71654 -183499 489347 999820
489347 999820 -15349 -929954
-15349 -929954 -177868 -701944
-177868 -701944 646781 420148
646781 420148 -292428 635467
-292428 635467 924146 -608883
924146 -608883 -383328 -837620
-383328 -837620 112012 905185
112012 905185 -186943 -243518
-186943 -243518 -277640 -860635
20
-842542 -977715 676792 -35027
676792 -35027 -983535 -85843
-983535 -85843 -836149 -24715
-836149 -24715 -488526 892301
-488526 892301 646100 736241
646100 736241 842704 600590
842704 600590 328922 781126
328922 781126 480798 -946790
480798 -946790 345882 -991900
345882 -991900 -368113 -616942
-368113 -616942 130755 254000
130755 254000 -957355 -524835
-957355 -524835 -938080 -893920
-938080 -893920 -361605 -12905
-361605 -12905 -217981 -980352
-217981 -980352 -403555 42628
-403555 42628 -519860 564322
-519860 564322 805220 -65193
805220 -65193 -869559 978722
-869559 978722 79539 489609
20
-648007 413711 632071 764671
632071 764671 983908 801856
983908 801856 -195241 -142089
-195241 -142089 912373 -330341
912373 -330341 838764 471296
838764 471296 -616511 487636
-616511 487636 -798000 933316
-798000 933316 -197709 776636
-197709 776636 696701 153484
696701 153484 600887 368456
600887 368456 -506844 622045
-506844 622045 -73473 753123
-73473 753123 663619 581925
663619 581925 952749 772073
952749 772073 235587 871906
235587 871906 -268153 6211
-268153 6211 8931 769678
8931 769678 288860 -549656
288860 -549656 514262 958867
514262 958867 -96030 -542557
20
115568 401602 235336 613201
235336 613201 -523523 -354899
-523523 -354899 738483 583923
738483 583923 387819 -396290
387819 -396290 -765839 146529
-765839 146529 -312117 -114815
-312117 -114815 620763 -895250
620763 -895250 836884 -348493
836884 -348493 -29923 -371424
-29923 -371424 345155 -668312
345155 -668312 224551 -201096
224551 -201096 -616566 361022
-616566 361022 970525 -414263
970525 -414263 836559 873025
836559 873025 412942 938003
412942 938003 941358 -949576
941358 -949576 -30378 302401
-30378 302401 277918 -267503
277918 -267503 -304548 -640395
-304548 -640395 133323 -817737
20
-611710 597567 -866507 126007
-866507 126007 -331316 -212149
-331316 -212149 -47335 -764074
-47335 -764074 161229 215145
161229 215145 636821 953060
636821 953060 533012 -95790
533012 -95790 -545991 12927
-545991 12927 -446390 162055
-446390 162055 217853 486012
217853 486012 11763 -908018
11763 -908018 947472 483149
947472 483149 -561514 -948806
-561514 -948806 636293 -426642
636293 -426642 -30463 -735866
-30463 -735866 -680904 697611
-680904 697611 -816675 472815
-816675 472815 672615 689214
672615 689214 -124955 804156
-124955 804156 949122 -97737
949122 -97737 421283 85698
20
282981 700903 -926577 398802
-926577 398802 -724093 -787094
-724093 -787094 968124 538862
968124 538862 -230036 799533
-230036 799533 476114 572291
476114 572291 405115 -755890
405115 -755890 126657 613484
126657 613484 -310317 457404
-310317 457404 -830477 808721
-830477 808721 130790 506184
130790 506184 723803 -76458
723803 -76458 -399657 525249
-399657 525249 -81705 -158872
-81705 -158872 -493393 459319
-493393 459319 819382 843464
819382 843464 -530605 -193154
-530605 -193154 69489 -38665
69489 -38665 742576 567619
742576 567619 -994059 400331
-994059 400331 810434 982296
20
618791 379135 -726233 -702381
-726233 -702381 497836 -112466
497836 -112466 659383 -193486
659383 -193486 -4359 125349
-4359 125349 -663990 -277292
-663990 -277292 -36877 959419
-36877 959419 88916 -553243
88916 -553243 790746 431813
790746 431813 -531248 694233
-531248 694233 -8756 -121031
-8756 -121031 736164 -172567
736164 -172567 -964894 -839069
-964894 -839069 612914 999647
612914 999647 -293236 482492
-293236 482492 51307 57915
51307 57915 -375201 -8515
-375201 -8515 929390 -650886
929390 -650886 -850087 -202166
-850087 -202166 641422 -823759
641422 -823759 380603 -974938
20
240602 -328822 -247156 614837
-247156 614837 708564 -74950
708564 -74950 -670338 320352
-670338 320352 -253578 -151211
-253578 -151211 827849 64708
827849 64708 779535 -538912
779535 -538912 -345239 485683
-345239 485683 326561 907017
326561 907017 830424 -44223
830424 -44223 537312 84850
537312 84850 -514686 -886136
-514686 -886136 356184 -170823
356184 -170823 -564544 -846274
-564544 -846274 918289 342451
918289 342451 389141 566795
389141 566795 18966 -334989
18966 -334989 -4815 -280291
-4815 -280291 474073 426482
474073 426482 -973062 -998130
-973062 -998130 545245 997608
20
875364 691893 379194 -626043
379194 -626043 -85382 -954700
-85382 -954700 -384123 178245
-384123 178245 858319 -894824
858319 -894824 -673356 683424
-673356 683424 -51135 -585271
-51135 -585271 185141 349734
185141 349734 661578 234920
661578 234920 64235 576123
64235 576123 646683 -382355
646683 -382355 633204 931055
633204 931055 375511 101376
375511 101376 -939793 677587
-939793 677587 -520066 -751477
-520066 -751477 -908157 -109945
-908157 -109945 -901626 197580
-901626 197580 108863 336379
108863 336379 -620066 950140
-620066 950140 284065 -653424
284065 -653424 -6832 461110
20
109833 767681 510078 -965277
510078 -965277 -800913 515947
-800913 515947 823419 -686099
823419 -686099 -590495 366378
-590495 366378 752049 -512139
752049 -512139 751863 -317938
751863 -317938 669469 881699
669469 881699 498747 -797908
498747 -797908 120343 494781
120343 494781 -648355 -820369
-648355 -820369 -483140 714319
-483140 714319 -42776 -588769
-42776 -588769 -687020 -866071
-687020 -866071 985616 -505069
985616 -505069 814911 -232825
814911 -232825 -115252 569977
-115252 569977 -823517 -662823
-823517 -662823 -195473 400954
-195473 400954 579401 817362
579401 817362 -231957 -876682
20
710223 -489932 -928909 775299
-928909 775299 408999 891176
408999 891176 -850479 510362
-850479 510362 -175508 -135939
-175508 -135939 -552719 700386
-552719 700386 704461 -855231
704461 -855231 954148 -672086
954148 -672086 -788839 794652
-788839 794652 99079 -719168
99079 -719168 69377 -493730
69377 -493730 -700801 -17668
-700801 -17668 -685497 -98110
-685497 -98110 525101 190824
525101 190824 -365523 379418
-365523 379418 975473 -72412
975473 -72412 -479351 298756
-479351 298756 -348362 719425
-348362 719425 -429804 -873935
-429804 -873935 -470277 -892508
-470277 -892508 -153743 -895961
20
-764975 -107409 460074 552626
460074 552626 -794739 -942820
-794739 -942820 -97116 -40259
-97116 -40259 698844 -241417
698844 -241417 855547 -386455
855547 -386455 686732 -180904
686732 -180904 669668 394732
669668 394732 -868166 580061
-868166 580061 501808 531896
501808 531896 -517324 -17808
-517324 -17808 888935 985453
888935 985453 -693584 -411251
-693584 -411251 31027 725266
31027 725266 -843969 -543250
-843969 -543250 984070 512809
984070 512809 -228870 -286326
-228870 -286326 105468 630338
105468 630338 813997 596912
813997 596912 248801 -941181
248801 -941181 -363499 -518174
20
323532 129451 547599 -451092
547599 -451092 710556 691249
710556 691249 962727 -61534
962727 -61534 442984 -460780
442984 -460780 -121024 141754
-121024 141754 -253440 -380971
-253440 -380971 -547639 -38407
-547639 -38407 -453977 412957
-453977 412957 730880 855518
730880 855518 -791069 -624849
-791069 -624849 -741634 -148069
-741634 -148069 903697 960229
903697 960229 -123464 801265
-123464 801265 285208 -850858
285208 -850858 -322014 -944366
-322014 -944366 791054 177260
791054 177260 44455 342045
44455 342045 -466084 -3054
-466084 -3054 737310 761639
737310 761639 -742904 -749735
20
230967 -211458 83732 -726276
83732 -726276 513771 622664
513771 622664 773260 -572678
773260 -572678 855731 374762
855731 374762 -936649 -805995
-936649 -805995 329358 207722
329358 207722 863593 897894
863593 897894 -631111 982994
-631111 982994 571895 -418866
571895 -418866 309178 942383
309178 942383 964082 100069
964082 100069 -81453 -828718
-81453 -828718 -750894 -867025
-750894 -867025 -236756 -261876
-236756 -261876 -452568 111851
-452568 111851 -858141 -79409
-858141 -79409 97808 -619339
97808 -619339 -404344 -597069
-404344 -597069 -623441 910932
-623441 910932 -987136 -894092
20
-70504 -14466 -209777 -299794
-209777 -299794 453820 -98032
453820 -98032 584708 455051
584708 455051 742388 -134708
742388 -134708 23827 571199
23827 571199 951727 -194549
951727 -194549 691798 920633
691798 920633 -437878 686139
-437878 686139 383170 -916224
383170 -916224 168457 -590069
168457 -590069 370094 -271394
370094 -271394 -71915 -468712
-71915 -468712 -790924 -62927
-790924 -62927 -123335 305216
-123335 305216 -625640 -108860
-625640 -108860 926344 -516842
926344 -516842 -481741 183075
-481741 183075 766087 521921
766087 521921 -586337 -726164
-586337 -726164 560378 -731498
20
340634 968591 -549978 898350
-549978 898350 -973681 -706711
-973681 -706711 422539 874684
422539 874684 -389234 523031
-389234 523031 539039 827700
539039 827700 -287066 999981
-287066 999981 -648339 146307
-648339 146307 21746 820622
21746 820622 633541 -363740
633541 -363740 197972 -752689
197972 -752689 376226 34186
376226 34186 554087 48023
554087 48023 206747 286948
206747 286948 -354027 -423494
-354027 -423494 206494 -820276
206494 -820276 -675829 657467
-675829 657467 396228 -674548
396228 -674548 -787810 759645
-787810 759645 -999769 488057
-999769 488057 149120 735717
20
-862345 957144 579226 811526
579226 811526 482340 -102191
482340 -102191 692745 659251
692745 659251 712190 -988975
712190 -988975 503035 -22468
503035 -22468 -466134 841238
-466134 841238 798516 -713099
798516 -713099 -742536 -175196
-742536 -175196 41364 -545305
41364 -545305 933157 784540
933157 784540 515261 -349513
515261 -349513 365479 -834692
365479 -834692 -643116 200279
-643116 200279 -705158 398881
-705158 398881 -191516 370731
-191516 370731 890710 -571355
890710 -571355 -456403 -914212
-456403 -914212 -212732 835469
-212732 835469 420943 -57023
420943 -57023 580519 489127
20
-126632 -786263 277974 -769300
277974 -769300 -738085 -744533
-738085 -744533 -322578 -10089
-322578 -10089 866692 -132795
866692 -132795 -459089 -88848
-459089 -88848 -475962 446100
-475962 446100 -610768 -469272
-610768 -469272 416191 573061
416191 573061 262025 370470
262025 370470 312298 572931
312298 572931 -410829 -43810
-410829 -43810 132330 -680511
132330 -680511 -823489 168188
-823489 168188 -1942 264851
-1942 264851 483080 840734
483080 840734 -114441 -36394
-114441 -36394 -137228 -197725
-137228 -197725 -679476 -942022
-679476 -942022 40901 -506510
40901 -506510 -805664 12991
20
939114 738043 -229058 883818
-229058 883818 -477400 -961357
-477400 -961357 99358 889176
99358 889176 367641 -911173
367641 -911173 -698227 -503165
-698227 -503165 102532 66202
102532 66202 -282551 651071
-282551 651071 -572079 300846
-572079 300846 505961 2272
505961 2272 527616 413548
527616 413548 -277154 -396636
-277154 -396636 136782 991172
136782 991172 562376 627134
562376 627134 -398429 -427107
-398429 -427107 831179 77467
831179 77467 -887859 661986
-887859 661986 141158 -684152
141158 -684152 -45984 91451
-45984 91451 598916 506158
598916 506158 304432 -320616
20
252109 -956731 585957 988015
585957 988015 464813 836793
464813 836793 749335 238737
749335 238737 413706 -816033
413706 -816033 370412 968982
370412 968982 299202 -324820
299202 -324820 113658 -387721
113658 -387721 777278 -113575
777278 -113575 -136511 698630
-136511 698630 891483 -61839
891483 -61839 206073 -921588
206073 -921588 949570 506651
949570 506651 772394 489035
772394 489035 565706 -137092
565706 -137092 -140311 -902217
-140311 -902217 656765 820119
656765 820119 -483102 -223677
-483102 -223677 380111 895229
380111 895229 -88013 341503
-88013 341503 -67058 634776
20
-734886 752245 633387 -605703
633387 -605703 -801040 -467583
-801040 -467583 458072 964606
458072 964606 -462401 515315
-462401 515315 57899 518981
57899 518981 585413 -666140
585413 -666140 -742341 -217285
-742341 -217285 -502530 499370
-502530 499370 -307281 782659
-307281 782659 765094 947225
765094 947225 -261341 727671
-261341 727671 -642349 58601
-642349 58601 986573 -638313
986573 -638313 -118594 851781
-118594 851781 755449 516247
755449 516247 -400519 -716206
-400519 -716206 -973763 814712
-973763 814712 -205306 -727567
-205306 -727567 497056 -571760
497056 -571760 982067 -597028
20
-56715 814969 322753 557015
322753 557015 44612 -172603
44612 -172603 551729 -126717
551729 -126717 2152 883368
2152 883368 530041 811843
530041 811843 555977 640979
555977 640979 616156 566237
616156 566237 945942 948622
945942 948622 -346629 -741617
-346629 -741617 -45051 -255495
-45051 -255495 -17329 744974
-17329 744974 262226 -183205
262226 -183205 992709 -471057
992709 -471057 -614000 859291
-614000 859291 -722615 987012
-722615 987012 -520024 615078
-520024 615078 -616490 -31631
-616490 -31631 367062 597835
367062 597835 967739 -925888
967739 -925888 -603407 665047
20
345306 -722679 59301 446255
59301 446255 731310 5662
731310 5662 863092 490511
863092 490511 -623933 -310500
-623933 -310500 -817039 -899324
-817039 -899324 -489446 -598543
-489446 -598543 704113 -861698
704113 -861698 -538831 -893769
-538831 -893769 357112 263563
357112 263563 388254 498473
388254 498473 -449963 -389481
-449963 -389481 -925092 292598
-925092 292598 -430106 844908
-430106 844908 302667 -46483
302667 -46483 -151426 459396
-151426 459396 875097 -892243
875097 -892243 -779128 -517326
-779128 -517326 858638 -305261
858638 -305261 542768 -810061
542768 -810061 957271 57212
20
319623 -999792 -52126 126787
-52126 126787 -609169 825480
-609169 825480 -893328 -71686
-893328 -71686 187121 -332722
187121 -332722 837040 652739
837040 652739 -743206 638592
-743206 638592 510392 -11478
510392 -11478 623813 -516537
623813 -516537 -665432 282988
-665432 282988 -256648 419695
-256648 419695 878801 -80132
878801 -80132 132819 329596
132819 329596 321260 720722
321260 720722 -235568 961940
-235568 961940 -736522 408746
-736522 408746 217753 189634
217753 189634 -216024 994078
-216024 994078 329243 291150
329243 291150 838307 530121
838307 530121 236299 -545749
20
653381 -200694 -29692 496050
-29692 496050 885277 -70371
885277 -70371 865990 -462994
865990 -462994 -83674 -363316
-83674 -363316 31365 -510703
31365 -510703 -107337 -758949
-107337 -758949 231601 771134
231601 771134 576006 -540033
576006 -540033 899695 176405
899695 176405 53529 -425953
53529 -425953 650109 566147
650109 566147 -15089 493458
-15089 493458 -701260 -559434
-701260 -559434 103345 431429
103345 431429 697608 -784812
697608 -784812 743196 258677
743196 258677 214230 211992
214230 211992 -891141 -313431
-891141 -313431 21137 -872583
21137 -872583 -532886 -768910
20
374388 -573262 233614 -686936
233614 -686936 196126 -150762
196126 -150762 891016 194329
891016 194329 -408236 684070
-408236 684070 382998 -924358
382998 -924358 289796 -531760
289796 -531760 -173953 -773848
-173953 -773848 -334888 -351171
-334888 -351171 459791 -664743
459791 -664743 725762 157593
725762 157593 -23837 107478
-23837 107478 -162600 973069
-162600 973069 338135 503923
338135 503923 -396935 51174
-396935 51174 717318 548044
717318 548044 -304904 -867681
-304904 -867681 -943589 -587932
-943589 -587932 753646 -717722
753646 -717722 -227454 -981673
-227454 -981673 -809602 179052
20
-403146 701585 -265968 -808313
-265968 -808313 847206 148993
847206 148993 -637359 -384179
-637359 -384179 547223 131033
547223 131033 394464 -324765
394464 -324765 893527 -401349
893527 -401349 424957 366450
424957 366450 776369 -964752
776369 -964752 228402 546101
228402 546101 -791507 -607089
-791507 -607089 -101729 932324
-101729 932324 382795 -492873
382795 -492873 545610 -737778
545610 -737778 -532439 260386
-532439 260386 -448215 50113
-448215 50113 -671550 -739708
-671550 -739708 428175 -209460
428175 -209460 972027 283087
972027 283087 -112285 102144
-112285 102144 -578167 549761
20
361735 -154272 -522432 47892
-522432 47892 -961824 259542
-961824 259542 -397442 501807
-397442 501807 -997508 -74760
-997508 -74760 -883403 386671
-883403 386671 -392750 231617
-392750 231617 910588 703697
910588 703697 -758903 23390
-758903 23390 -520497 933672
-520497 933672 246398 -231122
246398 -231122 242925 71356
242925 71356 -479305 -478289
-479305 -478289 313946 72139
313946 72139 426192 -936499
426192 -936499 207047 -141475
207047 -141475 923309 42554
923309 42554 -586811 -772172
-586811 -772172 520379 78831
520379 78831 40874 -189798
40874 -189798 -138834 -313730
20
-52726 -784590 655832 -148702
655832 -148702 -293017 -760511
-293017 -760511 -770344 -120976
-770344 -120976 -89090 -244201
-89090 -244201 821903 285023
821903 285023 765740 -38548
765740 -38548 490682 643341
490682 643341 -684946 -381429
-684946 -381429 -553377 22333
-553377 22333 -876575 -525837
-876575 -525837 -331619 365294
-331619 365294 75919 936694
75919 936694 -582332 -134070
-582332 -134070 42594 -389684
42594 -389684 -792400 724637
-792400 724637 -714743 -196392
-714743 -196392 -568455 2662
-568455 2662 637381 -445677
637381 -445677 -520402 986041
-520402 986041 762751 -890668
20
-612877 872992 -173088 -521138
-173088 -521138 825042 656872
825042 656872 -741567 328387
-741567 328387 -564005 -170569
-564005 -170569 -72232 974595
-72232 974595 258909 881045
258909 881045 -628871 -619528
-628871 -619528 966523 -584712
966523 -584712 -999247 447827
-999247 447827 -296452 -302665
-296452 -302665 -371492 -84279
-371492 -84279 -418405 20966
-418405 20966 458980 763307
458980 763307 -130396 184406
-130396 184406 797710 64058
797710 64058 -712799 775817
-712799 775817 474097 407061
474097 407061 -208140 819639
-208140 819639 -587430 -849969
-587430 -849969 98658 941630
20
-474496 -731998 -530124 893416
-530124 893416 670798 -53103
670798 -53103 -659148 -575563
-659148 -575563 -609167 -315485
-609167 -315485 -174248 908739
-174248 908739 -603011 -924504
-603011 -924504 107885 755359
107885 755359 737820 311432
737820 311432 -89058 159418
-89058 159418 787464 -601299
787464 -601299 934206 -303559
934206 -303559 476823 -108721
476823 -108721 307298 -357032
307298 -357032 556665 76808
556665 76808 -16570 313945
-16570 313945 -384712 -880333
-384712 -880333 -258345 306939
-258345 306939 -582533 -369286
-582533 -369286 859431 98402
859431 98402 -968688 -957840
20
-218281 -591541 953700 -491565
953700 -491565 758490 428977
758490 428977 -930522 869317
-930522 869317 -167763 247707
-167763 247707 -895836 -610881
-895836 -610881 -342202 -263333
-342202 -263333 311809 -179089
311809 -179089 -161971 -484259
-161971 -484259 -168002 -938802
-168002 -938802 926157 -375174
926157 -375174 583604 441782
583604 441782 286767 -556867
286767 -556867 128332 -752900
128332 -752900 -454754 -327536
-454754 -327536 93562 -79058
93562 -79058 421575 -346594
421575 -346594 547041 800408
547041 800408 640554 727066
640554 727066 106996 -187692
106996 -187692 -635630 -759698
20
307836 -672235 -611923 -890271
-611923 -890271 -842380 995405
-842380 995405 594181 -943165
594181 -943165 -331905 194034
-331905 194034 -821910 -368804
-821910 -368804 -962936 425605
-962936 425605 -557193 140594
-557193 140594 619744 -72021
619744 -72021 -768266 70587
-768266 70587 159164 388110
159164 388110 886213 -137659
886213 -137659 922077 -82111
922077 -82111 -947821 902885
-947821 902885 93535 666897
93535 666897 450212 -66380
450212 -66380 -678627 -684781
-678627 -684781 773910 741839
773910 741839 975187 -243800
975187 -243800 729191 -438792
729191 -438792 -82490 -103618
20
-254501 91746 -787044 120032
-787044 120032 328336 -819042
328336 -819042 724116 359036
724116 359036 854138 -997854
854138 -997854 862060 -603062
862060 -603062 -837559 -41251
-837559 -41251 944244 487163
944244 487163 225012 -149902
225012 -149902 -740705 811104
-740705 811104 -242767 939050
-242767 939050 944532 -817722
944532 -817722 249451 -15801
249451 -15801 925633 654312
925633 654312 -556911 587261
-556911 587261 428407 -846071
428407 -846071 -949590 526987
-949590 526987 782559 -484462
782559 -484462 934375 8221
934375 8221 86764 -570179
86764 -570179 -467348 -914976
20
886587 105587 798565 233449
798565 233449 909617 844979
909617 844979 55011 -797228
55011 -797228 172505 936414
172505 936414 -626698 978204
-626698 978204 -834135 253595
-834135 253595 -400925 -651667
-400925 -651667 139640 337105
139640 337105 295148 141476
295148 141476 -990325 490895
-990325 490895 465301 -601890
465301 -601890 -203410 453597
-203410 453597 455698 457085
455698 457085 861581 -931420
861581 -931420 -428601 231579
-428601 231579 -452976 -830907
-452976 -830907 276975 393805
276975 393805 -905076 820424
-905076 820424 118460 -851375
118460 -851375 -84740 72282
20
159888 367443 -323525 107712
-323525 107712 -522421 434682
-522421 434682 -890256 -261035
-890256 -261035 -837568 437523
-837568 437523 216305 -401101
216305 -401101 -256864 -721348
-256864 -721348 596578 -901654
596578 -901654 297435 481740
297435 481740 63186 149172
63186 149172 536580 -432975
536580 -432975 609242 318543
609242 318543 -160850 876635
-160850 876635 561900 -44891
561900 -44891 998086 -148945
998086 -148945 155987 129299
155987 129299 -388161 343953
-388161 343953 574027 -316576
574027 -316576 -954718 -626058
-954718 -626058 -665518 -732147
-665518 -732147 682898 -923785
20
-25532 -204568 97538 -241831
97538 -241831 -581800 107970
-581800 107970 344568 -728933
344568 -728933 -64063 -969453
-64063 -969453 -509948 904831
-509948 904831 -914023 -620373
-914023 -620373 408061 -557397
408061 -557397 -581754 -477739
-581754 -477739 -488142 383213
-488142 383213 -226802 -220118
-226802 -220118 -701946 -795680
-701946 -795680 776026 784786
776026 784786 -472105 -138678
-472105 -138678 333830 855036
333830 855036 -852890 314162
-852890 314162 692121 372022
692121 372022 498910 396820
498910 396820 -315395 -552670
-315395 -552670 723366 -849968
723366 -849968 -873979 -140756
20
837641 34848 501002 929286
501002 929286 -93242 -516228
-93242 -516228 867657 -457385
867657 -457385 -685920 129289
-685920 129289 -752873 931163
-752873 931163 -909132 244275
-909132 244275 767952 336654
767952 336654 -959852 621747
-959852 621747 -604808 471282
-604808 471282 969712 -238057
969712 -238057 679013 -254743
679013 -254743 -303686 92448
-303686 92448 -16109 -940869
-16109 -940869 153246 -488068
153246 -488068 501406 304685
501406 304685 755557 332664
755557 332664 -516321 934744
-516321 934744 127244 586552
127244 586552 -399667 274954
-399667 274954 -751144 -254891
20
-295956 143803 951672 817695
951672 817695 140035 242841
140035 242841 -544025 593156
-544025 593156 27172 181363
27172 181363 -732943 -917151
-732943 -917151 312363 112025
312363 112025 -379905 374210
-379905 374210 64874 -338908
64874 -338908 482309 234889
482309 234889 -952660 135865
-952660 135865 797547 900892
797547 900892 519349 673956
519349 673956 -740181 -319155
-740181 -319155 496980 673315
496980 673315 -521929 -343755
-521929 -343755 298919 126567
298919 126567 -127898 412765
-127898 412765 -597764 904382
-597764 904382 -467074 519989
-467074 519989 -422413 474302
20
815250 154073 438640 -195213
438640 -195213 -464373 763199
-464373 763199 -641369 -974103
-641369 -974103 287905 -298485
287905 -298485 -224334 574686
-224334 574686 -562205 37136
-562205 37136 803995 -674026
803995 -674026 17724 -188284
17724 -188284 -542477 -788623
-542477 -788623 19386 -189222
19386 -189222 721034 771721
721034 771721 187983 -368555
187983 -368555 479874 -401502
479874 -401502 996868 -918670
996868 -918670 940247 -204871
940247 -204871 361510 -977645
361510 -977645 -445980 -103118
-445980 -103118 686120 237425
686120 237425 -796519 163586
-796519 163586 -435545 -305389
20
550483 -96036 566866 -64391
566866 -64391 415952 580700
415952 580700 943598 252180
943598 252180 418438 350998
418438 350998 563699 -653585
563699 -653585 442497 626939
442497 626939 -220455 -985189
-220455 -985189 -498441 -861923
-498441 -861923 -594253 810883
-594253 810883 775541 105512
775541 105512 -377176 552437
-377176 552437 767315 -639231
767315 -639231 436546 -439833
436546 -439833 -681118 -865162
-681118 -865162 -227472 486362
-227472 486362 82559 -64772
82559 -64772 106118 -316946
106118 -316946 -629165 -655029
-629165 -655029 -272576 565576
-272576 565576 -772500 -651184
20
359427 -526713 797614 662980
797614 662980 -987830 596611
-987830 596611 -8180 416143
-8180 416143 -878881 -398976
-878881 -398976 275839 -731835
275839 -731835 -477730 -704822
-477730 -704822 575728 163830
575728 163830 908920 558978
908920 558978 -619410 285200
-619410 285200 -127893 346583
-127893 346583 42605 -657567
42605 -657567 869038 701045
869038 701045 -863011 52855
-863011 52855 -942010 181289
-942010 181289 900050 -73587
900050 -73587 7644 -65557
7644 -65557 -870215 151953
-870215 151953 367678 -569458
367678 -569458 967884 11742
967884 11742 -713458 779041
20
-804672 411598 -445375 556592
-445375 556592 -751201 12899
-751201 12899 -591538 459553
-591538 459553 853818 -103870
853818 -103870 129287 825775
129287 825775 27490 982159
27490 982159 -143781 601156
-143781 601156 -595726 889815
-595726 889815 -57594 -18846
-57594 -18846 808730 585361
808730 585361 -884761 265134
-884761 265134 -268906 29987
-268906 29987 338080 -874553
338080 -874553 -352222 142124
-352222 142124 -653207 859951
-653207 859951 390645 419488
390645 419488 -228076 -314817
-228076 -314817 -364537 597478
-364537 597478 296828 -298824
296828 -298824 977698 159994
20
-560940 698642 392969 518732
392969 518732 -923728 -573221
-923728 -573221 -724284 926110
-724284 926110 -398044 -8743
-398044 -8743 124164 912523
124164 912523 608186 944124
608186 944124 -98673 -420552
-98673 -420552 -806229 -711759
-806229 -711759 -549772 -577452
-549772 -577452 932107 976281
932107 976281 -256939 -221153
-256939 -221153 135842 159169
135842 159169 635264 -4340
635264 -4340 -432202 373299
-432202 373299 -821286 -221348
-821286 -221348 372559 -933316
372559 -933316 -611868 871138
-611868 871138 385845 -855722
385845 -855722 52705 -598631
52705 -598631 148330 88960
20
-151942 536732 -712171 -778595
-712171 -778595 -913298 913507
-913298 913507 510214 -387357
510214 -387357 814701 529472
814701 529472 -315019 -307417
-315019 -307417 262689 926281
262689 926281 717464 132706
717464 132706 -960173 334877
-960173 334877 -769381 -476922
-769381 -476922 912310 162385
912310 162385 -346824 -841544
-346824 -841544 524789 14277
524789 14277 498750 469334
498750 469334 212682 -171663
212682 -171663 578330 -190152
578330 -190152 -427682 -985589
-427682 -985589 440228 738519
440228 738519 428210 -73129
428210 -73129 -713666 -738346
-713666 -738346 734454 -831883
20
-573486 -860354 -562458 -851883
-562458 -851883 468409 367195
468409 367195 223232 445483
223232 445483 -904542 -292482
-904542 -292482 112056 -50220
112056 -50220 -906144 -707399
-906144 -707399 -570255 631978
-570255 631978 -149256 496218
-149256 496218 471702 -350859
471702 -350859 -779165 -427014
-779165 -427014 50329 247269
50329 247269 172029 -488186
172029 -488186 -527795 668900
-527795 668900 971352 855556
971352 855556 706549 724187
706549 724187 -848472 -135980
-848472 -135980 558488 -820954
558488 -820954 657668 100600
657668 100600 -980261 651263
-980261 651263 -983916 817292
20
-159709 -898420 695175 -422602
695175 -422602 -975090 -180321
-975090 -180321 -33432 -334725
-33432 -334725 463022 604533
463022 604533 -253911 -592499
-253911 -592499 567924 572545
567924 572545 613928 -964353
613928 -964353 -137450 332597
-137450 332597 -706251 882932
-706251 882932 -847457 891657
-847457 891657 -343263 -416656
-343263 -416656 114240 -594836
114240 -594836 -902696 -871198
-902696 -871198 81708 820797
81708 820797 406023 806854
406023 806854 364612 -952817
364612 -952817 449888 -333381
449888 -333381 -276576 487611
-276576 487611 -577017 38771
-577017 38771 -327694 741044
20
-763596 540380 393581 -791144
393581 -791144 -691124 516406
-691124 516406 -57250 -744529
-57250 -744529 -500205 -356433
-500205 -356433 -430953 -222252
-430953 -222252 -442083 277252
-442083 277252 -973462 -786411
-973462 -786411 -241966 -646520
-241966 -646520 -145944 -734569
-145944 -734569 702834 -111493
702834 -111493 778576 123830
778576 123830 45282 -268861
45282 -268861 -591228 -407456
-591228 -407456 284606 857365
284606 857365 413829 -267478
413829 -267478 -794507 573935
-794507 573935 783238 -585998
783238 -585998 540209 -31484
540209 -31484 386163 -111174
386163 -111174 308454 936813
20
850586 248810 -411476 720439
-411476 720439 -562788 -732685
-562788 -732685 -243523 591423
-243523 591423 -536207 696146
-536207 696146 472719 -973078
472719 -973078 -427868 -19297
-427868 -19297 323565 270599
323565 270599 932011 -605408
932011 -605408 234864 -968479
234864 -968479 314789 -891493
314789 -891493 869181 787589
869181 787589 -851492 -772435
-851492 -772435 -320835 694983
-320835 694983 909767 -432910
909767 -432910 -818959 -967350
-818959 -967350 -591772 -827363
-591772 -827363 -856001 -256175
-856001 -256175 36265 -574611
36265 -574611 900429 89990
900429 89990 987343 -176094
20
-164898 -474665 251603 -696629
251603 -696629 -381863 -656684
-381863 -656684 -173205 -292678
-173205 -292678 -48900 470143
-48900 470143 990238 -696392
990238 -696392 734490 -382511
734490 -382511 -810532 695593
-810532 695593 756181 466300
756181 466300 -131741 605164
-131741 605164 948179 -466661
948179 -466661 -595676 606513
-595676 606513 -354391 -228389
-354391 -228389 -529842 -467075
-529842 -467075 -263398 -409959
-263398 -409959 272288 -47847
272288 -47847 -551774 -173366
-551774 -173366 -121954 728373
-121954 728373 759156 723135
759156 723135 -969204 -786878
-969204 -786878 -430308 -966262
20
259078 -802998 772055 977760
772055 977760 -287908 -931264
-287908 -931264 647388 -350464
647388 -350464 -867698 -328740
-867698 -328740 -531877 736524
-531877 736524 -804669 668202
-804669 668202 266089 439794
266089 439794 836217 -321386
836217 -321386 -537393 798982
-537393 798982 -528696 -69585
-528696 -69585 987939 -784499
987939 -784499 892724 174494
892724 174494 -738397 -561772
-738397 -561772 -581531 -497375
-581531 -497375 176356 893799
176356 893799 -683296 -617848
-683296 -617848 -472983 410360
-472983 410360 954199 -371648
954199 -371648 -624521 -347379
-624521 -347379 329519 126226
