100
20
-459130 -12870 627940 158550
627940 158550 177516 279723
177516 279723 43158 114462
43158 114462 -258227 -334472
-258227 -334472 -154196 682518
-154196 682518 -233411 688786
-233411 688786 -230208 625941
-230208 625941 720137 202666
720137 202666 305337 -792400
305337 -792400 -613213 -566868
-613213 -566868 -521643 26364
-521643 26364 689424 109499
689424 109499 646154 944499
646154 944499 851231 -349080
851231 -349080 543668 -870375
543668 -870375 -788200 -395404
-788200 -395404 -401892 -132704
-401892 -132704 -280446 217341
-280446 217341 154182 479121
154182 479121 363247 -395997
20
114896 113235 61511 -87365
61511 -87365 622064 891960
622064 891960 711154 195281
711154 195281 -960792 -802733
-960792 -802733 452103 162699
452103 162699 -385234 348716
-385234 348716 -887389 490838
-887389 490838 -39911 749105
-39911 749105 -324629 550325
-324629 550325 -91830 -870783
-91830 -870783 -180464 -733282
-180464 -733282 757562 930902
757562 930902 -542226 -169857
-542226 -169857 925471 958322
925471 958322 -245891 -820591
-245891 -820591 -388827 907103
-388827 907103 -277876 -593922
-277876 -593922 -10871 626051
-10871 626051 -702476 -25148
-702476 -25148 833332 519841
20
-927412 838190 -364139 -448140
-364139 -448140 -923859 -744659
-923859 -744659 -107222 186131
-107222 186131 324525 958436
324525 958436 -789451 -210898
-789451 -210898 -659203 17735
-659203 17735 -491282 -537951
-491282 -537951 411018 704823
411018 704823 427060 -681302
427060 -681302 529415 -719967
529415 -719967 -670065 878429
-670065 878429 688984 962144
688984 962144 11368 -857839
11368 -857839 -180010 -763061
-180010 -763061 -22231 -6961
-22231 -6961 -587814 -872254
-587814 -872254 902627 74740
902627 74740 -479138 517895
-479138 517895 -195856 184451
-195856 184451 770056 52678
20
-842522 220420 243657 416237
243657 416237 -510810 730042
-510810 730042 -212225 572217
-212225 572217 -483109 -235882
-483109 -235882 -457983 878502
-457983 878502 -249548 769246
-249548 769246 752178 518884
752178 518884 608271 2124
608271 2124 -728288 64381
-728288 64381 73825 400958
73825 400958 758190 598633
758190 598633 580066 -469708
580066 -469708 908605 -486698
908605 -486698 22482 513990
22482 513990 -787175 867050
-787175 867050 -160412 -977079
-160412 -977079 -175275 256523
-175275 256523 182989 883922
182989 883922 -937991 618497
-937991 618497 868871 -656241
20
21730 -990251 91712 387458
91712 387458 -230875 -214916
-230875 -214916 -470311 -318713
-470311 -318713 933555 -900052
933555 -900052 502296 491586
502296 491586 -193733 -663910
-193733 -663910 813678 -805670
813678 -805670 -808033 -729532
-808033 -729532 -579787 953120
-579787 953120 -454034 -164713
-454034 -164713 -486138 -212964
-486138 -212964 -254957 -396320
-254957 -396320 746952 -928377
746952 -928377 471804 -59842
471804 -59842 -945425 -248308
-945425 -248308 -47282 -209493
-47282 -209493 712069 383962
712069 383962 274577 66249
274577 66249 190012 -320397
190012 -320397 -773120 844965
20
131136 128191 -659248 355044
-659248 355044 451124 -931680
451124 -931680 911093 665353
911093 665353 -739569 131188
-739569 131188 -794701 130967
-794701 130967 -829802 894468
-829802 894468 -85957 477210
-85957 477210 -315859 -770806
-315859 -770806 -285298 388049
-285298 388049 -875938 -338165
-875938 -338165 948689 229344
948689 229344 426660 -905032
426660 -905032 683477 51884
683477 51884 425357 -462660
425357 -462660 207756 -714038
207756 -714038 -348303 -102486
-348303 -102486 281391 556460
281391 556460 70213 934467
70213 934467 -244184 -193329
-244184 -193329 -599322 170470
20
-75469 -848666 -908299 149305
-908299 149305 -441914 -719846
-441914 -719846 -813901 312749
-813901 312749 -997320 -153865
-997320 -153865 -586934 756052
-586934 756052 327536 176480
327536 176480 -466902 -402044
-466902 -402044 -515988 -706940
-515988 -706940 770912 137517
770912 137517 410130 734601
410130 734601 115216 -985872
115216 -985872 457415 -603693
457415 -603693 827861 675022
827861 675022 290144 -998813
290144 -998813 -160357 -372934
-160357 -372934 530089 -852195
530089 -852195 28014 -904055
28014 -904055 -190862 266405
-190862 266405 -653008 917189
-653008 917189 298814 127120
20
-317747 -352025 331545 560431
331545 560431 -129639 -172129
-129639 -172129 864530 -408714
864530 -408714 -563188 370300
-563188 370300 859216 154176
859216 154176 956867 -598559
956867 -598559 305285 -536058
305285 -536058 -35621 -875454
-35621 -875454 451808 920107
451808 920107 -936105 -210063
-936105 -210063 -195362 718506
-195362 718506 699574 -312082
699574 -312082 -345855 316045
-345855 316045 164843 -429555
164843 -429555 -854343 -848913
-854343 -848913 -370810 669728
-370810 669728 712216 57242
712216 57242 930039 222448
930039 222448 -546067 -311993
-546067 -311993 866138 -516562
20
-145053 543557 985952 -493117
985952 -493117 603002 928433
603002 928433 -547451 -83766
-547451 -83766 -669406 -984366
-669406 -984366 -758782 -988353
-758782 -988353 806754 281626
806754 281626 -148922 570366
-148922 570366 583612 750866
583612 750866 65078 149211
65078 149211 920431 -51099
920431 -51099 -530494 615587
-530494 615587 -551455 -372185
-551455 -372185 -125877 368637
-125877 368637 271725 548339
271725 548339 492969 -700756
492969 -700756 -487200 -192242
-487200 -192242 295566 -757029
295566 -757029 -58558 -840520
-58558 -840520 337890 -237545
337890 -237545 154024 649483
20
-256137 -810893 -534176 709949
-534176 709949 -15544 695458
-15544 695458 -11250 434845
-11250 434845 -114023 351337
-114023 351337 -840814 -604995
-840814 -604995 -664064 -607213
-664064 -607213 118084 737583
118084 737583 737371 967936
737371 967936 75196 649575
75196 649575 -843171 -965805
-843171 -965805 -810507 -91553
-810507 -91553 530847 390644
530847 390644 -244313 -733574
-244313 -733574 514358 -613663
514358 -613663 579216 -8638
579216 -8638 581947 951928
581947 951928 967242 294576
967242 294576 -716721 542660
-716721 542660 547829 143478
547829 143478 -276282 156097
20
770255 553153 720713 -668800
720713 -668800 307281 809266
307281 809266 498262 -868158
498262 -868158 265378 628761
265378 628761 -778222 437230
-778222 437230 10844 -624595
10844 -624595 -665678 182861
-665678 182861 974698 -956802
974698 -956802 698069 -264060
698069 -264060 12195 392314
12195 392314 -653548 789304
-653548 789304 499214 -794740
499214 -794740 768417 -551929
768417 -551929 914366 817341
914366 817341 -518375 124526
-518375 124526 -607985 29697
-607985 29697 524796 -764207
524796 -764207 -591188 744198
-591188 744198 -297026 -466514
-297026 -466514 -944935 -98988
20
-49824 -82427 -498980 782457
-498980 782457 500663 520299
500663 520299 -732926 556025
-732926 556025 204878 654541
204878 654541 439143 -443053
439143 -443053 -277862 -115212
-277862 -115212 527300 397416
527300 397416 63465 21895
63465 21895 283961 708866
283961 708866 952140 -99727
952140 -99727 882425 -10245
882425 -10245 367625 -183961
367625 -183961 -863486 993306
-863486 993306 -958376 -31437
-958376 -31437 611792 -114422
611792 -114422 850624 725293
850624 725293 -118977 653840
-118977 653840 293504 -707447
293504 -707447 -973180 188423
-973180 188423 152094 526068
20
-857205 864351 -342940 586412
-342940 586412 -628751 846662
-628751 846662 940938 629320
940938 629320 116911 -531752
116911 -531752 -845346 698794
-845346 698794 -159345 -738257
-159345 -738257 -695584 421720
-695584 421720 278236 -961626
278236 -961626 -993763 864531
-993763 864531 -6558 -522095
-6558 -522095 -439979 -845871
-439979 -845871 75466 578176
75466 578176 750887 -936356
750887 -936356 -595906 -533459
-595906 -533459 222173 -108535
222173 -108535 -520694 -521223
-520694 -521223 170861 858083
170861 858083 817853 486235
817853 486235 588601 556822
588601 556822 980684 -581003
20
804584 -67601 511622 -982968
511622 -982968 196999 639314
196999 639314 285132 -963715
285132 -963715 872200 -520335
872200 -520335 309750 -575595
309750 -575595 -589290 -676963
-589290 -676963 865368 620002
865368 620002 433809 135331
433809 135331 -948159 13972
-948159 13972 489384 -447851
489384 -447851 -190298 218732
-190298 218732 724484 -252457
724484 -252457 -935325 325303
-935325 325303 349101 965639
349101 965639 -689768 241225
-689768 241225 -349378 441877
-349378 441877 855041 -849040
855041 -849040 262334 -1329
262334 -1329 554589 466885
554589 466885 417703 513041
20
-651423 -931134 46265 -303090
46265 -303090 -475046 -696801
-475046 -696801 -392570 236656
-392570 236656 740984 208964
740984 208964 346233 -497258
346233 -497258 686739 -672596
686739 -672596 -21574 78206
-21574 78206 791231 543085
791231 543085 659497 -466232
659497 -466232 281154 403168
281154 403168 956015 -149141
956015 -149141 -8695 -224646
-8695 -224646 -53401 122601
-53401 122601 -767599 -422884
-767599 -422884 -272297 222053
-272297 222053 -739425 998995
-739425 998995 -747553 586534
-747553 586534 -711584 -516859
-711584 -516859 469997 -599423
469997 -599423 -323378 960843
20
-572950 -260869 -106078 505792
-106078 505792 -127385 14772
-127385 14772 740075 71918
740075 71918 688215 87422
688215 87422 -242378 -677196
-242378 -677196 -782910 761948
-782910 761948 758466 -733632
758466 -733632 -989856 -268060
-989856 -268060 -438151 -316996
-438151 -316996 -175413 244396
-175413 244396 -994815 514574
-994815 514574 -176844 -461724
-176844 -461724 -610325 -781086
-610325 -781086 -918079 893850
-918079 893850 -605641 -691461
-605641 -691461 105071 -445823
105071 -445823 -224124 989290
-224124 989290 131410 855160
131410 855160 494730 -702163
494730 -702163 -285275 982734
20
703458 -620558 -984236 -691043
-984236 -691043 -215053 441444
-215053 441444 247237 -666729
247237 -666729 -912412 361764
-912412 361764 -421088 -193854
-421088 -193854 455885 -122284
455885 -122284 -421243 164249
-421243 164249 -458500 68563
-458500 68563 -397673 -608820
-397673 -608820 20573 -516892
20573 -516892 -477190 -970914
-477190 -970914 -287182 -177866
-287182 -177866 -206860 -231902
-206860 -231902 -759263 -2571
-759263 -2571 -986528 -874428
-986528 -874428 600194 268453
600194 268453 -600812 170743
-600812 170743 973465 -502696
973465 -502696 -459005 571324
-459005 571324 -29250 -255679
20
-799976 170940 591291 -544755
591291 -544755 850712 310078
850712 310078 615513 -19661
615513 -19661 -616717 -986158
-616717 -986158 691009 -62313
691009 -62313 724418 257243
724418 257243 637613 -659048
637613 -659048 -479631 -126492
-479631 -126492 -135212 721296
-135212 721296 516673 176094
516673 176094 338816 21113
338816 21113 -140891 504941
-140891 504941 -45984 -476359
-45984 -476359 983141 394719
983141 394719 645145 -669478
645145 -669478 796048 -66638
796048 -66638 116991 -37709
116991 -37709 -837893 328018
-837893 328018 395625 -660993
395625 -660993 21914 766649
20
264517 -316459 -111556 123067
-111556 123067 360882 403175
360882 403175 -964367 863689
-964367 863689 618045 975635
618045 975635 -96453 614033
-96453 614033 770282 -137553
770282 -137553 -246904 -790359
-246904 -790359 53322 -558951
53322 -558951 211890 964105
211890 964105 -858959 -224656
-858959 -224656 768219 -670025
768219 -670025 335046 -179533
335046 -179533 -503551 -902813
-503551 -902813 941861 911930
941861 911930 299307 852897
299307 852897 260776 326844
260776 326844 348450 -693577
348450 -693577 426797 -467446
426797 -467446 -846721 135279
-846721 135279 573382 866740
20
446769 -572504 -888895 -915621
-888895 -915621 -724204 918628
-724204 918628 715681 -583479
715681 -583479 758133 -580332
758133 -580332 144097 792016
144097 792016 -707375 -393522
-707375 -393522 -440426 892106
-440426 892106 -85581 620293
-85581 620293 273493 -786504
273493 -786504 777625 546348
777625 546348 -491841 -824673
-491841 -824673 -950239 -854977
-950239 -854977 -486796 -950216
-486796 -950216 -707198 85046
-707198 85046 -949387 934873
-949387 934873 56477 960240
56477 960240 -782087 -213665
-782087 -213665 -455993 -404856
-455993 -404856 865519 -505392
865519 -505392 686563 -717687
20
-321083 -767454 643501 208616
643501 208616 249168 -804191
249168 -804191 987882 883605
987882 883605 852209 -282214
852209 -282214 497689 -945844
497689 -945844 940718 -453056
940718 -453056 -735002 104443
-735002 104443 -218672 -585599
-218672 -585599 -326735 838813
-326735 838813 550063 480072
550063 480072 -892207 138281
-892207 138281 808090 -188462
808090 -188462 6922 -912941
6922 -912941 703395 201378
703395 201378 -275738 844412
-275738 844412 428179 528476
428179 528476 -255531 227860
-255531 227860 922067 -773183
922067 -773183 602093 216806
602093 216806 -817027 -844070
20
-931493 11224 -271220 -978405
-271220 -978405 -805333 630488
-805333 630488 904730 -197400
904730 -197400 -394031 -614691
-394031 -614691 -883798 159297
-883798 159297 -923739 -580794
-923739 -580794 -381229 -210449
-381229 -210449 756819 470972
756819 470972 -889139 -189858
-889139 -189858 753273 -263882
753273 -263882 -709151 -339877
-709151 -339877 -632088 201741
-632088 201741 172142 -804609
172142 -804609 -812415 -321260
-812415 -321260 889045 212051
889045 212051 299278 580958
299278 580958 -124698 -205462
-124698 -205462 -485171 965459
-485171 965459 498744 -158905
498744 -158905 -638472 -116417
20
846098 869240 -788603 858305
-788603 858305 -800816 -285172
-800816 -285172 25441 893537
25441 893537 524487 90902
524487 90902 432257 -673995
432257 -673995 -494216 717465
-494216 717465 499548 771416
499548 771416 192049 420272
192049 420272 311830 532993
311830 532993 -824635 223974
-824635 223974 -588579 -666570
-588579 -666570 -278878 -325629
-278878 -325629 132853 510868
132853 510868 -990182 -398027
-990182 -398027 -889174 568066
-889174 568066 483877 -82635
483877 -82635 711366 -188779
711366 -188779 -726076 -393902
-726076 -393902 870781 962091
870781 962091 762469 72411
20
206397 -475167 222621 -735235
222621 -735235 -600996 530699
-600996 530699 395998 857797
395998 857797 -370719 954733
-370719 954733 921647 -263095
921647 -263095 -34307 -692810
-34307 -692810 -153096 -218307
-153096 -218307 305677 -880163
305677 -880163 -177389 -72454
-177389 -72454 607647 -536576
607647 -536576 -213482 860993
-213482 860993 -53418 -517891
-53418 -517891 824621 -865119
824621 -865119 -722327 983226
-722327 983226 -993928 -420111
-993928 -420111 -502644 -299202
-502644 -299202 138759 323494
138759 323494 209342 -950674
209342 -950674 -692056 734377
-692056 734377 594483 -501095
20
195653 819381 -35055 446630
-35055 446630 283632 -81059
283632 -81059 732442 903456
732442 903456 476191 307295
476191 307295 922831 13656
922831 13656 952992 377367
952992 377367 465497 -255861
465497 -255861 -217333 61225
-217333 61225 460955 -472830
460955 -472830 883457 -620564
883457 -620564 -698200 42010
-698200 42010 -799971 -551180
-799971 -551180 -660110 157796
-660110 157796 -970119 -57542
-970119 -57542 -98834 -62942
-98834 -62942 210419 794694
210419 794694 -405538 154811
-405538 154811 878322 838410
878322 838410 -217435 646
-217435 646 694810 -477807
20
-493994 559424 -628125 -115653
-628125 -115653 217150 -626522
217150 -626522 57958 -998945
57958 -998945 -871685 606576
-871685 606576 21469 -647938
21469 -647938 -640237 -680920
-640237 -680920 133611 -673895
133611 -673895 956826 364404
956826 364404 -573262 575606
-573262 575606 765712 587982
765712 587982 569655 -737628
569655 -737628 202561 -776524
202561 -776524 -287554 475699
-287554 475699 879806 34439
879806 34439 -358256 500017
-358256 500017 752967 117104
752967 117104 -111757 813772
-111757 813772 582479 279655
582479 279655 336745 792640
336745 792640 648583 -285199
20
899479 -894297 104032 523747
104032 523747 170743 -246440
170743 -246440 894879 -945981
894879 -945981 342235 434086
342235 434086 -245074 -117165
-245074 -117165 -723732 -785722
-723732 -785722 -90226 208992
-90226 208992 605265 535762
605265 535762 -910205 -303694
-910205 -303694 -278305 -385126
-278305 -385126 -246881 -508160
-246881 -508160 -316767 -522985
-316767 -522985 -859519 -247627
-859519 -247627 995888 -372355
995888 -372355 -904073 96687
-904073 96687 736919 -992460
736919 -992460 457254 437526
457254 437526 1973 622991
1973 622991 -903487 676428
-903487 676428 -392274 608954
20
639697 224606 -42487 469164
-42487 469164 -902319 101195
-902319 101195 -948298 726147
-948298 726147 388574 -733849
388574 -733849 -332911 770615
-332911 770615 -163057 219895
-163057 219895 -147679 670531
-147679 670531 506948 -426260
506948 -426260 690823 560318
690823 560318 -189406 123166
-189406 123166 630180 -957537
630180 -957537 564140 126766
564140 126766 420660 -217599
420660 -217599 907378 -449906
907378 -449906 -949282 -575364
-949282 -575364 371443 593041
371443 593041 556813 -935912
556813 -935912 -500902 566156
-500902 566156 -191829 40670
-191829 40670 818662 61937
20
937922 219901 -116225 303713
-116225 303713 -969079 -400970
-969079 -400970 -854158 237457
-854158 237457 -463330 583553
-463330 583553 216598 902290
216598 902290 813744 -379809
813744 -379809 671758 734987
671758 734987 400655 -269755
400655 -269755 652061 -838149
652061 -838149 570042 2292
570042 2292 434873 -123660
434873 -123660 245399 -512442
245399 -512442 -954812 -849572
-954812 -849572 -131144 -331736
-131144 -331736 -861161 625004
-861161 625004 -319687 -90009
-319687 -90009 215372 -677309
215372 -677309 -118060 891817
-118060 891817 -606873 70828
-606873 70828 979995 -28361
20
-644574 -67476 -467668 -817150
-467668 -817150 -231139 730334
-231139 730334 492865 -98347
492865 -98347 -60903 -498566
-60903 -498566 -142195 -590898
-142195 -590898 958118 -39521
958118 -39521 22378 178133
22378 178133 672056 -458362
672056 -458362 -963819 -45391
-963819 -45391 103070 785460
103070 785460 -950228 -311126
-950228 -311126 82930 690498
82930 690498 -789664 236514
-789664 236514 599407 874289
599407 874289 -564722 877986
-564722 877986 823638 960332
823638 960332 -152676 -286483
-152676 -286483 588614 -63928
588614 -63928 324795 -642414
324795 -642414 725782 -438486
20
-666127 -310958 451182 -575397
451182 -575397 -55494 -466564
-55494 -466564 -599042 -944086
-599042 -944086 983433 657976
983433 657976 85984 137748
85984 137748 -825311 -395624
-825311 -395624 -601096 -245337
-601096 -245337 -303594 -48610
-303594 -48610 -416230 -219439
-416230 -219439 -276072 -123430
-276072 -123430 -282078 658518
-282078 658518 155484 550833
155484 550833 346251 -746145
346251 -746145 845483 -834452
845483 -834452 -139801 565120
-139801 565120 210061 -703622
210061 -703622 544226 -935087
544226 -935087 -140570 200525
-140570 200525 782725 -643686
782725 -643686 213339 986825
20
844406 456706 -80680 -457334
-80680 -457334 -934824 -758249
-934824 -758249 928953 -414412
928953 -414412 -247701 350254
-247701 350254 -449988 382327
-449988 382327 168733 -753395
168733 -753395 -194129 109366
-194129 109366 -929296 250860
-929296 250860 702313 885223
702313 885223 168048 979292
168048 979292 14152 882271
14152 882271 -436701 -423631
-436701 -423631 804466 603626
804466 603626 -504869 -20401
-504869 -20401 -532621 262323
-532621 262323 -454713 227805
-454713 227805 -832248 -198971
-832248 -198971 908784 303118
908784 303118 -763539 597311
-763539 597311 879360 158547
20
-551881 -112718 -765341 926086
-765341 926086 -718297 -329102
-718297 -329102 -210889 -432327
-210889 -432327 500642 -451826
500642 -451826 958331 920545
958331 920545 919007 -291198
919007 -291198 324834 190
324834 190 672893 -333918
672893 -333918 352460 790204
352460 790204 219942 -655727
219942 -655727 196921 -671558
196921 -671558 -547184 -472161
-547184 -472161 144975 614790
144975 614790 41587 -691278
41587 -691278 -518313 -795106
-518313 -795106 -879128 -112113
-879128 -112113 987525 3434
987525 3434 -888362 818727
-888362 818727 -129026 873684
-129026 873684 -792716 -442858
20
-316888 -769209 972354 -977967
972354 -977967 656223 -575408
656223 -575408 -579202 -191212
-579202 -191212 628676 712372
628676 712372 -357066 -208642
-357066 -208642 -568939 -228252
-568939 -228252 -807238 451
-807238 451 432621 -551310
432621 -551310 458317 196763
458317 196763 -117395 972379
-117395 972379 -452096 981211
-452096 981211 -867825 356898
-867825 356898 52353 -376181
52353 -376181 76460 -742462
76460 -742462 811381 -46274
811381 -46274 -79128 309041
-79128 309041 -908521 -840228
-908521 -840228 618597 499365
618597 499365 760596 -646908
760596 -646908 3705 -858965
20
-600011 442984 915727 -90681
915727 -90681 476951 332788
476951 332788 -449894 955020
-449894 955020 230400 -165063
230400 -165063 251090 -499170
251090 -499170 -634685 -999551
-634685 -999551 164786 -606554
164786 -606554 764949 12089
764949 12089 863210 942468
863210 942468 -337797 298725
-337797 298725 584709 380399
584709 380399 411297 -745728
411297 -745728 -918495 -647607
-918495 -647607 157844 -870757
157844 -870757 -448990 166358
-448990 166358 544852 87273
544852 87273 -115069 699440
-115069 699440 10016 -433650
10016 -433650 482253 756098
482253 756098 432936 440274
20
-761322 357344 895870 -854104
895870 -854104 643488 859241
643488 859241 -928805 626280
-928805 626280 586890 -378197
586890 -378197 -84372 -660987
-84372 -660987 -924496 61661
-924496 61661 976146 -270035
976146 -270035 355236 -105491
355236 -105491 27390 -872122
27390 -872122 230790 -884220
230790 -884220 319058 -619388
319058 -619388 -666006 634913
-666006 634913 268882 -850364
268882 -850364 -822975 890507
-822975 890507 -684505 -918957
-684505 -918957 -43187 511282
-43187 511282 692286 216353
692286 216353 733725 376756
733725 376756 -753897 -391536
-753897 -391536 838651 407255
20
812196 -737976 604496 -268677
604496 -268677 -874028 -892066
-874028 -892066 975916 943791
975916 943791 573803 555245
573803 555245 -261218 -214835
-261218 -214835 485935 283467
485935 283467 -870454 -902012
-870454 -902012 -170366 282331
-170366 282331 99166 126006
99166 126006 -290979 344220
-290979 344220 -60465 611343
-60465 611343 -910656 -282697
-910656 -282697 958464 -616506
958464 -616506 779880 981377
779880 981377 -295287 916455
-295287 916455 730368 -391187
730368 -391187 669410 -820618
669410 -820618 169886 848096
169886 848096 -327598 -157338
-327598 -157338 -355347 -833045
20
-552547 -855625 70695 -325071
70695 -325071 2170 -476159
2170 -476159 -293680 340041
-293680 340041 -54679 107587
-54679 107587 -1826 -833923
-1826 -833923 858683 158709
858683 158709 -488578 279576
-488578 279576 -263877 -475854
-263877 -475854 23460 894860
23460 894860 -872149 -550366
-872149 -550366 -120543 -970381
-120543 -970381 -168213 481670
-168213 481670 837946 -338851
837946 -338851 698267 859029
698267 859029 244987 153001
244987 153001 -34489 111799
-34489 111799 160629 -39116
160629 -39116 -764792 -852737
-764792 -852737 -251525 -352205
-251525 -352205 508846 -949354
20
27416 80968 403833 67381
403833 67381 214259 841078
214259 841078 703574 -946089
703574 -946089 -146453 718962
-146453 718962 920661 -544619
920661 -544619 35589 388008
35589 388008 516464 -335415
516464 -335415 139085 -145606
139085 -145606 785979 329177
785979 329177 510144 -985610
510144 -985610 384721 45998
384721 45998 -893392 -932839
-893392 -932839 -812300 -932671
-812300 -932671 415186 -124927
415186 -124927 -543399 -960782
-543399 -960782 -246645 -93205
-246645 -93205 514371 -472270
514371 -472270 447363 851079
447363 851079 423701 -624637
423701 -624637 -125024 274341
20
-107975 -417054 126638 -119479
126638 -119479 -948519 -391589
-948519 -391589 -178666 278742
-178666 278742 387835 388353
387835 388353 137024 271310
137024 271310 950248 750067
950248 750067 242970 391767
242970 391767 510913 -849409
510913 -849409 -842235 -517771
-842235 -517771 196182 293859
196182 293859 -483503 -53956
-483503 -53956 -162684 357478
-162684 357478 734026 -484618
734026 -484618 380177 -384825
380177 -384825 204367 -562185
204367 -562185 -683696 506912
-683696 506912 -578137 -720093
-578137 -720093 -34268 68256
-34268 68256 150317 -618737
150317 -618737 695877 -69384
20
606492 -522170 867916 291220
867916 291220 -582815 419260
-582815 419260 92260 89804
92260 89804 23482 706282
23482 706282 903376 -192239
903376 -192239 -156725 239784
-156725 239784 -762932 -58452
-762932 -58452 -981734 261034
-981734 261034 -451264 111456
-451264 111456 -210069 492345
-210069 492345 564698 -12200
564698 -12200 -88899 -122771
-88899 -122771 -153734 702050
-153734 702050 -52962 875388
-52962 875388 357832 512886
357832 512886 -282056 103095
-282056 103095 683464 -682763
683464 -682763 382230 -802797
382230 -802797 -37685 131036
-37685 131036 531762 391100
20
405733 -899374 -40700 -234965
-40700 -234965 869557 -831959
869557 -831959 611656 204431
611656 204431 -999519 -469443
-999519 -469443 -378372 631590
-378372 631590 -34977 -184085
-34977 -184085 -533613 351999
-533613 351999 -588340 -702212
-588340 -702212 463101 526959
463101 526959 35889 324701
35889 324701 733057 -95439
733057 -95439 769869 -241200
769869 -241200 -800917 708449
-800917 708449 -450812 -946440
-450812 -946440 892975 625109
892975 625109 86645 122536
86645 122536 884130 -985758
884130 -985758 -709247 -117965
-709247 -117965 -630992 23241
-630992 23241 -499843 -142460
20
-278183 -363871 906518 546638
906518 546638 -967003 -769662
-967003 -769662 -97830 -753856
-97830 -753856 182140 -48677
182140 -48677 297809 182442
297809 182442 922130 760318
922130 760318 851366 -932338
851366 -932338 909197 339084
909197 339084 456607 509583
456607 509583 -26460 335221
-26460 335221 -458117 -670794
-458117 -670794 -547588 542525
-547588 542525 242821 -205374
242821 -205374 551681 678846
551681 678846 641917 434948
641917 434948 552447 745833
552447 745833 735098 91713
735098 91713 288710 870458
288710 870458 627192 -416289
627192 -416289 320866 -741299
20
790851 459532 -180582 -47363
-180582 -47363 -819640 -495230
-819640 -495230 -35956 146018
-35956 146018 -195628 880414
-195628 880414 869663 438736
869663 438736 -96570 -923704
-96570 -923704 -966028 -568809
-966028 -568809 799688 -373694
799688 -373694 -830498 796275
-830498 796275 -456403 655011
-456403 655011 -110657 201342
-110657 201342 -127743 446036
-127743 446036 513992 727175
513992 727175 -622962 -80867
-622962 -80867 -865445 185362
-865445 185362 351622 -228758
351622 -228758 843612 -335266
843612 -335266 -205304 396415
-205304 396415 969121 -378013
969121 -378013 681545 625265
20
81838 -5969 -903530 145869
-903530 145869 101813 368342
101813 368342 680669 689969
680669 689969 969617 -508270
969617 -508270 798378 802872
798378 802872 -665035 509417
-665035 509417 20275 -955088
20275 -955088 -862150 -140094
-862150 -140094 -395944 135382
-395944 135382 -876597 -488072
-876597 -488072 -546273 534737
-546273 534737 -529551 547731
-529551 547731 633457 647556
633457 647556 -62661 -504818
-62661 -504818 -789667 -671507
-789667 -671507 -944701 -489830
-944701 -489830 784093 71382
784093 71382 489879 545838
489879 545838 -485447 800148
-485447 800148 2380 547849
20
-406234 672242 -203835 -20586
-203835 -20586 -997351 693997
-997351 693997 687334 846256
687334 846256 863678 151873
863678 151873 -272848 -779568
-272848 -779568 -849726 202786
-849726 202786 -73618 765692
-73618 765692 -840330 -611729
-840330 -611729 -489282 -612645
-489282 -612645 -319943 469594
-319943 469594 902287 -49585
902287 -49585 -876800 850544
-876800 850544 -598992 -197380
-598992 -197380 307313 385810
307313 385810 -135399 -905163
-135399 -905163 929601 888436
929601 888436 80479 734521
80479 734521 -171984 731256
-171984 731256 567412 -730068
567412 -730068 134126 22608
20
130106 -192498 -612846 -699828
-612846 -699828 292620 310262
292620 310262 -239592 -142823
-239592 -142823 515976 -472001
515976 -472001 788533 330486
788533 330486 962276 743989
962276 743989 541778 617761
541778 617761 181007 115640
181007 115640 -536012 -38172
-536012 -38172 -948943 -77695
-948943 -77695 -994060 468195
-994060 468195 796180 414370
796180 414370 776194 -843605
776194 -843605 -578907 -990958
-578907 -990958 356397 -553048
356397 -553048 411413 -10142
411413 -10142 509434 -756452
509434 -756452 91046 951286
91046 951286 211523 -682910
211523 -682910 -940913 954486
20
-372689 -910102 -294338 -344065
-294338 -344065 759503 162669
759503 162669 -834886 -28410
-834886 -28410 183330 678991
183330 678991 615544 519351
615544 519351 316347 369086
316347 369086 -461961 -425311
-461961 -425311 359281 -638139
359281 -638139 760158 -784558
760158 -784558 -604056 -929814
-604056 -929814 -242745 688462
-242745 688462 -467125 -75306
-467125 -75306 611952 791413
611952 791413 495137 -519949
495137 -519949 -114766 -482522
-114766 -482522 -871393 -653533
-871393 -653533 -415580 121456
-415580 121456 600427 588703
600427 588703 -484519 -637190
-484519 -637190 -655810 824624
20
907087 457962 -579879 -805463
-579879 -805463 -96921 10796
-96921 10796 11892 986998
11892 986998 265774 864561
265774 864561 455506 -168334
455506 -168334 682340 -740612
682340 -740612 422081 3688
422081 3688 -264656 -245006
-264656 -245006 -687339 -599787
-687339 -599787 -805799 -880939
-805799 -880939 993260 146443
993260 146443 -452470 -506268
-452470 -506268 201572 788167
201572 788167 905530 -470440
905530 -470440 -679518 -547873
-679518 -547873 -379481 790578
-379481 790578 -608389 727394
-608389 727394 31715 624093
31715 624093 943321 -291576
943321 -291576 -763208 -136943
20
63618 -855652 278767 -746997
278767 -746997 -193867 351139
-193867 351139 -767732 -648696
-767732 -648696 -190623 -570638
-190623 -570638 -464528 -136377
-464528 -136377 445841 -187656
445841 -187656 -165740 460395
-165740 460395 -517938 -646213
-517938 -646213 -246766 478685
-246766 478685 -797238 926027
-797238 926027 142429 500610
142429 500610 -17342 -830521
-17342 -830521 609245 -990327
609245 -990327 -423173 -343585
-423173 -343585 453392 -269881
453392 -269881 758041 -862888
758041 -862888 -239040 -935589
-239040 -935589 -377627 -325776
-377627 -325776 363296 -15127
363296 -15127 855288 408535
20
-580304 336221 694523 539711
694523 539711 556553 -298184
556553 -298184 725029 297427
725029 297427 401074 576015
401074 576015 -17554 -927696
-17554 -927696 -801873 925597
-801873 925597 -767613 -635828
-767613 -635828 -769883 12427
-769883 12427 -585476 -740951
-585476 -740951 242629 684592
242629 684592 123168 -976939
123168 -976939 107267 125114
107267 125114 -298273 -404227
-298273 -404227 -368942 -762268
-368942 -762268 803420 120397
803420 120397 -25014 63845
-25014 63845 -560784 -945031
-560784 -945031 322272 -797900
322272 -797900 491296 -949559
491296 -949559 -456602 316446
20
819872 -331360 502591 -617117
502591 -617117 -879307 -541996
-879307 -541996 324583 -848317
324583 -848317 -19831 807200
-19831 807200 -459703 765040
-459703 765040 -809418 -309025
-809418 -309025 -450794 -532632
-450794 -532632 702053 -143159
702053 -143159 -425439 498220
-425439 498220 697330 287396
697330 287396 -989507 30582
-989507 30582 -853240 -323565
-853240 -323565 826563 -429459
826563 -429459 76108 -785617
76108 -785617 -274590 -787778
-274590 -787778 -522990 -568372
-522990 -568372 575484 361979
575484 361979 922946 198146
922946 198146 310780 131606
310780 131606 522676 -100741
20
878552 -892412 124030 986082
124030 986082 246408 434522
246408 434522 378796 -712639
378796 -712639 745021 -338816
745021 -338816 -227919 -416808
-227919 -416808 890072 137395
890072 137395 620481 -584197
620481 -584197 -803421 440798
-803421 440798 640025 -828338
640025 -828338 -863962 38501
-863962 38501 616737 -253973
616737 -253973 510226 925425
510226 925425 -770792 -352441
-770792 -352441 917083 -260887
917083 -260887 -848390 -971071
-848390 -971071 253152 560961
253152 560961 -343763 -662193
-343763 -662193 -198707 33526
-198707 33526 -253083 -78002
-253083 -78002 192323 -499980
20
460836 -702953 -754039 98216
-754039 98216 295318 -773430
295318 -773430 -609894 82965
-609894 82965 78076 -557047
78076 -557047 -511480 -131849
-511480 -131849 -561189 -678389
-561189 -678389 -133107 959769
-133107 959769 -361291 96975
-361291 96975 656691 -991266
656691 -991266 254630 165553
254630 165553 -388519 662111
-388519 662111 -865370 -516158
-865370 -516158 88989 -766421
88989 -766421 -612627 -990127
-612627 -990127 898033 -195882
898033 -195882 -989434 266564
-989434 266564 147566 38391
147566 38391 -577975 -789556
-577975 -789556 424852 716898
424852 716898 -800210 591021
20
832266 37422 2035 -438843
2035 -438843 562131 -864266
562131 -864266 835137 -780317
835137 -780317 -844724 -803450
-844724 -803450 449217 -426477
449217 -426477 -27868 487446
-27868 487446 -707067 -6098
-707067 -6098 788377 876102
788377 876102 215399 -779612
215399 -779612 -889667 299436
-889667 299436 -194749 320775
-194749 320775 938731 189245
938731 189245 -879820 173922
-879820 173922 620348 649664
620348 649664 849518 915694
849518 915694 -149131 418411
-149131 418411 858402 737347
858402 737347 -331907 -764421
-331907 -764421 -913118 -423681
-913118 -423681 954646 -349143
20
-824296 -816091 231573 393257
231573 393257 -812433 526587
-812433 526587 938496 514196
938496 514196 136005 129967
136005 129967 924285 754430
924285 754430 -362697 815506
-362697 815506 -216499 -245973
-216499 -245973 506945 347639
506945 347639 -587308 970910
-587308 970910 -449170 -941039
-449170 -941039 54165 777947
54165 777947 685064 67146
685064 67146 99273 -91371
99273 -91371 -777541 859718
-777541 859718 750733 638704
750733 638704 928078 162470
928078 162470 471261 223650
471261 223650 673004 -596495
673004 -596495 916509 728092
916509 728092 410895 639564
20
953220 574204 999011 811060
999011 811060 -874182 833931
-874182 833931 -50825 282495
-50825 282495 207313 130589
207313 130589 969760 -883074
969760 -883074 113563 56750
113563 56750 715423 -37402
715423 -37402 444379 218897
444379 218897 -373148 846195
-373148 846195 -28718 232213
-28718 232213 130545 -893264
130545 -893264 -30087 128980
-30087 128980 391671 585349
391671 585349 616072 -369113
616072 -369113 -25816 -590316
-25816 -590316 747412 -417606
747412 -417606 774866 -227726
774866 -227726 -445807 -951626
-445807 -951626 -18994 254038
-18994 254038 929991 248594
20
-671771 609760 -247932 125390
-247932 125390 -133334 -234907
-133334 -234907 -822424 66563
-822424 66563 311630 -47844
311630 -47844 -438194 133436
-438194 133436 -49984 468269
-49984 468269 971673 -948778
971673 -948778 26610 -418646
26610 -418646 787288 201191
787288 201191 -806363 731397
-806363 731397 -789261 -509293
-789261 -509293 578258 559832
578258 559832 906263 449173
906263 449173 -19224 674890
-19224 674890 -751735 -419568
-751735 -419568 -763766 529405
-763766 529405 -748220 -61723
-748220 -61723 134932 -79418
134932 -79418 625945 129690
625945 129690 -112216 -713090
20
887424 402652 927809 852576
927809 852576 455684 -711741
455684 -711741 651165 551972
651165 551972 558773 116450
558773 116450 -311806 -616983
-311806 -616983 178947 -604867
178947 -604867 -139058 -78753
-139058 -78753 334456 -187114
334456 -187114 -248501 635535
-248501 635535 -787126 -847208
-787126 -847208 -214597 -930916
-214597 -930916 971097 -498150
971097 -498150 -537100 595537
-537100 595537 -466092 -455514
-466092 -455514 480448 -544288
480448 -544288 539522 -626406
539522 -626406 785262 -501135
785262 -501135 -9055 -343826
-9055 -343826 118176 -66073
118176 -66073 671178 -593431
20
217783 -471581 458565 419282
458565 419282 910918 -525935
910918 -525935 767578 -836458
767578 -836458 -699613 -333527
-699613 -333527 -808667 677065
-808667 677065 -601055 -576048
-601055 -576048 -569433 -775365
-569433 -775365 644015 174190
644015 174190 -679388 113460
-679388 113460 -47695 926597
-47695 926597 918441 -333476
918441 -333476 147338 -578601
147338 -578601 -252377 867162
-252377 867162 780028 -823698
780028 -823698 194372 451352
194372 451352 804989 -989335
804989 -989335 -952492 898167
-952492 898167 -877901 29014
-877901 29014 703642 404282
703642 404282 -406788 945258
20
349208 781941 221436 423823
221436 423823 -222637 886694
-222637 886694 -166474 -993997
-166474 -993997 369716 -706872
369716 -706872 -394905 999984
-394905 999984 -167208 293967
-167208 293967 -301047 946710
-301047 946710 936600 976802
936600 976802 786063 -759177
786063 -759177 122621 394989
122621 394989 -840508 627091
-840508 627091 -486180 -122345
-486180 -122345 -608769 391945
-608769 391945 -563987 -537295
-563987 -537295 -680937 -558166
-680937 -558166 831511 -472108
831511 -472108 -75051 625608
-75051 625608 -223699 -773148
-223699 -773148 -150478 -924767
-150478 -924767 -643776 139207
20
785843 199258 199895 541705
199895 541705 296045 -284713
296045 -284713 398822 138952
398822 138952 -856755 -364688
-856755 -364688 -205750 -598173
-205750 -598173 150860 -62764
150860 -62764 265889 -943999
265889 -943999 420192 -500131
420192 -500131 -335489 -286735
-335489 -286735 -254152 -386413
-254152 -386413 -603945 677384
-603945 677384 58101 582803
58101 582803 286070 576854
286070 576854 -923881 -126943
-923881 -126943 -90951 -424399
-90951 -424399 -62132 -72400
-62132 -72400 -821626 -689916
-821626 -689916 -665331 -761150
-665331 -761150 151049 -232612
151049 -232612 -754214 147026
20
678250 629877 -614657 717214
-614657 717214 655400 -41379
655400 -41379 -603496 -544136
-603496 -544136 825759 870884
825759 870884 61204 691636
61204 691636 -443653 -23628
-443653 -23628 34768 -456109
34768 -456109 -638267 869481
-638267 869481 184968 831993
184968 831993 -78155 364761
-78155 364761 -712850 -549323
-712850 -549323 -919390 -829911
-919390 -829911 746944 -549877
746944 -549877 -206656 92543
-206656 92543 -295995 -762500
-295995 -762500 -182806 341067
-182806 341067 -513168 345961
-513168 345961 991808 -55087
991808 -55087 607464 -112035
607464 -112035 475698 -795135
20
850306 -973596 -10359 -628755
-10359 -628755 578185 643456
578185 643456 170091 -899317
170091 -899317 270105 356091
270105 356091 -732391 21908
-732391 21908 -267410 542715
-267410 542715 921291 -199992
921291 -199992 -467820 -646147
-467820 -646147 504432 950391
504432 950391 -200894 961674
-200894 961674 520764 959285
520764 959285 110525 987238
110525 987238 185609 573233
185609 573233 -2823 -762389
-2823 -762389 555073 940631
555073 940631 -699170 -314831
-699170 -314831 226091 -898498
226091 -898498 28440 148172
28440 148172 988566 -486584
988566 -486584 400998 890016
20
-665546 -516439 -873152 -257610
-873152 -257610 294852 -668075
294852 -668075 352049 677492
352049 677492 732615 -310827
732615 -310827 174042 -493690
174042 -493690 291966 333893
291966 333893 -761044 852861
-761044 852861 499565 -429469
499565 -429469 95809 519294
95809 519294 451732 620127
451732 620127 487170 -592196
487170 -592196 -483369 784667
-483369 784667 196559 416766
196559 416766 169677 918121
169677 918121 -101044 713705
-101044 713705 -602190 64020
-602190 64020 -650925 -120500
-650925 -120500 842394 25814
842394 25814 -720986 -520070
-720986 -520070 864265 -930942
20
218164 -411785 -764965 -465797
-764965 -465797 -668201 749328
-668201 749328 -414617 -914681
-414617 -914681 -953897 194570
-953897 194570 -154794 799715
-154794 799715 593354 597309
593354 597309 790135 -836188
790135 -836188 968602 476028
968602 476028 -438466 802196
-438466 802196 -278520 840105
-278520 840105 511862 -305605
511862 -305605 -260296 461914
-260296 461914 133964 -200520
133964 -200520 -533765 -970843
-533765 -970843 863404 975464
863404 975464 605961 -764127
605961 -764127 -42879 -387067
-42879 -387067 -274327 697097
-274327 697097 -321690 -690576
-321690 -690576 249755 -3754
20
-141156 -39941 332906 11744
332906 11744 256222 -645296
256222 -645296 602896 780803
602896 780803 -761536 -744564
-761536 -744564 472539 -229746
472539 -229746 781447 132265
781447 132265 -964392 -698486
-964392 -698486 555729 76333
555729 76333 -106062 -604106
-106062 -604106 -902680 -538099
-902680 -538099 -327472 -333073
-327472 -333073 808882 -335897
808882 -335897 -696881 -855762
-696881 -855762 -776317 629202
-776317 629202 691920 -42464
691920 -42464 -321539 -423613
-321539 -423613 661387 -134587
661387 -134587 304921 952836
304921 952836 -99804 -953927
-99804 -953927 -57272 699723
20
360636 538549 -448663 -188802
-448663 -188802 -86157 -601374
-86157 -601374 961692 -621954
961692 -621954 808111 906290
808111 906290 -133240 -931197
-133240 -931197 238612 126825
238612 126825 -817731 207335
-817731 207335 727854 -570639
727854 -570639 845137 -980643
845137 -980643 -404403 -367350
-404403 -367350 910179 213195
910179 213195 -615549 735563
-615549 735563 441249 -675518
441249 -675518 -986490 -65957
-986490 -65957 -954847 -228648
-954847 -228648 -816699 -102632
-816699 -102632 -583237 -565828
-583237 -565828 415727 -874164
415727 -874164 -136763 -397565
-136763 -397565 -531948 -393857
20
784699 -206777 992021 850360
992021 850360 -145693 173802
-145693 173802 404772 -384938
404772 -384938 -573813 544054
-573813 544054 -348823 788688
-348823 788688 823862 -611586
823862 -611586 365947 -515538
365947 -515538 -40511 767429
-40511 767429 -655711 108428
-655711 108428 -104229 -463739
-104229 -463739 -921777 898467
-921777 898467 -97059 240440
-97059 240440 -583975 783521
-583975 783521 189389 -145482
189389 -145482 -515663 76769
-515663 76769 -608886 835651
-608886 835651 -591780 93651
-591780 93651 -141873 -854941
-141873 -854941 10428 -727367
10428 -727367 -723154 829827
20
6622 207298 -644484 -645960
-644484 -645960 931291 689424
931291 689424 -504574 -993129
-504574 -993129 -551644 405853
-551644 405853 -235677 -572148
-235677 -572148 846562 -629080
846562 -629080 394235 -512942
394235 -512942 -895419 564121
-895419 564121 -95703 70247
-95703 70247 -805961 -509485
-805961 -509485 -307431 766094
-307431 766094 -982657 400683
-982657 400683 336464 490379
336464 490379 -732688 161800
-732688 161800 -305039 106900
-305039 106900 186288 878221
186288 878221 -209399 553259
-209399 553259 -786263 -867446
-786263 -867446 -787037 -278524
-787037 -278524 -322454 82463
20
-759460 -123079 694698 -709113
694698 -709113 899491 -795267
899491 -795267 -179339 -627597
-179339 -627597 -6147 -205632
-6147 -205632 -606219 752803
-606219 752803 624381 326855
624381 326855 201905 870825
201905 870825 -549572 -642655
-549572 -642655 275816 -863670
275816 -863670 -156789 -852348
-156789 -852348 758732 -872671
758732 -872671 -113086 503672
-113086 503672 928630 -710761
928630 -710761 368067 -102708
368067 -102708 -53605 270056
-53605 270056 -309779 -142509
-309779 -142509 -982187 483276
-982187 483276 5186 -167528
5186 -167528 -645115 -319652
-645115 -319652 -938739 -791381
20
373 512059 94661 -805640
94661 -805640 -673828 540916
-673828 540916 -980595 634741
-980595 634741 316875 -769554
316875 -769554 -534007 142047
-534007 142047 456938 722824
456938 722824 -656806 884161
-656806 884161 41050 692266
41050 692266 245485 -485859
245485 -485859 44185 -758312
44185 -758312 691731 815341
691731 815341 426935 98708
426935 98708 -694390 -256982
-694390 -256982 712925 -279910
712925 -279910 -9598 -729679
-9598 -729679 -802474 -691351
-802474 -691351 708283 -259598
708283 -259598 895885 -444192
895885 -444192 -523275 380007
-523275 380007 -743888 364842
20
917853 -6498 -294462 283657
-294462 283657 47867 -554097
47867 -554097 -728287 467194
-728287 467194 14621 707379
14621 707379 96064 304856
96064 304856 426584 450816
426584 450816 768507 446662
768507 446662 119430 -617310
119430 -617310 -895118 912578
-895118 912578 210651 337456
210651 337456 -431407 99875
-431407 99875 -915365 -488065
-915365 -488065 571668 789857
571668 789857 163692 -72018
163692 -72018 469440 647460
469440 647460 -414797 -491211
-414797 -491211 347412 471094
347412 471094 -887585 598271
-887585 598271 597590 11643
597590 11643 129742 -104065
20
624573 531221 -705004 -587177
-705004 -587177 947181 -167798
947181 -167798 -520564 65503
-520564 65503 -387288 -318270
-387288 -318270 527161 233643
527161 233643 887592 720921
887592 720921 -461453 -160943
-461453 -160943 606563 311070
606563 311070 -15404 -231265
-15404 -231265 -180693 650850
-180693 650850 965248 480042
965248 480042 -547628 646585
-547628 646585 963222 -716993
963222 -716993 -334027 -414676
-334027 -414676 261820 -672782
261820 -672782 -137433 610843
-137433 610843 -248913 -311460
-248913 -311460 -159500 998019
-159500 998019 -143515 361978
-143515 361978 51739 365090
20
-689379 178153 875885 -960594
875885 -960594 770754 823329
770754 823329 -363781 24094
-363781 24094 -428756 -108439
-428756 -108439 596618 -874346
596618 -874346 -727684 -913572
-727684 -913572 -767731 229481
-767731 229481 -394917 -670924
-394917 -670924 -133656 -846219
-133656 -846219 -855307 316786
-855307 316786 -796534 402344
-796534 402344 -262703 198281
-262703 198281 -591392 -447168
-591392 -447168 577424 680297
577424 680297 239656 -967136
239656 -967136 316623 537641
316623 537641 -912458 -186657
-912458 -186657 -951566 -560114
-951566 -560114 -757251 -271441
-757251 -271441 -557496 -532932
20
-771880 767710 459249 71390
459249 71390 816779 869184
816779 869184 170264 79667
170264 79667 -447325 -581055
-447325 -581055 -960571 422504
-960571 422504 -442278 -388039
-442278 -388039 -302995 -922655
-302995 -922655 -508528 -829229
-508528 -829229 895919 -419234
895919 -419234 724968 507189
724968 507189 376184 -341245
376184 -341245 921060 -808328
921060 -808328 315923 36428
315923 36428 826574 -579252
826574 -579252 -561588 216140
-561588 216140 98483 269532
98483 269532 878782 546408
878782 546408 -210414 -852543
-210414 -852543 438859 861860
438859 861860 169780 -273556
20
-619759 -995183 -946107 369692
-946107 369692 -603594 -96016
-603594 -96016 639578 -192201
639578 -192201 572552 326978
572552 326978 -840507 -166618
-840507 -166618 484166 645908
484166 645908 953293 -996358
953293 -996358 -917123 -449777
-917123 -449777 -2997 -357951
-2997 -357951 730096 974754
730096 974754 684830 172020
684830 172020 -289509 234328
-289509 234328 129456 752482
129456 752482 -606600 245276
-606600 245276 191163 760270
191163 760270 250676 94713
250676 94713 -192226 -33561
-192226 -33561 -88748 -743788
-88748 -743788 -832042 -577023
-832042 -577023 314380 753994
20
-835496 373479 -41807 -732293
-41807 -732293 209459 729486
209459 729486 611792 858833
611792 858833 -654197 51603
-654197 51603 933257 -63541
933257 -63541 388000 693436
388000 693436 763939 420038
763939 420038 -749701 417860
-749701 417860 523708 794979
523708 794979 -989983 -931643
-989983 -931643 -387629 902910
-387629 902910 526625 -259021
526625 -259021 -285403 -353369
-285403 -353369 -537058 20947
-537058 20947 479021 870294
479021 870294 -461952 -488822
-461952 -488822 722198 32423
722198 32423 -96521 169263
-96521 169263 -521889 577601
-521889 577601 211234 -385408
20
893788 -422597 872016 -188127
872016 -188127 -184514 283900
-184514 283900 250865 -30796
250865 -30796 -469463 -803801
-469463 -803801 999015 278474
999015 278474 627855 -2197
627855 -2197 -649018 341851
-649018 341851 882830 60655
882830 60655 777951 -323404
777951 -323404 -253345 901486
-253345 901486 -977914 765558
-977914 765558 775314 678742
775314 678742 729409 569923
729409 569923 -184730 -665469
-184730 -665469 712563 451645
712563 451645 -628038 207619
-628038 207619 487534 -62355
487534 -62355 -819169 45272
-819169 45272 296367 -698996
296367 -698996 -83936 -185480
20
101417 416176 815447 518398
815447 518398 -206741 -433776
-206741 -433776 733730 -566158
733730 -566158 968160 -913890
968160 -913890 346252 522330
346252 522330 858720 -15678
858720 -15678 883698 -169666
883698 -169666 431519 -936569
431519 -936569 -836564 -919026
-836564 -919026 -213608 784764
-213608 784764 -376874 -859526
-376874 -859526 782452 473016
782452 473016 909347 37077
909347 37077 -414156 -871388
-414156 -871388 401460 154706
401460 154706 816188 -496168
816188 -496168 -258384 -552539
-258384 -552539 932170 598041
932170 598041 -855951 432790
-855951 432790 572118 806201
20
-151076 645407 747528 -924251
747528 -924251 -852805 859650
-852805 859650 -221119 -600447
-221119 -600447 -333138 -866618
-333138 -866618 465066 172855
465066 172855 -153893 564178
-153893 564178 974021 285914
974021 285914 94210 -771332
94210 -771332 -108694 203197
-108694 203197 -392141 -332188
-392141 -332188 -262053 -832471
-262053 -832471 -551967 -659669
-551967 -659669 -978311 778176
-978311 778176 -90583 120376
-90583 120376 -563905 228645
-563905 228645 326861 833251
326861 833251 -879286 493969
-879286 493969 444319 752966
444319 752966 432061 -492571
432061 -492571 -913969 971482
20
482389 444825 -166196 -676546
-166196 -676546 -300907 -180462
-300907 -180462 304340 146046
304340 146046 899071 -373548
899071 -373548 -573744 113336
-573744 113336 -921345 442139
-921345 442139 221634 376858
221634 376858 778628 642545
778628 642545 50195 756153
50195 756153 762165 -932737
762165 -932737 780406 385445
780406 385445 -997056 683515
-997056 683515 376031 -690001
376031 -690001 -45788 278390
-45788 278390 480571 -771183
480571 -771183 -929994 792656
-929994 792656 -928615 998599
-928615 998599 -949711 477005
-949711 477005 521275 -155307
521275 -155307 -743404 -480468
20
-161337 742696 80132 906810
80132 906810 -419931 366739
-419931 366739 356388 882838
356388 882838 959947 920335
959947 920335 -537066 892460
-537066 892460 426448 136253
426448 136253 201049 157234
201049 157234 237327 850795
237327 850795 217931 481927
217931 481927 -768315 427074
-768315 427074 -768404 360775
-768404 360775 81170 19506
81170 19506 -1431 810683
-1431 810683 -949255 280356
-949255 280356 441887 170281
441887 170281 28518 807170
28518 807170 223407 -138420
223407 -138420 559163 480039
559163 480039 676598 -757481
676598 -757481 364349 -985793
20
268632 898437 -828581 869124
-828581 869124 68071 377195
68071 377195 -231148 -919512
-231148 -919512 -931421 -772399
-931421 -772399 906533 204879
906533 204879 -394029 -356642
-394029 -356642 -682501 -665184
-682501 -665184 -190258 -315351
-190258 -315351 157905 97221
157905 97221 255710 -715006
255710 -715006 908191 582331
908191 582331 91610 -459989
91610 -459989 -718185 477757
-718185 477757 -412246 -931105
-412246 -931105 -318253 509305
-318253 509305 -606680 873059
-606680 873059 -584208 -732626
-584208 -732626 -723312 -921357
-723312 -921357 -532476 164403
-532476 164403 136254 -431405
20
510569 747836 212142 691140
212142 691140 428125 381903
428125 381903 -100761 252093
-100761 252093 760600 848602
760600 848602 -994070 932744
-994070 932744 953053 336916
953053 336916 683021 853960
683021 853960 -866190 -791033
-866190 -791033 787350 511642
787350 511642 346264 748734
346264 748734 -74864 918623
-74864 918623 -337025 2114
-337025 2114 626617 -397799
626617 -397799 429221 779312
429221 779312 -527112 -697190
-527112 -697190 -749616 824814
-749616 824814 563604 361520
563604 361520 -202848 876907
-202848 876907 -402708 -477247
-402708 -477247 -229876 -590866
20
-14485 811661 -224462 -445265
-224462 -445265 -797654 -847208
-797654 -847208 -993539 -713640
-993539 -713640 498028 834126
498028 834126 -96092 -653082
-96092 -653082 352715 635318
352715 635318 -615015 -628125
-615015 -628125 -363810 -919177
-363810 -919177 -919290 589192
-919290 589192 539271 -789112
539271 -789112 -449091 -261811
-449091 -261811 -921338 754471
-921338 754471 996842 -160066
996842 -160066 -513599 425811
-513599 425811 289235 -635275
289235 -635275 -494238 769885
-494238 769885 532882 746621
532882 746621 832980 -762241
832980 -762241 243261 762905
243261 762905 -663549 383530
20
886970 -262340 169983 -122489
169983 -122489 -172257 -389701
-172257 -389701 783845 -74620
783845 -74620 310774 -239558
310774 -239558 346036 708538
346036 708538 -686746 -532647
-686746 -532647 965979 -531347
965979 -531347 329263 -491308
329263 -491308 274855 -910473
274855 -910473 -501574 462702
-501574 462702 -439847 678145
-439847 678145 -94290 -385102
-94290 -385102 460123 -223298
460123 -223298 588394 393109
588394 393109 -759553 -999403
-759553 -999403 718445 264959
718445 264959 -691879 -123812
-691879 -123812 -275954 287354
-275954 287354 176231 -833950
176231 -833950 -266830 -46122
20
963705 -497229 -351234 486861
-351234 486861 -93340 -188351
-93340 -188351 -805647 976187
-805647 976187 775572 140215
775572 140215 -6333 823028
-6333 823028 -213719 -564808
-213719 -564808 79064 -955136
79064 -955136 926607 -327832
926607 -327832 698484 -696188
698484 -696188 -604625 -701519
-604625 -701519 -183905 -750970
-183905 -750970 409036 -954442
409036 -954442 176022 -919562
176022 -919562 597875 -219205
597875 -219205 -641425 -625746
-641425 -625746 792448 -700085
792448 -700085 -494799 122681
-494799 122681 151724 181130
151724 181130 -311985 42203
-311985 42203 -192476 653819
20
601525 -760363 -780880 166930
-780880 166930 246785 361734
246785 361734 994060 -770587
994060 -770587 917058 429968
917058 429968 -612879 -838505
-612879 -838505 -862100 -952299
-862100 -952299 -751599 886708
-751599 886708 -456348 23574
-456348 23574 -60692 -872748
-60692 -872748 912608 641787
912608 641787 -175872 -898114
-175872 -898114 -139797 -22945
-139797 -22945 772145 -3331
772145 -3331 876611 -529421
876611 -529421 -458432 619433
-458432 619433 -245019 -672359
-245019 -672359 -222993 489034
-222993 489034 346960 295471
346960 295471 -721332 -905161
-721332 -905161 939915 844642
20
-522991 -177779 944639 817740
944639 817740 -523314 -948087
-523314 -948087 322262 -67323
322262 -67323 611785 -907467
611785 -907467 402493 -366926
402493 -366926 730527 561011
730527 561011 843422 -971497
843422 -971497 188720 425746
188720 425746 -319291 278212
-319291 278212 -754897 90942
-754897 90942 -552681 -329642
-552681 -329642 -847105 639395
-847105 639395 374271 -630938
374271 -630938 817285 469836
817285 469836 -559414 547643
-559414 547643 -856761 640476
-856761 640476 -627768 613271
-627768 613271 -951813 104924
-951813 104924 68623 337525
68623 337525 597902 -766770
20
-193441 -831402 -342797 472504
-342797 472504 -961760 29494
-961760 29494 -492231 697408
-492231 697408 899068 -111938
899068 -111938 6337 376000
6337 376000 -704062 218125
-704062 218125 823875 863074
823875 863074 713691 -543048
713691 -543048 115833 -781301
115833 -781301 450466 160384
450466 160384 -130998 -601541
-130998 -601541 -575726 586764
-575726 586764 -890349 972563
-890349 972563 38317 899690
38317 899690 -197211 -531976
-197211 -531976 696966 123232
696966 123232 373058 500130
373058 500130 -359481 -418198
-359481 -418198 687770 850440
687770 850440 400101 -300856
20
2147 -722706 835268 -799243
835268 -799243 -185574 872890
-185574 872890 -17864 -143095
-17864 -143095 621438 -770777
621438 -770777 -360729 -691646
-360729 -691646 445190 175815
445190 175815 460001 -139511
460001 -139511 12583 -879665
12583 -879665 -656241 279710
-656241 279710 -706306 -3846
-706306 -3846 631621 -536843
631621 -536843 -70723 318462
-70723 318462 -563821 -957222
-563821 -957222 -298221 -11729
-298221 -11729 -266960 974409
-266960 974409 -20768 60928
-20768 60928 291054 56006
291054 56006 216202 -798162
216202 -798162 -790171 465206
-790171 465206 582986 -725550
20
473344 -120539 -972877 144639
-972877 144639 -932480 72087
-932480 72087 674740 826889
674740 826889 -472371 -784196
-472371 -784196 958138 -609036
958138 -609036 173439 -265240
173439 -265240 936390 928575
936390 928575 272476 -443504
272476 -443504 580579 -756190
580579 -756190 280482 691320
280482 691320 -921246 272081
-921246 272081 953500 -24454
953500 -24454 -127059 -339535
-127059 -339535 -25097 -658911
-25097 -658911 -160468 321770
-160468 321770 696715 -918701
696715 -918701 -733573 -384585
-733573 -384585 -884227 -687200
-884227 -687200 -153641 954231
-153641 954231 127436 -649875
20
-702219 466751 621034 920622
621034 920622 951111 -154750
951111 -154750 574795 141498
574795 141498 505653 -911712
505653 -911712 -84212 877845
-84212 877845 -950391 125932
-950391 125932 -741143 -37091
-741143 -37091 402408 17647
402408 17647 580385 25530
580385 25530 527606 -154422
527606 -154422 -104382 -648633
-104382 -648633 944809 -794127
944809 -794127 881597 544215
881597 544215 703778 88280
703778 88280 578570 -412095
578570 -412095 -997929 -435012
-997929 -435012 -362929 121288
-362929 121288 -723758 -676411
-723758 -676411 -325977 -61151
-325977 -61151 -266168 -327305
20
-210591 93026 -761327 333322
-761327 333322 788307 -873150
788307 -873150 224354 -499223
224354 -499223 -138558 -352761
-138558 -352761 436608 55296
436608 55296 984854 -135451
984854 -135451 -371865 34686
-371865 34686 746898 388309
746898 388309 564589 100798
564589 100798 398020 -797262
398020 -797262 409727 480405
409727 480405 447578 -541751
447578 -541751 179022 -554161
179022 -554161 -364595 570382
-364595 570382 -698268 101503
-698268 101503 -804367 375157
-804367 375157 -543869 866470
-543869 866470 48849 807920
48849 807920 -1543 317460
-1543 317460 -849086 467256
20
-609985 -825516 429025 33612
429025 33612 -109791 -63914
-109791 -63914 953180 142595
953180 142595 981476 -398999
981476 -398999 -299553 -237071
-299553 -237071 374226 122149
374226 122149 -149998 -624852
-149998 -624852 5858 128439
5858 128439 -946556 -654268
-946556 -654268 16676 -939903
16676 -939903 266163 49500
266163 49500 700579 -13525
700579 -13525 -623821 -81001
-623821 -81001 -332922 918628
-332922 918628 47206 445320
47206 445320 934848 -150529
934848 -150529 -211503 -563639
-211503 -563639 -346120 -934693
-346120 -934693 -617762 -613469
-617762 -613469 -681374 514889
20
648757 -133846 693379 404317
693379 404317 -437628 373318
-437628 373318 -836282 269029
-836282 269029 847876 -26539
847876 -26539 855319 636505
855319 636505 53768 -392805
53768 -392805 -261839 83991
-261839 83991 -56530 226403
-56530 226403 285658 479839
285658 479839 965622 -806160
965622 -806160 430290 93875
430290 93875 63589 455310
63589 455310 63334 -462649
63334 -462649 -867457 -326238
-867457 -326238 37164 879000
37164 879000 -253491 785716
-253491 785716 662205 -313265
662205 -313265 -550048 -675190
-550048 -675190 462991 507272
462991 507272 450836 -427085
20
993746 -560486 35161 -512043
35161 -512043 -317653 -618686
-317653 -618686 -29301 -96224
-29301 -96224 -380611 559079
-380611 559079 246571 106052
246571 106052 964621 -146694
964621 -146694 -333802 848495
-333802 848495 810638 164692
810638 164692 -993352 -516082
-993352 -516082 637210 -250184
637210 -250184 420045 612141
420045 612141 -269914 140092
-269914 140092 513046 587294
513046 587294 720877 823665
720877 823665 -813780 954013
-813780 954013 944354 952283
944354 952283 -763522 831437
-763522 831437 789885 -788607
789885 -788607 839711 -313544
839711 -313544 -868631 -622714
20
-473236 -435468 -649627 776830
-649627 776830 -8565 -751755
-8565 -751755 -132117 -805247
-132117 -805247 -212909 998453
-212909 998453 888268 -131497
888268 -131497 -74885 477851
-74885 477851 -955875 673700
-955875 673700 526901 420883
526901 420883 -485733 282909
-485733 282909 15956 338029
15956 338029 -15181 -995771
-15181 -995771 513662 754365
513662 754365 987440 -203740
987440 -203740 621354 950792
621354 950792 -143203 571411
-143203 571411 -530418 -34056
-530418 -34056 -91884 -432139
-91884 -432139 244768 743165
244768 743165 85210 537171
85210 537171 -793020 315408
20
606407 559107 -679094 910807
-679094 910807 -591192 409077
-591192 409077 189129 -456565
189129 -456565 -553344 -109550
-553344 -109550 225070 626739
225070 626739 904430 -600848
904430 -600848 66707 791266
66707 791266 -120941 -605166
-120941 -605166 -837669 619763
-837669 619763 -270731 -300865
-270731 -300865 -627376 373449
-627376 373449 -673777 -179487
-673777 -179487 553030 42419
553030 42419 -685046 -427008
-685046 -427008 626237 -553260
626237 -553260 -510962 -269745
-510962 -269745 889428 -560550
889428 -560550 449780 534741
449780 534741 438690 762157
438690 762157 -37100 -411301
