100
20
530539 628743 -820306 59159
-820306 59159 249441 528349
249441 528349 5309 197219
5309 197219 304014 -564671
304014 -564671 921745 -719630
921745 -719630 74510 -648030
74510 -648030 -85404 -696728
-85404 -696728 -658029 982263
-658029 982263 -376297 516564
-376297 516564 336048 -550892
336048 -550892 -877762 -428125
-877762 -428125 349359 -816741
349359 -816741 -604747 -537592
-604747 -537592 -575526 824690
-575526 824690 9924 933249
9924 933249 602764 371455
602764 371455 84020 -746896
84020 -746896 204384 87223
204384 87223 -670579 811672
-670579 811672 384945 346586
20
-689426 773739 105295 448612
105295 448612 -715260 -454832
-715260 -454832 -961280 -949132
-961280 -949132 458745 881623
458745 881623 -691474 103451
-691474 103451 -545121 124822
-545121 124822 134523 -847041
134523 -847041 -510815 -72863
-510815 -72863 -488286 584233
-488286 584233 460350 699968
460350 699968 398541 -106670
398541 -106670 988420 55398
988420 55398 -687688 35385
-687688 35385 -566517 -584701
-566517 -584701 751555 400995
751555 400995 895401 466650
895401 466650 -942572 -921681
-942572 -921681 -727291 797388
-727291 797388 257339 -620795
257339 -620795 -595408 140683
20
-800537 -935972 415624 -579686
415624 -579686 -110162 -190247
-110162 -190247 -638140 -847604
-638140 -847604 445122 -866049
445122 -866049 -404164 448667
-404164 448667 -798095 -929241
-798095 -929241 371485 258574
371485 258574 -948797 -813426
-948797 -813426 -522367 -194162
-522367 -194162 -853345 -354840
-853345 -354840 316120 361633
316120 361633 819982 -829503
819982 -829503 480874 -833753
480874 -833753 -938857 -134503
-938857 -134503 -60296 396636
-60296 396636 -689063 -885392
-689063 -885392 -80575 668134
-80575 668134 -909283 184169
-909283 184169 -924600 696558
-924600 696558 -403016 -471598
20
135278 -445290 566462 -933356
566462 -933356 -488064 -891730
-488064 -891730 466689 906954
466689 906954 389421 -448803
389421 -448803 547211 -52348
547211 -52348 -427386 804782
-427386 804782 -380434 -758830
-380434 -758830 -918857 -530903
-918857 -530903 700315 -990920
700315 -990920 -149396 -93039
-149396 -93039 -356560 728546
-356560 728546 552632 -88522
552632 -88522 -801665 590759
-801665 590759 -886812 -513490
-886812 -513490 81716 -987640
81716 -987640 769648 947273
769648 947273 703679 754220
703679 754220 -910092 127371
-910092 127371 -515199 -457099
-515199 -457099 -176192 931453
20
148971 -302057 -644603 527604
-644603 527604 -401794 753477
-401794 753477 -190386 -473898
-190386 -473898 -518645 -131743
-518645 -131743 95027 513110
95027 513110 -82865 73225
-82865 73225 -908742 -576095
-908742 -576095 -961319 953512
-961319 953512 -858378 -18967
-858378 -18967 215149 624140
215149 624140 168273 -687551
168273 -687551 550104 606510
550104 606510 -389243 995035
-389243 995035 -574081 663215
-574081 663215 -50899 72871
-50899 72871 427217 281732
427217 281732 538729 148494
538729 148494 -928607 876554
-928607 876554 263691 883384
263691 883384 951394 -106296
20
-401979 -592285 -949873 -766014
-949873 -766014 -139638 936655
-139638 936655 -208617 670471
-208617 670471 -448863 -641079
-448863 -641079 -297739 -862691
-297739 -862691 945605 681396
945605 681396 580125 -845282
580125 -845282 -414245 569616
-414245 569616 -294997 722590
-294997 722590 -829073 -16200
-829073 -16200 261047 480277
261047 480277 325789 -112872
325789 -112872 -753215 82980
-753215 82980 -782838 716095
-782838 716095 886358 -91745
886358 -91745 513441 -59954
513441 -59954 911889 355997
911889 355997 -855359 792919
-855359 792919 -399486 917477
-399486 917477 689220 774808
20
-459756 -593097 -310730 109467
-310730 109467 -191371 339546
-191371 339546 8982 126386
8982 126386 984124 859732
984124 859732 64557 653158
64557 653158 -779494 -38602
-779494 -38602 -62927 485132
-62927 485132 -683590 -642894
-683590 -642894 956990 -205670
956990 -205670 -709716 567469
-709716 567469 245400 -95192
245400 -95192 -872250 -919312
-872250 -919312 -396022 559290
-396022 559290 412845 849846
412845 849846 -744865 -129332
-744865 -129332 -114601 -246522
-114601 -246522 290260 623329
290260 623329 -123126 503767
-123126 503767 600496 -421755
600496 -421755 773304 346912
20
-971560 220500 213944 -861356
213944 -861356 842586 721195
842586 721195 208155 -996938
208155 -996938 412375 -436219
412375 -436219 -185895 -174245
-185895 -174245 474737 759100
474737 759100 -199340 -258368
-199340 -258368 -721707 876995
-721707 876995 4090 -75904
4090 -75904 -179150 -119652
-179150 -119652 -15476 -881083
-15476 -881083 665754 -157106
665754 -157106 -743010 -582988
-743010 -582988 -174750 955931
-174750 955931 853024 299213
853024 299213 -443048 -576992
-443048 -576992 -472846 262027
-472846 262027 704851 503304
704851 503304 -56986 -847104
-56986 -847104 -260953 336747
20
-705779 615473 753869 913301
753869 913301 358090 -242994
358090 -242994 -891050 322567
-891050 322567 918737 630853
918737 630853 578583 128677
578583 128677 -555834 -823865
-555834 -823865 335784 -710459
335784 -710459 937900 -368581
937900 -368581 -3168 -158377
-3168 -158377 -226778 -335307
-226778 -335307 -501067 -641221
-501067 -641221 449049 -219228
449049 -219228 439027 914873
439027 914873 -307362 -999987
-307362 -999987 35489 466205
35489 466205 -233775 -430922
-233775 -430922 -624434 -646992
-624434 -646992 591903 -380941
591903 -380941 452934 -167224
452934 -167224 -553602 828750
20
-641100 -340326 889135 -139959
889135 -139959 114076 120307
114076 120307 757740 -441165
757740 -441165 -84130 -62135
-84130 -62135 632098 428721
632098 428721 202946 -927988
202946 -927988 -306696 -979370
-306696 -979370 -615333 852828
-615333 852828 8308 229882
8308 229882 85729 -133714
85729 -133714 -167321 263649
-167321 263649 320572 229454
320572 229454 463158 505428
463158 505428 830121 -964665
830121 -964665 -728843 -424727
-728843 -424727 573135 -95124
573135 -95124 331399 513529
331399 513529 395881 365256
395881 365256 797663 836751
797663 836751 -10981 160753
20
972896 -72388 285302 692641
285302 692641 537007 -203806
537007 -203806 -456561 -385516
-456561 -385516 -909953 -533502
-909953 -533502 441172 874217
441172 874217 515541 -609131
515541 -609131 -627069 217936
-627069 217936 -374598 -425217
-374598 -425217 -881059 415656
-881059 415656 779278 -440614
779278 -440614 -424808 -473310
-424808 -473310 152634 344162
152634 344162 -626252 -721462
-626252 -721462 534712 10523
534712 10523 -248731 -537409
-248731 -537409 768968 253582
768968 253582 -540137 -316981
-540137 -316981 -724107 964801
-724107 964801 680741 977294
680741 977294 -983350 -483026
20
991364 167213 -510487 972046
-510487 972046 -961712 161008
-961712 161008 229452 -158085
229452 -158085 691557 911591
691557 911591 -990039 426737
-990039 426737 456134 -542153
456134 -542153 -21621 -959818
-21621 -959818 330760 168077
330760 168077 578131 3765
578131 3765 240379 -20511
240379 -20511 669071 -949531
669071 -949531 -772833 688779
-772833 688779 287341 -857260
287341 -857260 -710505 -886787
-710505 -886787 697472 -803483
697472 -803483 256645 -535842
256645 -535842 592346 798943
592346 798943 -785434 293073
-785434 293073 998993 472853
998993 472853 303626 -731315
20
464245 -36599 204721 -764686
204721 -764686 143982 -94457
143982 -94457 167393 -492918
167393 -492918 -24436 -163311
-24436 -163311 244489 -553483
244489 -553483 -937680 -903496
-937680 -903496 251040 801050
251040 801050 277830 706246
277830 706246 102854 -891006
102854 -891006 -996789 489624
-996789 489624 662938 861888
662938 861888 -848480 -982674
-848480 -982674 575443 -634150
575443 -634150 -73437 -912136
-73437 -912136 393099 -650832
393099 -650832 491744 -966189
491744 -966189 529475 -711264
529475 -711264 -976241 32041
-976241 32041 -882113 -87927
-882113 -87927 -138051 745791
20
801919 -946338 -429224 -467570
-429224 -467570 -489175 659009
-489175 659009 -284804 -502341
-284804 -502341 467504 768822
467504 768822 303263 906409
303263 906409 -147737 769497
-147737 769497 -247250 -965403
-247250 -965403 805551 -262569
805551 -262569 -204174 -364969
-204174 -364969 -679053 -57252
-679053 -57252 -518407 192929
-518407 192929 111095 -442384
111095 -442384 -920102 -793026
-920102 -793026 -47252 723669
-47252 723669 -709503 -118868
-709503 -118868 -110616 -239676
-110616 -239676 -658476 -941970
-658476 -941970 78010 684452
78010 684452 145144 -940593
145144 -940593 -474304 -624936
20
-71121 164411 -687883 -526822
-687883 -526822 -621471 928309
-621471 928309 -69372 -714233
-69372 -714233 309444 -392870
309444 -392870 513724 -277879
513724 -277879 873598 176045
873598 176045 40250 338381
40250 338381 -64698 -570894
-64698 -570894 -283815 -785637
-283815 -785637 576025 -756113
576025 -756113 -848020 313025
-848020 313025 78561 -705893
78561 -705893 -341357 -252408
-341357 -252408 604517 -999980
604517 -999980 -187520 -15600
-187520 -15600 318888 -400534
318888 -400534 37437 -311128
37437 -311128 -465006 683507
-465006 683507 -963005 120208
-963005 120208 -692661 126432
20
648068 925412 487641 -534269
487641 -534269 -735858 210169
-735858 210169 544173 451433
544173 451433 -679941 -902306
-679941 -902306 809498 -417985
809498 -417985 460453 998739
460453 998739 129890 -432240
129890 -432240 -401380 73997
-401380 73997 -931993 -722745
-931993 -722745 -124000 775776
-124000 775776 154546 1702
154546 1702 511250 468485
511250 468485 -370435 594290
-370435 594290 -815796 -662074
-815796 -662074 905847 263710
905847 263710 961201 -141824
961201 -141824 -543634 909458
-543634 909458 -703484 -428850
-703484 -428850 364636 -766136
364636 -766136 -722242 -50969
20
-156276 -742854 -479923 160129
-479923 160129 -429536 554481
-429536 554481 986441 -885667
986441 -885667 -263706 209527
-263706 209527 864668 -867844
864668 -867844 413153 -142334
413153 -142334 541028 44668
541028 44668 -323953 -925988
-323953 -925988 921348 -777072
921348 -777072 604187 -105020
604187 -105020 -824164 -29207
-824164 -29207 -164870 -821785
-164870 -821785 346033 -999511
346033 -999511 -5808 906677
-5808 906677 162911 318436
162911 318436 -151752 192536
-151752 192536 238610 508783
238610 508783 -515229 -535258
-515229 -535258 942748 -872601
942748 -872601 515055 497011
20
37879 185714 155661 -121378
155661 -121378 836546 184667
836546 184667 190196 -488693
190196 -488693 -617698 575873
-617698 575873 336221 -336744
336221 -336744 -409181 -904523
-409181 -904523 -461857 -859835
-461857 -859835 675301 -427183
675301 -427183 24612 -666182
24612 -666182 262394 302587
262394 302587 788471 419449
788471 419449 596655 987183
596655 987183 -747612 -502987
-747612 -502987 -256303 -784263
-256303 -784263 -339604 451577
-339604 451577 -408600 -701817
-408600 -701817 -517891 978834
-517891 978834 -639449 -135007
-639449 -135007 545510 -198236
545510 -198236 531836 122696
20
282731 469606 316978 -601797
316978 -601797 -401431 -289520
-401431 -289520 -413387 763291
-413387 763291 115282 870532
115282 870532 -653173 699597
-653173 699597 592350 163206
592350 163206 223164 419725
223164 419725 789307 -737382
789307 -737382 -64526 -561116
-64526 -561116 487444 534707
487444 534707 945465 703171
945465 703171 -740872 880446
-740872 880446 -603191 -103763
-603191 -103763 -591533 -385842
-591533 -385842 253519 174863
253519 174863 349485 708110
349485 708110 -203233 890717
-203233 890717 327895 -777031
327895 -777031 -834986 -60134
-834986 -60134 640085 -788299
20
-325153 536613 814316 -588994
814316 -588994 -981898 -81942
-981898 -81942 625141 -629587
625141 -629587 -124303 -946079
-124303 -946079 -354179 722218
-354179 722218 353503 883607
353503 883607 -767230 614982
-767230 614982 -338192 252724
-338192 252724 -883511 388375
-883511 388375 -703980 825275
-703980 825275 156247 -359031
156247 -359031 262769 -284584
262769 -284584 139195 198884
139195 198884 -522319 -603064
-522319 -603064 611842 545921
611842 545921 -417570 306629
-417570 306629 -434685 364845
-434685 364845 -74492 -338506
-74492 -338506 -942380 -765079
-942380 -765079 -520780 91962
20
-861669 -420613 803901 444319
803901 444319 -873236 977409
-873236 977409 828207 569814
828207 569814 -374911 179360
-374911 179360 -532773 -723760
-532773 -723760 762667 -460542
762667 -460542 104741 735383
104741 735383 392667 285738
392667 285738 -202955 143462
-202955 143462 -523268 -411636
-523268 -411636 604790 -917259
604790 -917259 -950658 863564
-950658 863564 -526518 -537030
-526518 -537030 718104 -637502
718104 -637502 182887 -355921
182887 -355921 83875 322757
83875 322757 -568292 719222
-568292 719222 -861409 821069
-861409 821069 202252 24920
202252 24920 -254976 -835748
20
817667 32017 -509508 -714344
-509508 -714344 -746448 899595
-746448 899595 198595 200448
198595 200448 208227 907165
208227 907165 -303894 769719
-303894 769719 923888 50813
923888 50813 920921 -417759
920921 -417759 -804673 625712
-804673 625712 457189 -400141
457189 -400141 613588 101743
613588 101743 -324035 611462
-324035 611462 -680722 307215
-680722 307215 -304516 -813579
-304516 -813579 479141 312379
479141 312379 292709 671948
292709 671948 321649 995008
321649 995008 -298823 -632798
-298823 -632798 -420393 -769442
-420393 -769442 946600 277884
946600 277884 601930 -43756
20
-848909 -874368 155750 -362445
155750 -362445 62330 -114118
62330 -114118 87350 88843
87350 88843 885179 187130
885179 187130 605243 -218344
605243 -218344 502256 -963839
502256 -963839 2273 233972
2273 233972 372358 255047
372358 255047 256214 335934
256214 335934 -356879 807626
-356879 807626 -514050 109760
-514050 109760 296396 966643
296396 966643 923906 -166302
923906 -166302 243271 676981
243271 676981 -846968 -524466
-846968 -524466 62042 -959400
62042 -959400 263329 -298361
263329 -298361 -389272 -2810
-389272 -2810 35831 -351689
35831 -351689 -73290 -357385
20
-708444 -443193 246634 -328501
246634 -328501 -472050 957251
-472050 957251 999038 -977674
999038 -977674 -208116 884695
-208116 884695 -356517 -733723
-356517 -733723 946649 -114281
946649 -114281 248410 -191357
248410 -191357 -973787 -847980
-973787 -847980 -848789 -129191
-848789 -129191 -522521 -465225
-522521 -465225 107346 -141050
107346 -141050 107388 537152
107388 537152 476159 -397668
476159 -397668 550818 -280247
550818 -280247 413351 -54122
413351 -54122 -356878 311427
-356878 311427 767394 245108
767394 245108 -39037 -657443
-39037 -657443 -269327 689433
-269327 689433 -575556 -220671
20
230201 716576 797342 272783
797342 272783 484963 920763
484963 920763 210313 212104
210313 212104 135548 -110500
135548 -110500 -503779 355538
-503779 355538 -284925 556467
-284925 556467 -142986 -575398
-142986 -575398 80480 954107
80480 954107 54181 -366187
54181 -366187 -399316 -431866
-399316 -431866 69297 797999
69297 797999 -660952 -303808
-660952 -303808 537657 -407815
537657 -407815 -578878 454424
-578878 454424 -217526 -449091
-217526 -449091 -798396 890866
-798396 890866 258830 -827781
258830 -827781 222811 -765792
222811 -765792 -301734 457934
-301734 457934 530370 922630
20
886716 -782477 -100314 -386931
-100314 -386931 -701202 177425
-701202 177425 -818000 333844
-818000 333844 159323 -646976
159323 -646976 -796469 -979634
-796469 -979634 -590271 -294730
-590271 -294730 703637 -834484
703637 -834484 800019 745892
800019 745892 -706283 -783545
-706283 -783545 940005 -542191
940005 -542191 -8897 -657363
-8897 -657363 654875 490536
654875 490536 -365810 32969
-365810 32969 -852730 641241
-852730 641241 -49660 -61497
-49660 -61497 -355934 923886
-355934 923886 865445 -172857
865445 -172857 -685436 678562
-685436 678562 -189456 -794128
-189456 -794128 -779879 615977
20
-359710 608872 -405473 -145674
-405473 -145674 -109550 518497
-109550 518497 -206871 -533075
-206871 -533075 113316 518530
113316 518530 149996 186121
149996 186121 175212 148577
175212 148577 213897 978504
213897 978504 94131 520349
94131 520349 392629 -478830
392629 -478830 791185 -920819
791185 -920819 -495253 -824559
-495253 -824559 -95337 -299678
-95337 -299678 833400 -615335
833400 -615335 -630267 -979141
-630267 -979141 809867 -87538
809867 -87538 -109507 522067
-109507 522067 -484054 463333
-484054 463333 -962856 273619
-962856 273619 476993 937054
476993 937054 -988232 -682772
20
-672706 834104 902413 600915
902413 600915 -571126 -578358
-571126 -578358 -21360 -642903
-21360 -642903 -977977 -114259
-977977 -114259 -655462 468171
-655462 468171 -505428 997657
-505428 997657 -909129 304681
-909129 304681 -617687 92405
-617687 92405 -965945 395988
-965945 395988 -825461 34210
-825461 34210 814759 -192500
814759 -192500 975896 315387
975896 315387 250125 -626301
250125 -626301 -769706 97690
-769706 97690 67140 811529
67140 811529 454338 590264
454338 590264 -664054 5871
-664054 5871 -290398 -934261
-290398 -934261 326161 -100160
326161 -100160 -30963 -353069
20
290441 -919813 -787607 918125
-787607 918125 -200487 384044
-200487 384044 337336 187428
337336 187428 255152 -562612
255152 -562612 -972266 -718089
-972266 -718089 -323268 930876
-323268 930876 -248064 815059
-248064 815059 -446662 -115479
-446662 -115479 -129301 234653
-129301 234653 856351 -966645
856351 -966645 -872713 -993914
-872713 -993914 148131 285798
148131 285798 -655833 639097
-655833 639097 -539983 261820
-539983 261820 729112 396380
729112 396380 113285 -289818
113285 -289818 273043 40935
273043 40935 546051 458987
546051 458987 -327679 408348
-327679 408348 775841 -781713
20
-519806 -259695 166750 -688794
166750 -688794 -101169 991313
-101169 991313 -725572 904989
-725572 904989 -148781 2782
-148781 2782 833145 -666244
833145 -666244 89903 -727189
89903 -727189 -394205 15685
-394205 15685 -227831 832581
-227831 832581 787539 676307
787539 676307 960316 391223
960316 391223 -600087 821429
-600087 821429 749205 -438946
749205 -438946 709997 768990
709997 768990 -279280 -190358
-279280 -190358 908262 346908
908262 346908 -372471 -144253
-372471 -144253 358938 -374538
358938 -374538 838535 -659528
838535 -659528 -147311 11791
-147311 11791 978151 -724846
20
966718 -279048 247327 -190898
247327 -190898 730278 437766
730278 437766 283270 -964716
283270 -964716 879322 76319
879322 76319 -492673 -878048
-492673 -878048 898156 -49888
898156 -49888 921661 -148084
921661 -148084 571186 362943
571186 362943 -844379 -195368
-844379 -195368 -300712 -260173
-300712 -260173 289308 33514
289308 33514 -490829 -749172
-490829 -749172 523319 780352
523319 780352 -219393 -41716
-219393 -41716 -960337 392413
-960337 392413 460144 790769
460144 790769 28238 -228985
28238 -228985 -723179 -315605
-723179 -315605 -506890 -860284
-506890 -860284 -901338 464689
20
-147964 -561121 -156720 349728
-156720 349728 -212689 99985
-212689 99985 800774 -484547
800774 -484547 99458 543837
99458 543837 -272407 -631525
-272407 -631525 994713 -728202
994713 -728202 -25531 712956
-25531 712956 -602333 -737365
-602333 -737365 626150 997193
626150 997193 -799845 -765976
-799845 -765976 -615320 946642
-615320 946642 -375524 -122165
-375524 -122165 -328987 -458613
-328987 -458613 -872044 423422
-872044 423422 -269087 -694747
-269087 -694747 -8211 289758
-8211 289758 965971 -177346
965971 -177346 -873145 528125
-873145 528125 876790 -138816
876790 -138816 -88796 -266541
20
407563 683402 122078 -76608
122078 -76608 -113991 -958258
-113991 -958258 819913 251345
819913 251345 -622950 -933042
-622950 -933042 -120654 299620
-120654 299620 310821 -862445
310821 -862445 -513891 239608
-513891 239608 777545 -867
777545 -867 252058 -328229
252058 -328229 153683 -104082
153683 -104082 -782888 527737
-782888 527737 -966554 351129
-966554 351129 863220 -376182
863220 -376182 -147609 214587
-147609 214587 193701 -27665
193701 -27665 -474949 179302
-474949 179302 681908 631398
681908 631398 391094 -232448
391094 -232448 82323 -721849
82323 -721849 -691836 -236701
20
631339 815650 452951 -656565
452951 -656565 -386244 273619
-386244 273619 705747 -219324
705747 -219324 -410426 -157427
-410426 -157427 522200 -272048
522200 -272048 -850175 485554
-850175 485554 434390 727524
434390 727524 765913 -498333
765913 -498333 -393184 21240
-393184 21240 -545936 442518
-545936 442518 -488156 -539546
-488156 -539546 257304 374027
257304 374027 -980622 -656148
-980622 -656148 -711650 -179726
-711650 -179726 812582 36497
812582 36497 -572141 172683
-572141 172683 -235224 53255
-235224 53255 386545 -575260
386545 -575260 556634 -445858
556634 -445858 -942462 402777
20
131396 590512 373340 -79149
373340 -79149 -763806 138800
-763806 138800 369547 174220
369547 174220 -148741 -806408
-148741 -806408 909387 763651
909387 763651 274431 349511
274431 349511 36008 -827566
36008 -827566 -119049 858671
-119049 858671 350430 39001
350430 39001 -808222 663736
-808222 663736 -228238 804120
-228238 804120 -812669 305273
-812669 305273 -407060 -625129
-407060 -625129 414564 -366310
414564 -366310 -27415 669559
-27415 669559 102174 -582609
102174 -582609 757819 758885
757819 758885 -489823 78445
-489823 78445 -5374 -310703
-5374 -310703 -271224 -331933
20
-611322 -357433 286078 -115613
286078 -115613 415927 -711144
415927 -711144 -243580 -557135
-243580 -557135 -982566 -556538
-982566 -556538 -503423 -674087
-503423 -674087 712221 96367
712221 96367 -428301 -528252
-428301 -528252 755694 49406
755694 49406 595098 -605058
595098 -605058 -783677 -525023
-783677 -525023 759859 -121808
759859 -121808 -558431 -406220
-558431 -406220 -742834 -389134
-742834 -389134 51484 -200417
51484 -200417 799536 475592
799536 475592 378494 691609
378494 691609 121746 391990
121746 391990 342044 180581
342044 180581 -549758 -825274
-549758 -825274 -136933 -440037
20
-91936 -619628 334595 -378766
334595 -378766 113224 -802141
113224 -802141 697072 515566
697072 515566 -910856 550289
-910856 550289 -442852 -258730
-442852 -258730 -205921 612874
-205921 612874 728371 719172
728371 719172 -418971 -219444
-418971 -219444 -715302 -281184
-715302 -281184 -196071 970487
-196071 970487 134675 -893867
134675 -893867 -946178 363296
-946178 363296 -986901 953198
-986901 953198 148285 867318
148285 867318 -216993 -785852
-216993 -785852 -572802 -336093
-572802 -336093 563568 -900904
563568 -900904 -221927 -521816
-221927 -521816 -878124 -521454
-878124 -521454 754096 -318049
20
478028 727552 567417 992995
567417 992995 -163746 -234405
-163746 -234405 -981247 911942
-981247 911942 -996430 528179
-996430 528179 469823 560163
469823 560163 624056 -164053
624056 -164053 486803 661385
486803 661385 44384 208989
44384 208989 532247 465244
532247 465244 206619 733684
206619 733684 -311869 -862689
-311869 -862689 -604768 -748789
-604768 -748789 -428670 353756
-428670 353756 -527091 112777
-527091 112777 222159 739650
222159 739650 -340405 -567751
-340405 -567751 929441 -287438
929441 -287438 -674109 995534
-674109 995534 -925130 913858
-925130 913858 363745 -87885
20
79697 -499452 939510 -636728
939510 -636728 -57116 -712964
-57116 -712964 942993 331650
942993 331650 116928 354595
116928 354595 733123 -716983
733123 -716983 -316111 293691
-316111 293691 -526240 -441799
-526240 -441799 -904589 -3211
-904589 -3211 -870444 -430265
-870444 -430265 337741 45410
337741 45410 -916158 440837
-916158 440837 207098 430094
207098 430094 31073 719037
31073 719037 350658 -134063
350658 -134063 -689635 -289297
-689635 -289297 -889596 756258
-889596 756258 -36530 -917567
-36530 -917567 -139112 65202
-139112 65202 789468 776858
789468 776858 -481150 -702825
20
-928452 -295879 870448 -119921
870448 -119921 -183693 -150353
-183693 -150353 -694786 100786
-694786 100786 293770 -700254
293770 -700254 -256194 -241568
-256194 -241568 -256662 942681
-256662 942681 -939276 -936097
-939276 -936097 529081 569008
529081 569008 741711 -675884
741711 -675884 335394 -768351
335394 -768351 -54012 951609
-54012 951609 -321013 -620849
-321013 -620849 -547781 -631635
-547781 -631635 -565182 62050
-565182 62050 -588580 -528633
-588580 -528633 -429254 811985
-429254 811985 -704951 758983
-704951 758983 150593 -854718
150593 -854718 -328223 221962
-328223 221962 422245 -95691
20
804662 -399670 838813 501736
838813 501736 -309316 -732449
-309316 -732449 662557 30826
662557 30826 585831 -885865
585831 -885865 -335622 -584639
-335622 -584639 -987637 -767965
-987637 -767965 918299 863539
918299 863539 -911559 -908965
-911559 -908965 894094 243657
894094 243657 180828 -43346
180828 -43346 10096 -247935
10096 -247935 -135757 771902
-135757 771902 448135 -743565
448135 -743565 -839392 -500295
-839392 -500295 -4435 -29706
-4435 -29706 -948040 192358
-948040 192358 -66507 690396
-66507 690396 171900 -799935
171900 -799935 -810794 71538
-810794 71538 -880826 249208
20
102522 681925 -158010 177629
-158010 177629 -547790 495097
-547790 495097 -492129 -591180
-492129 -591180 862339 84717
862339 84717 405374 -814791
405374 -814791 -848367 -296662
-848367 -296662 -417983 -546446
-417983 -546446 -816398 588222
-816398 588222 -414724 615514
-414724 615514 786136 426477
786136 426477 -548884 5579
-548884 5579 739409 53720
739409 53720 517966 463514
517966 463514 -977046 191792
-977046 191792 -981274 110894
-981274 110894 -777796 -859379
-777796 -859379 313315 -910763
313315 -910763 -108760 -360997
-108760 -360997 689219 -551106
689219 -551106 238631 -858368
20
38968 655364 -890935 504120
-890935 504120 40203 36595
40203 36595 -696403 963889
-696403 963889 -693676 -423488
-693676 -423488 274728 -40178
274728 -40178 -157692 -798359
-157692 -798359 370083 -340097
370083 -340097 -91620 196759
-91620 196759 115303 666758
115303 666758 101447 514741
101447 514741 651559 654219
651559 654219 743147 870650
743147 870650 81977 -160047
81977 -160047 -206543 -878875
-206543 -878875 35169 -68223
35169 -68223 18368 -599338
18368 -599338 782400 -368832
782400 -368832 108408 -917903
108408 -917903 -269460 -315611
-269460 -315611 -379036 -487014
20
404685 -498843 -980144 693171
-980144 693171 477199 499757
477199 499757 -972512 887899
-972512 887899 -89958 393939
-89958 393939 132621 -710141
132621 -710141 576267 -841206
576267 -841206 358942 -838205
358942 -838205 -810625 -706518
-810625 -706518 -623462 -501517
-623462 -501517 -103317 -575824
-103317 -575824 391997 812805
391997 812805 525745 -843150
525745 -843150 -429101 113188
-429101 113188 507897 542437
507897 542437 -320598 -948756
-320598 -948756 762143 -951513
762143 -951513 318372 -571683
318372 -571683 -894821 742648
-894821 742648 28800 -507574
28800 -507574 -380597 56169
20
-544985 -235172 -936061 665869
-936061 665869 397044 -797254
397044 -797254 -220827 788454
-220827 788454 -435227 476224
-435227 476224 -130367 -59786
-130367 -59786 809325 -92964
809325 -92964 178681 300225
178681 300225 -254176 684209
-254176 684209 818239 -910511
818239 -910511 127688 471206
127688 471206 571618 -678594
571618 -678594 -112525 -295780
-112525 -295780 -988594 889962
-988594 889962 -15897 -454343
-15897 -454343 754579 909253
754579 909253 82843 -745083
82843 -745083 -690767 848810
-690767 848810 104544 -709306
104544 -709306 906176 -909978
906176 -909978 390160 -372797
20
517060 516882 -219590 848738
-219590 848738 -258395 951505
-258395 951505 -68089 512291
-68089 512291 927742 -727372
927742 -727372 -995504 -565614
-995504 -565614 -27211 184627
-27211 184627 138264 -993713
138264 -993713 -544654 -987926
-544654 -987926 596859 298003
596859 298003 571012 -325304
571012 -325304 226958 403208
226958 403208 675911 -587029
675911 -587029 -801699 430466
-801699 430466 -234807 86551
-234807 86551 -813575 838176
-813575 838176 187071 -197544
187071 -197544 544286 -614238
544286 -614238 265471 -843690
265471 -843690 -706992 -76542
-706992 -76542 995150 -754626
20
808715 -497348 287342 571353
287342 571353 -1291 -746124
-1291 -746124 -527205 -941270
-527205 -941270 -370690 154431
-370690 154431 -290579 -963608
-290579 -963608 973715 -13426
973715 -13426 -755334 -94236
-755334 -94236 -226321 286037
-226321 286037 408418 -579312
408418 -579312 -54664 -739743
-54664 -739743 648439 -448490
648439 -448490 -399310 -749820
-399310 -749820 281766 976117
281766 976117 -699864 687407
-699864 687407 -292509 -737864
-292509 -737864 80840 -930120
80840 -930120 -854436 982425
-854436 982425 927080 -311035
927080 -311035 -568568 712514
-568568 712514 -877854 -965910
20
-356790 144437 888436 -375911
888436 -375911 114280 -534874
114280 -534874 271356 444136
271356 444136 719963 221867
719963 221867 759751 -841569
759751 -841569 -809379 -182937
-809379 -182937 493777 921797
493777 921797 -893171 189293
-893171 189293 719370 913336
719370 913336 574335 -306994
574335 -306994 -890960 990211
-890960 990211 -60798 53006
-60798 53006 -401130 659156
-401130 659156 647338 -562155
647338 -562155 -849224 -460554
-849224 -460554 319507 63666
319507 63666 272012 -710886
272012 -710886 -699953 -989408
-699953 -989408 196911 242183
196911 242183 292687 -207055
20
600673 212274 407775 616178
407775 616178 -675226 -206724
-675226 -206724 -379700 -812515
-379700 -812515 511480 -781488
511480 -781488 -364631 687478
-364631 687478 -695413 -289443
-695413 -289443 636778 -200217
636778 -200217 -773959 868174
-773959 868174 436410 583239
436410 583239 804557 41054
804557 41054 895290 726298
895290 726298 -981727 653104
-981727 653104 89995 377601
89995 377601 540170 643333
540170 643333 722634 834256
722634 834256 926847 48322
926847 48322 861632 -568294
861632 -568294 149199 -450738
149199 -450738 -854958 46954
-854958 46954 564350 51639
20
282905 -19382 -502240 -946608
-502240 -946608 -338046 993168
-338046 993168 636214 678854
636214 678854 349081 126163
349081 126163 363848 -713936
363848 -713936 -523739 76460
-523739 76460 482330 702004
482330 702004 290409 865616
290409 865616 -334849 808504
-334849 808504 82550 971358
82550 971358 335594 313688
335594 313688 894406 -654236
894406 -654236 148389 -768522
148389 -768522 976866 785821
976866 785821 973504 918378
973504 918378 -298745 448544
-298745 448544 748921 -376087
748921 -376087 -773605 -885798
-773605 -885798 -173271 -103559
-173271 -103559 812112 790616
20
-410019 -654637 -325171 -954762
-325171 -954762 -119837 -405006
-119837 -405006 -600881 143667
-600881 143667 -855106 128075
-855106 128075 139459 -355253
139459 -355253 -36509 -335779
-36509 -335779 266258 65793
266258 65793 -160699 270118
-160699 270118 -186448 971742
-186448 971742 89819 -362350
89819 -362350 516870 192129
516870 192129 -62053 222159
-62053 222159 308577 -179430
308577 -179430 -958578 -266655
-958578 -266655 -464116 -405186
-464116 -405186 -145686 -912709
-145686 -912709 -874664 598277
-874664 598277 -444193 992119
-444193 992119 -716463 513483
-716463 513483 188539 805413
20
-275150 749265 739692 43804
739692 43804 -513365 -341440
-513365 -341440 64323 834202
64323 834202 663289 525634
663289 525634 -274915 -223780
-274915 -223780 -617042 -469626
-617042 -469626 29993 436728
29993 436728 -556307 -193441
-556307 -193441 -124017 131597
-124017 131597 577364 460488
577364 460488 -311307 721584
-311307 721584 277147 -241133
277147 -241133 -573286 429267
-573286 429267 906411 -441450
906411 -441450 -335015 87768
-335015 87768 -769390 -924108
-769390 -924108 -28820 360416
-28820 360416 -361839 -381299
-361839 -381299 787314 743318
787314 743318 991944 468247
20
-344028 410456 -61772 725135
-61772 725135 -840819 230106
-840819 230106 -320228 952342
-320228 952342 260876 410834
260876 410834 -1992 843227
-1992 843227 622268 -389963
622268 -389963 -906705 697759
-906705 697759 -57605 -195182
-57605 -195182 1603 187731
1603 187731 -929491 958093
-929491 958093 741644 234569
741644 234569 -699299 -548828
-699299 -548828 -537518 651080
-537518 651080 551383 -896538
551383 -896538 838668 -675630
838668 -675630 272958 592507
272958 592507 -243412 -462210
-243412 -462210 570042 -124485
570042 -124485 -500233 462713
-500233 462713 142878 12330
20
82724 -430683 -267947 -133129
-267947 -133129 612927 -473349
612927 -473349 -759124 -616373
-759124 -616373 287879 -477117
287879 -477117 658490 166927
658490 166927 -359509 -885636
-359509 -885636 -766655 -372043
-766655 -372043 467028 945643
467028 945643 -73400 -23159
-73400 -23159 -994924 -845808
-994924 -845808 942290 246072
942290 246072 972163 -501790
972163 -501790 360893 504614
360893 504614 667897 110539
667897 110539 771908 61121
771908 61121 -472664 -25560
-472664 -25560 -808208 279841
-808208 279841 -683521 -607816
-683521 -607816 -863015 -739235
-863015 -739235 -268248 756687
20
620552 361205 93632 -314377
93632 -314377 -916528 -722316
-916528 -722316 759066 -890935
759066 -890935 693335 219811
693335 219811 -637384 -183926
-637384 -183926 -606219 -356726
-606219 -356726 239980 22123
239980 22123 -380301 512630
-380301 512630 -286806 809609
-286806 809609 -555041 -50893
-555041 -50893 -464315 -934400
-464315 -934400 -321640 503391
-321640 503391 359098 292767
359098 292767 825553 110892
825553 110892 -903764 -365576
-903764 -365576 415687 -325703
415687 -325703 -273365 -113813
-273365 -113813 80053 23529
80053 23529 464293 887920
464293 887920 141390 -762293
20
319720 780939 275017 -987862
275017 -987862 959165 508672
959165 508672 -622849 -809151
-622849 -809151 -480325 745584
-480325 745584 398886 724775
398886 724775 -421733 603867
-421733 603867 -564699 -435768
-564699 -435768 891918 143545
891918 143545 -727411 -857721
-727411 -857721 -371854 109611
-371854 109611 -314391 -342937
-314391 -342937 634744 898777
634744 898777 -276022 -96056
-276022 -96056 -934016 -169383
-934016 -169383 -458562 -203853
-458562 -203853 382647 243248
382647 243248 846527 -394155
846527 -394155 271549 266951
271549 266951 -341981 969927
-341981 969927 -113331 507868
20
371022 -351067 11227 173149
11227 173149 335086 -550111
335086 -550111 -838904 33547
-838904 33547 555555 623159
555555 623159 104506 -215354
104506 -215354 701798 360463
701798 360463 36621 182110
36621 182110 365589 -624740
365589 -624740 -7094 92392
-7094 92392 985069 -104563
985069 -104563 623170 451448
623170 451448 -381221 -815470
-381221 -815470 -210230 -320024
-210230 -320024 -220956 349349
-220956 349349 679355 616258
679355 616258 -448197 -959854
-448197 -959854 -712359 -622215
-712359 -622215 758603 -60485
758603 -60485 236788 944079
236788 944079 7047 -231384
20
634622 -101971 328696 -436475
328696 -436475 114863 -505753
114863 -505753 -459922 -778804
-459922 -778804 476940 317891
476940 317891 272941 -157740
272941 -157740 573724 588952
573724 588952 -259414 -237509
-259414 -237509 -451154 -722156
-451154 -722156 -541242 -356076
-541242 -356076 -844468 476405
-844468 476405 -62928 -566999
-62928 -566999 176264 -347512
176264 -347512 421629 -62227
421629 -62227 -405171 502479
-405171 502479 -372683 545876
-372683 545876 -307418 369829
-307418 369829 773136 -737509
773136 -737509 -344339 253125
-344339 253125 558823 767649
558823 767649 -687525 807611
20
587585 765911 -919444 -897756
-919444 -897756 -682210 804926
-682210 804926 663148 -439376
663148 -439376 773771 -363134
773771 -363134 211261 329938
211261 329938 -727352 478430
-727352 478430 -291678 -491774
-291678 -491774 -435381 300993
-435381 300993 -417280 2679
-417280 2679 932825 468545
932825 468545 -20748 -552222
-20748 -552222 571470 -330466
571470 -330466 -557442 -845925
-557442 -845925 683844 -38096
683844 -38096 -242858 90121
-242858 90121 -348462 48742
-348462 48742 -346132 812390
-346132 812390 788102 -560575
788102 -560575 734116 -971898
734116 -971898 985693 -654747
20
657697 -493683 920035 849864
920035 849864 980924 797118
980924 797118 -50984 353349
-50984 353349 912188 -625276
912188 -625276 -980063 -912886
-980063 -912886 422709 -153022
422709 -153022 -361050 -439059
-361050 -439059 -543711 -548836
-543711 -548836 -174560 629362
-174560 629362 806110 689670
806110 689670 992348 -479636
992348 -479636 -819898 146297
-819898 146297 -353849 -648246
-353849 -648246 447984 -405185
447984 -405185 -809808 828641
-809808 828641 682098 805895
682098 805895 130812 918583
130812 918583 540158 -25394
540158 -25394 786604 305156
786604 305156 -483769 -523994
20
-81904 -683913 20572 929096
20572 929096 -295744 267520
-295744 267520 -603433 297174
-603433 297174 973251 502136
973251 502136 -570534 -94521
-570534 -94521 -816683 274259
-816683 274259 54574 -88529
54574 -88529 29881 -958370
29881 -958370 64163 -898271
64163 -898271 -869963 -240417
-869963 -240417 985711 219312
985711 219312 761246 340892
761246 340892 -380595 -793505
-380595 -793505 596044 -446697
596044 -446697 -217825 930316
-217825 930316 -619805 76418
-619805 76418 763905 621149
763905 621149 162805 -312172
162805 -312172 -957032 -499357
-957032 -499357 -402981 463674
20
-646308 36262 80359 912506
80359 912506 631767 -763888
631767 -763888 278153 473216
278153 473216 -939259 196070
-939259 196070 -688811 -659643
-688811 -659643 -490045 847008
-490045 847008 -791840 -772561
-791840 -772561 -767365 -2492
-767365 -2492 -1116 688031
-1116 688031 -959349 -824462
-959349 -824462 612735 -725747
612735 -725747 -337217 -724608
-337217 -724608 696919 534661
696919 534661 -901061 416340
-901061 416340 237392 860440
237392 860440 538554 830158
538554 830158 -831668 -529447
-831668 -529447 145078 136150
145078 136150 560319 -761575
560319 -761575 -315464 -574387
20
403546 405275 -108691 332860
-108691 332860 -919829 -181424
-919829 -181424 -426566 207955
-426566 207955 -559292 759861
-559292 759861 -700845 850706
-700845 850706 -987763 570549
-987763 570549 484566 -472357
484566 -472357 330509 479912
330509 479912 389915 -711510
389915 -711510 -180160 363968
-180160 363968 30857 351196
30857 351196 126725 946449
126725 946449 577922 -901869
577922 -901869 -733750 183112
-733750 183112 -8279 217304
-8279 217304 -483882 524649
-483882 524649 463765 50033
463765 50033 -300454 -594931
-300454 -594931 424408 -328577
424408 -328577 811662 927395
20
899114 186243 -730707 139627
-730707 139627 365761 -253484
365761 -253484 -700893 543028
-700893 543028 -999740 587763
-999740 587763 -248225 271014
-248225 271014 -145566 -125730
-145566 -125730 227716 -726829
227716 -726829 119942 -429776
119942 -429776 -296659 -328550
-296659 -328550 671249 838367
671249 838367 -293328 824697
-293328 824697 -339933 -614568
-339933 -614568 -733999 -524308
-733999 -524308 -191158 711803
-191158 711803 660074 -557519
660074 -557519 464247 405264
464247 405264 -872916 -28757
-872916 -28757 -43654 -562607
-43654 -562607 537439 -527420
537439 -527420 -647234 -373784
20
-480402 162824 120393 71737
120393 71737 666925 -980321
666925 -980321 -869396 134148
-869396 134148 -204850 -624298
-204850 -624298 -431705 823435
-431705 823435 389979 -388917
389979 -388917 -380964 259364
-380964 259364 228685 -717177
228685 -717177 -610916 689505
-610916 689505 -822625 -436865
-822625 -436865 -429308 269003
-429308 269003 -566453 -585058
-566453 -585058 -288523 -311347
-288523 -311347 -971356 -980932
-971356 -980932 -184478 -119101
-184478 -119101 697185 808580
697185 808580 589015 -92456
589015 -92456 -117099 992680
-117099 992680 363261 651571
363261 651571 -981310 159522
20
-208282 601454 547348 641762
547348 641762 -260265 -58351
-260265 -58351 -694145 932128
-694145 932128 -167820 -720667
-167820 -720667 -244797 568915
-244797 568915 280377 727218
280377 727218 -189038 46991
-189038 46991 -259925 -148803
-259925 -148803 29133 341635
29133 341635 -48132 -926312
-48132 -926312 377165 613155
377165 613155 359533 -826329
359533 -826329 943687 -810072
943687 -810072 -982840 164832
-982840 164832 -442808 617012
-442808 617012 -587827 -934122
-587827 -934122 -891412 -653064
-891412 -653064 -499656 -305378
-499656 -305378 416714 -505260
416714 -505260 -389666 -425707
20
441676 588952 -18006 61260
-18006 61260 -297340 85189
-297340 85189 156160 1218
156160 1218 565989 -675929
565989 -675929 -968764 -421857
-968764 -421857 -945684 -853518
-945684 -853518 416015 610554
416015 610554 763121 -291606
763121 -291606 569634 -518989
569634 -518989 -953405 748651
-953405 748651 882516 151341
882516 151341 635289 -739297
635289 -739297 -279908 154923
-279908 154923 11175 967796
11175 967796 -942456 -505890
-942456 -505890 523055 -927199
523055 -927199 816698 -87615
816698 -87615 104515 5667
104515 5667 -632000 -832676
-632000 -832676 676291 -106050
20
850549 451467 666076 -38568
666076 -38568 281764 908702
281764 908702 139820 996734
139820 996734 402340 -913335
402340 -913335 15912 -617807
15912 -617807 808840 871317
808840 871317 426331 494033
426331 494033 -776375 410721
-776375 410721 236700 830375
236700 830375 845028 -174856
845028 -174856 920453 -425735
920453 -425735 646636 371794
646636 371794 -551478 -704761
-551478 -704761 -890481 -761341
-890481 -761341 648740 283459
648740 283459 -489460 370507
-489460 370507 -117433 527766
-117433 527766 -870277 -932389
-870277 -932389 -330259 -56592
-330259 -56592 365469 -740974
20
-183383 112764 -660893 -321654
-660893 -321654 184231 -9284
184231 -9284 -386518 -602417
-386518 -602417 896297 -745699
896297 -745699 -137412 9193
-137412 9193 201861 662938
201861 662938 719694 459353
719694 459353 -102224 878201
-102224 878201 -822877 -783628
-822877 -783628 450330 394143
450330 394143 -384209 670867
-384209 670867 798683 -744083
798683 -744083 -161944 -591442
-161944 -591442 383303 20583
383303 20583 -654216 -160415
-654216 -160415 -168460 -854451
-168460 -854451 277333 608617
277333 608617 -946392 659122
-946392 659122 741446 790468
741446 790468 668330 149180
20
-629100 -999009 -88871 81602
-88871 81602 -679810 -804179
-679810 -804179 -506743 782719
-506743 782719 779883 -272096
779883 -272096 359862 -325938
359862 -325938 624714 -864173
624714 -864173 -642761 -176523
-642761 -176523 -612388 3454
-612388 3454 -780862 308256
-780862 308256 85585 513628
85585 513628 321326 72914
321326 72914 287403 -908949
287403 -908949 -223670 -122539
-223670 -122539 -947725 646553
-947725 646553 17016 319589
17016 319589 -526692 580038
-526692 580038 -877702 22105
-877702 22105 392211 616880
392211 616880 -424751 502269
-424751 502269 578739 -870926
20
10492 519534 -889138 425051
-889138 425051 -712129 -511610
-712129 -511610 -540996 -604641
-540996 -604641 -588689 758225
-588689 758225 749183 787874
749183 787874 348427 -760922
348427 -760922 -888568 -710521
-888568 -710521 -988060 -525427
-988060 -525427 -261464 -654998
-261464 -654998 -500513 -841720
-500513 -841720 -891227 -764572
-891227 -764572 806670 -379563
806670 -379563 160719 -336307
160719 -336307 -330535 -788057
-330535 -788057 462256 800243
462256 800243 370669 229890
370669 229890 724180 897981
724180 897981 -432476 170410
-432476 170410 -171648 183349
-171648 183349 75592 259204
20
-539859 -632843 -741337 650812
-741337 650812 455980 655916
455980 655916 88152 86298
88152 86298 804180 797002
804180 797002 377075 181675
377075 181675 456257 -685388
456257 -685388 845145 -272901
845145 -272901 -257703 -187754
-257703 -187754 685514 -848990
685514 -848990 171088 636954
171088 636954 96087 967174
96087 967174 842412 -141086
842412 -141086 -350533 721411
-350533 721411 -114336 -149643
-114336 -149643 -126339 664661
-126339 664661 730423 596300
730423 596300 43106 -345918
43106 -345918 -490549 -962662
-490549 -962662 459472 55377
459472 55377 573421 628277
20
-501469 574857 46993 -334585
46993 -334585 -252311 -746545
-252311 -746545 -910613 163506
-910613 163506 -332317 899077
-332317 899077 -450858 -95481
-450858 -95481 597271 -465616
597271 -465616 552310 386054
552310 386054 -975410 -421039
-975410 -421039 -946010 144121
-946010 144121 345867 -476451
345867 -476451 899621 -728790
899621 -728790 -133675 258570
-133675 258570 272685 -757060
272685 -757060 -419324 -338200
-419324 -338200 -993537 -967568
-993537 -967568 191268 802750
191268 802750 -258966 563425
-258966 563425 -445502 330705
-445502 330705 -591618 -97469
-591618 -97469 -254407 223946
20
155565 192344 871269 -110575
871269 -110575 915919 855409
915919 855409 74146 -653768
74146 -653768 -814986 -63324
-814986 -63324 711533 -530066
711533 -530066 64371 -203641
64371 -203641 -666276 397881
-666276 397881 -854789 -896485
-854789 -896485 285523 -674763
285523 -674763 262196 -550533
262196 -550533 -337767 -431160
-337767 -431160 989878 254804
989878 254804 -694531 267227
-694531 267227 400508 -435859
400508 -435859 724294 -519308
724294 -519308 656078 579598
656078 579598 758162 -606883
758162 -606883 18379 -953687
18379 -953687 666048 -534925
666048 -534925 441606 -203697
20
-587435 -164701 -259415 499453
-259415 499453 197177 212837
197177 212837 -800142 710247
-800142 710247 -254346 -567667
-254346 -567667 353469 394229
353469 394229 322237 465038
322237 465038 427842 918913
427842 918913 75024 -425543
75024 -425543 -323307 642680
-323307 642680 -449182 -444370
-449182 -444370 -240135 293614
-240135 293614 -666778 -776199
-666778 -776199 693174 640295
693174 640295 220656 -535996
220656 -535996 258127 -566352
258127 -566352 302592 57018
302592 57018 959909 192402
959909 192402 220439 739142
220439 739142 -925892 915763
-925892 915763 -895214 -920893
20
772711 940793 280868 699699
280868 699699 -969874 609294
-969874 609294 -156339 -464881
-156339 -464881 904934 -170829
904934 -170829 -83495 612363
-83495 612363 -306875 211318
-306875 211318 -252269 -553858
-252269 -553858 -443225 465160
-443225 465160 -752445 923471
-752445 923471 -708560 879896
-708560 879896 450524 -983903
450524 -983903 -484370 -327680
-484370 -327680 782086 -859721
782086 -859721 -975956 240301
-975956 240301 -838817 -291885
-838817 -291885 -250857 391420
-250857 391420 793790 -128956
793790 -128956 371545 -591728
371545 -591728 -722760 -523961
-722760 -523961 -10158 -580283
20
-279002 37861 590592 517731
590592 517731 -77903 -435994
-77903 -435994 -347253 -690859
-347253 -690859 399546 -98802
399546 -98802 646410 585598
646410 585598 3244 -730708
3244 -730708 -471151 -623729
-471151 -623729 116508 -275984
116508 -275984 -885992 819007
-885992 819007 85306 573417
85306 573417 -322594 523708
-322594 523708 97828 534881
97828 534881 -611633 374077
-611633 374077 591153 -162673
591153 -162673 254443 -76027
254443 -76027 287607 -446817
287607 -446817 -318834 966148
-318834 966148 358244 -387690
358244 -387690 684257 285345
684257 285345 958924 430550
20
-345034 -904978 -751552 -274103
-751552 -274103 -745602 -985072
-745602 -985072 56373 -752562
56373 -752562 -728405 -887122
-728405 -887122 -478230 626417
-478230 626417 -774165 -203277
-774165 -203277 -651317 831506
-651317 831506 741928 -785181
741928 -785181 947096 360071
947096 360071 260450 877856
260450 877856 -981493 -541373
-981493 -541373 112070 701709
112070 701709 970823 477983
970823 477983 478628 23526
478628 23526 -381363 -324851
-381363 -324851 -537107 -545915
-537107 -545915 75038 57603
75038 57603 -252049 -769025
-252049 -769025 -214014 976465
-214014 976465 -979100 506495
20
92098 146666 24176 459437
24176 459437 534648 -223908
534648 -223908 833983 97985
833983 97985 947763 -488019
947763 -488019 797287 -657635
797287 -657635 594125 316715
594125 316715 487902 -522223
487902 -522223 -353809 54325
-353809 54325 -229933 -429049
-229933 -429049 -789555 -677099
-789555 -677099 985804 54899
985804 54899 64094 -701407
64094 -701407 336421 -579301
336421 -579301 -160034 -319811
-160034 -319811 899366 337095
899366 337095 452190 25621
452190 25621 -575714 -360080
-575714 -360080 -539070 579190
-539070 579190 -256078 296447
-256078 296447 534602 782529
20
527750 354401 957729 -668965
957729 -668965 -883872 -932297
-883872 -932297 868221 277053
868221 277053 66445 262483
66445 262483 713152 443314
713152 443314 972757 89973
972757 89973 -480840 521081
-480840 521081 -23764 347679
-23764 347679 178743 419150
178743 419150 -619016 568661
-619016 568661 542549 579030
542549 579030 62341 204025
62341 204025 -89534 -434826
-89534 -434826 -953000 640327
-953000 640327 -397882 -803223
-397882 -803223 740593 -203389
740593 -203389 -484719 -127449
-484719 -127449 384375 -613433
384375 -613433 382948 936112
382948 936112 983832 989088
20
80016 987231 -870972 419918
-870972 419918 774732 69079
774732 69079 473357 -58610
473357 -58610 956016 377938
956016 377938 503699 278450
503699 278450 236352 -875087
236352 -875087 -192231 -4241
-192231 -4241 -806044 485216
-806044 485216 -436367 -574718
-436367 -574718 477565 -883841
477565 -883841 859363 264628
859363 264628 664692 132668
664692 132668 -403673 675997
-403673 675997 -553173 972468
-553173 972468 -17261 291094
-17261 291094 -857630 -154983
-857630 -154983 -395328 838936
-395328 838936 -459494 173496
-459494 173496 -820679 -327924
-820679 -327924 667985 156985
20
-497721 -679480 900929 94629
900929 94629 254696 -5610
254696 -5610 952328 136426
952328 136426 834925 -62517
834925 -62517 550535 539465
550535 539465 407758 33333
407758 33333 413331 -749451
413331 -749451 -201536 -611304
-201536 -611304 -316343 -562481
-316343 -562481 -180844 330762
-180844 330762 784751 -461257
784751 -461257 -419219 -415420
-419219 -415420 739389 -553425
739389 -553425 -17764 591909
-17764 591909 522864 -993321
522864 -993321 626733 652701
626733 652701 -241598 945481
-241598 945481 110743 -976798
110743 -976798 123846 320676
123846 320676 -807091 -160318
20
637851 621022 671117 878036
671117 878036 310610 -959867
310610 -959867 620969 496516
620969 496516 992951 536371
992951 536371 -228566 -66621
-228566 -66621 -333315 99123
-333315 99123 -503329 -933819
-503329 -933819 -652793 703156
-652793 703156 825108 -997287
825108 -997287 -590748 -225007
-590748 -225007 776897 -992180
776897 -992180 -899291 313626
-899291 313626 45685 -339836
45685 -339836 480254 -516466
480254 -516466 -798183 675545
-798183 675545 354885 -344116
354885 -344116 734201 22541
734201 22541 656779 974998
656779 974998 -707852 -27378
-707852 -27378 -757765 448331
20
107509 596364 891353 37820
891353 37820 288640 184539
288640 184539 173353 -902243
173353 -902243 -717157 125723
-717157 125723 -920331 -831035
-920331 -831035 775316 -241159
775316 -241159 -845424 -840417
-845424 -840417 521673 530771
521673 530771 456493 -232127
456493 -232127 438732 -240319
438732 -240319 -600273 -365145
-600273 -365145 -66558 -57870
-66558 -57870 -273365 171564
-273365 171564 -299170 837045
-299170 837045 -377005 744686
-377005 744686 -77832 617656
-77832 617656 723295 -127619
723295 -127619 136396 755680
136396 755680 -456700 642013
-456700 642013 -982996 258371
20
-454442 422140 45689 -500649
45689 -500649 -167950 -254033
-167950 -254033 216482 992905
216482 992905 113493 -17747
113493 -17747 61485 11287
61485 11287 836752 627112
836752 627112 525022 -140930
525022 -140930 -701929 470836
-701929 470836 805503 121168
805503 121168 -321537 -400860
-321537 -400860 476634 671795
476634 671795 -809446 344666
-809446 344666 179101 -765149
179101 -765149 195211 310577
195211 310577 -556782 -796590
-556782 -796590 517416 288750
517416 288750 -416234 762546
-416234 762546 88783 489074
88783 489074 -124944 796007
-124944 796007 -800777 960692
20
69503 -239224 -494082 -542276
-494082 -542276 -247782 118848
-247782 118848 800088 492481
800088 492481 541925 -836745
541925 -836745 239527 727533
239527 727533 -790716 -626500
-790716 -626500 -249680 -676795
-249680 -676795 -186090 -592111
-186090 -592111 995787 -21541
995787 -21541 -418047 424906
-418047 424906 981328 385474
981328 385474 907055 805578
907055 805578 282229 -207301
282229 -207301 969160 -674344
969160 -674344 149045 422702
149045 422702 18059 -893972
18059 -893972 -207168 -553937
-207168 -553937 -683753 24276
-683753 24276 -658574 -386482
-658574 -386482 -488345 -805657
20
319234 47934 -428106 -944610
-428106 -944610 121944 -934378
121944 -934378 -767550 -157152
-767550 -157152 -295915 629560
-295915 629560 -864900 -91312
-864900 -91312 -175533 -298119
-175533 -298119 -393780 -102021
-393780 -102021 225126 -796570
225126 -796570 -717799 767630
-717799 767630 266372 18635
266372 18635 -770376 728934
-770376 728934 512583 -854900
512583 -854900 -973882 213630
-973882 213630 51554 898197
51554 898197 127647 119658
127647 119658 -998923 -990972
-998923 -990972 -147327 -645645
-147327 -645645 -118092 468126
-118092 468126 725299 -884930
725299 -884930 913485 898970
20
161186 972616 787937 951749
787937 951749 913356 -154029
913356 -154029 -96124 671010
-96124 671010 -288724 240736
-288724 240736 -928535 762597
-928535 762597 -445050 -943947
-445050 -943947 -940606 612025
-940606 612025 950175 -168856
950175 -168856 -64106 93245
-64106 93245 45300 -48419
45300 -48419 -560022 -602704
-560022 -602704 610157 953227
610157 953227 360741 -40752
360741 -40752 -119539 404629
-119539 404629 20516 -632984
20516 -632984 -852002 221407
-852002 221407 32282 801795
32282 801795 -630104 495648
-630104 495648 -107541 532218
-107541 532218 66197 705936
20
115313 870906 350274 97175
350274 97175 777197 700343
777197 700343 860462 -561563
860462 -561563 50018 155287
50018 155287 564397 125585
564397 125585 539625 -988747
539625 -988747 -388536 716620
-388536 716620 258122 304167
258122 304167 -454295 -909390
-454295 -909390 580562 664986
580562 664986 489222 -369721
489222 -369721 -495393 429106
-495393 429106 -119059 -325768
-119059 -325768 -378467 -694318
-378467 -694318 -151058 -769141
-151058 -769141 274823 -88630
274823 -88630 206397 872025
206397 872025 -33859 892564
-33859 892564 -755076 -936491
-755076 -936491 -344944 -399867
20
603044 531230 635643 696745
635643 696745 -252698 780153
-252698 780153 206666 343441
206666 343441 -322014 -432480
-322014 -432480 421766 -338547
421766 -338547 -159260 454129
-159260 454129 -506195 -756197
-506195 -756197 896926 -725423
896926 -725423 801929 -157460
801929 -157460 690473 -599653
690473 -599653 807537 -379480
807537 -379480 -648622 555399
-648622 555399 -280587 125117
-280587 125117 -817037 -131091
-817037 -131091 -682904 24741
-682904 24741 50520 244108
50520 244108 -911972 846729
-911972 846729 360610 -676121
360610 -676121 211195 -277610
211195 -277610 478511 595843
20
-786285 917373 949836 -529063
949836 -529063 -316665 552925
-316665 552925 -240715 -614334
-240715 -614334 570791 138081
570791 138081 360255 434380
360255 434380 595583 591677
595583 591677 -391965 232283
-391965 232283 612915 245378
612915 245378 -325440 543534
-325440 543534 -714567 927430
-714567 927430 241247 -524097
241247 -524097 -671606 -649367
-671606 -649367 -339191 102015
-339191 102015 261739 -251281
261739 -251281 49132 184588
49132 184588 -725133 -831822
-725133 -831822 948755 457041
948755 457041 -228160 981018
-228160 981018 -101417 626351
-101417 626351 -308063 -312798
20
-68188 385009 -33598 605593
-33598 605593 839274 -433467
839274 -433467 -865506 -355338
-865506 -355338 -329902 -878456
-329902 -878456 -741786 -415761
-741786 -415761 -415113 -212569
-415113 -212569 826756 -137235
826756 -137235 -908417 812137
-908417 812137 -204886 872096
-204886 872096 -999941 542613
-999941 542613 832703 -597037
832703 -597037 408299 982392
408299 982392 858518 -276044
858518 -276044 101433 -557388
101433 -557388 -221092 147517
-221092 147517 483568 597439
483568 597439 967754 -273187
967754 -273187 529946 157786
529946 157786 850277 756216
850277 756216 -295492 -958824
20
453264 136674 -804723 -808722
-804723 -808722 -104033 345479
-104033 345479 287660 775812
287660 775812 -921339 279850
-921339 279850 973402 -397986
973402 -397986 66375 303229
66375 303229 -468636 -364790
-468636 -364790 -369746 760759
-369746 760759 -676125 -531086
-676125 -531086 -124454 274012
-124454 274012 40673 -266032
40673 -266032 454781 815201
454781 815201 323727 -629606
323727 -629606 333874 -821854
333874 -821854 753550 238512
753550 238512 -370125 376981
-370125 376981 -672673 826965
-672673 826965 -428105 -437492
-428105 -437492 -437234 346498
-437234 346498 481280 -264013
20
-160113 -400292 815963 -860970
815963 -860970 391371 -448291
391371 -448291 981029 709975
981029 709975 -949066 783426
-949066 783426 493519 -353235
493519 -353235 -689528 325582
-689528 325582 -534201 -486908
-534201 -486908 573942 283949
573942 283949 862224 560073
862224 560073 787683 564974
787683 564974 -348672 -911952
-348672 -911952 242170 995040
242170 995040 116929 -136989
116929 -136989 203812 -815152
203812 -815152 227948 -285788
227948 -285788 335010 402311
335010 402311 -275482 117676
-275482 117676 -488978 -704512
-488978 -704512 724932 -551372
724932 -551372 464173 -29046
20
265279 -710299 -971870 -462558
-971870 -462558 -984718 588633
-984718 588633 -902893 -834545
-902893 -834545 -245668 639848
-245668 639848 131908 41518
131908 41518 33413 -727915
33413 -727915 625184 425346
625184 425346 -18696 146514
-18696 146514 113498 -854496
113498 -854496 900532 -994346
900532 -994346 -265473 23789
-265473 23789 -24089 -132776
-24089 -132776 -230043 126546
-230043 126546 358480 -503266
358480 -503266 -686491 -730136
-686491 -730136 156768 -562842
156768 -562842 353498 591950
353498 591950 811648 486720
811648 486720 64411 984693
64411 984693 -204805 297031
20
444887 -991942 -653734 -853712
-653734 -853712 511222 486344
511222 486344 762372 917180
762372 917180 -624285 447691
-624285 447691 288652 397849
288652 397849 -576057 93232
-576057 93232 150658 247508
150658 247508 -515007 -270585
-515007 -270585 329457 -161591
329457 -161591 728970 -524587
728970 -524587 -815811 -354409
-815811 -354409 -633359 -334151
-633359 -334151 454517 918414
454517 918414 -504578 310868
-504578 310868 359003 -861834
359003 -861834 653174 519114
653174 519114 -405461 374902
-405461 374902 -640173 -391978
-640173 -391978 420619 -78005
420619 -78005 -971883 -513643
20
493191 307740 -792717 900771
-792717 900771 -681970 -713740
-681970 -713740 20525 -472889
20525 -472889 735624 608106
735624 608106 -508702 -653319
-508702 -653319 427210 -697721
427210 -697721 137429 85727
137429 85727 -444327 -781141
-444327 -781141 667706 726026
667706 726026 722106 628615
722106 628615 772365 1023
772365 1023 893412 -711392
893412 -711392 -119208 -830609
-119208 -830609 -960959 -730043
-960959 -730043 375420 -760623
375420 -760623 560692 607641
560692 607641 462222 511041
462222 511041 259443 -78807
259443 -78807 353981 -510404
353981 -510404 -583332 -208735
20
-287739 934896 692743 465122
692743 465122 292505 -885496
292505 -885496 878804 -988550
878804 -988550 439923 -398270
439923 -398270 -64987 412904
-64987 412904 -689537 -631112
-689537 -631112 -105907 700974
-105907 700974 -894643 -574388
-894643 -574388 19912 -707415
19912 -707415 -845175 -740805
-845175 -740805 -135300 291235
-135300 291235 398794 956743
398794 956743 -537548 -538258
-537548 -538258 -131786 8738
-131786 8738 -229456 871053
-229456 871053 814851 -846368
814851 -846368 19033 511943
19033 511943 446082 654645
446082 654645 878542 -202048
878542 -202048 396584 506934
20
4036 -291095 505280 809901
505280 809901 982274 -90954
982274 -90954 266752 361919
266752 361919 -508725 -291409
-508725 -291409 380464 -118624
380464 -118624 401851 -449669
401851 -449669 -913509 -383006
-913509 -383006 -814032 913744
-814032 913744 -707168 362193
-707168 362193 -794706 295589
-794706 295589 -722862 -803396
-722862 -803396 234769 67436
234769 67436 -239958 887591
-239958 887591 -643009 872197
-643009 872197 -770196 398973
-770196 398973 -852116 231064
-852116 231064 -154985 -668496
-154985 -668496 31225 -944301
31225 -944301 -845769 995395
-845769 995395 -621218 -287416
20
946974 -423627 -625985 115641
-625985 115641 -145103 202974
-145103 202974 -496120 -568943
-496120 -568943 -935234 -950441
-935234 -950441 801160 -497451
801160 -497451 -493185 -542060
-493185 -542060 -137551 608540
-137551 608540 -364595 311241
-364595 311241 -26784 -621831
-26784 -621831 100423 -801068
100423 -801068 237692 -685447
237692 -685447 -586978 292221
-586978 292221 751182 -432078
751182 -432078 187319 498822
187319 498822 -743854 -871248
-743854 -871248 -762169 -389539
-762169 -389539 94992 644263
94992 644263 515663 -758883
515663 -758883 -821684 3700
-821684 3700 -319351 -526856
