100
20
49343 724526 -147178 237476
-147178 237476 -870907 -49051
-870907 -49051 -81627 -21882
-81627 -21882 -69160 -40385
-69160 -40385 556585 -763721
556585 -763721 232764 -885425
232764 -885425 147545 681549
147545 681549 -482965 953336
-482965 953336 -392601 -837049
-392601 -837049 729293 -835195
729293 -835195 366543 -95427
366543 -95427 -926732 -648
-926732 -648 -940521 882630
-940521 882630 -245865 -457482
-245865 -457482 24366 512047
24366 512047 -148002 -180112
-148002 -180112 -787534 -540340
-787534 -540340 678940 -429859
678940 -429859 272422 971487
272422 971487 -380202 -26272
20
581992 -776877 -495957 -227667
-495957 -227667 -294809 -226955
-294809 -226955 95180 295062
95180 295062 888171 229141
888171 229141 305014 965914
305014 965914 -749765 143597
-749765 143597 -767572 -723645
-767572 -723645 -499084 -896594
-499084 -896594 -455650 784486
-455650 784486 -890984 55257
-890984 55257 -480863 461674
-480863 461674 -248853 -569158
-248853 -569158 566688 -336672
566688 -336672 353334 963915
353334 963915 -967225 -176828
-967225 -176828 -14140 397256
-14140 397256 -880060 -488005
-880060 -488005 432679 758274
432679 758274 863398 -538142
863398 -538142 829193 -999768
20
528269 438645 -747124 512220
-747124 512220 63278 731218
63278 731218 -202795 -259205
-202795 -259205 178577 250128
178577 250128 -115131 977536
-115131 977536 -801163 -255864
-801163 -255864 -801405 759286
-801405 759286 810930 -776920
810930 -776920 158142 -307081
158142 -307081 -325871 -76903
-325871 -76903 917710 216496
917710 216496 -981167 -949669
-981167 -949669 -910776 472156
-910776 472156 432544 268331
432544 268331 -364103 275912
-364103 275912 517495 -209734
517495 -209734 -416347 -200424
-416347 -200424 572383 557413
572383 557413 536593 880847
536593 880847 161309 17495
20
-801304 75993 224990 634089
224990 634089 344730 292977
344730 292977 -932680 -255532
-932680 -255532 295989 381632
295989 381632 103853 607001
103853 607001 -640377 996019
-640377 996019 735866 -951758
735866 -951758 -202852 -942745
-202852 -942745 -909555 279000
-909555 279000 -930687 562488
-930687 562488 789597 -128625
789597 -128625 665381 797681
665381 797681 -357741 372204
-357741 372204 928127 -514614
928127 -514614 -477447 -98490
-477447 -98490 -639032 972360
-639032 972360 708909 102834
708909 102834 829659 340517
829659 340517 339577 -151007
339577 -151007 41645 706133
20
-563220 201523 220908 805642
220908 805642 -231994 81203
-231994 81203 -402104 -158148
-402104 -158148 -570687 640260
-570687 640260 -874672 -347232
-874672 -347232 -402623 -921110
-402623 -921110 794908 -223085
794908 -223085 -681108 -107466
-681108 -107466 -774333 -211764
-774333 -211764 217924 -421312
217924 -421312 528101 611708
528101 611708 -252798 -545479
-252798 -545479 276130 914871
276130 914871 324716 361989
324716 361989 -222457 469897
-222457 469897 790295 -651794
790295 -651794 41772 -237278
41772 -237278 -644314 486247
-644314 486247 -383997 -825237
-383997 -825237 -16798 -868467
20
-41947 121615 119797 711993
119797 711993 173811 132065
173811 132065 -986943 -471442
-986943 -471442 -388958 463035
-388958 463035 710889 -613741
710889 -613741 -277942 -907758
-277942 -907758 -807061 -649920
-807061 -649920 -71911 212350
-71911 212350 811777 -418717
811777 -418717 -929420 -686822
-929420 -686822 -446509 -946024
-446509 -946024 188458 374713
188458 374713 -464964 -825723
-464964 -825723 -631371 -476231
-631371 -476231 -757151 36521
-757151 36521 376081 -13892
376081 -13892 274447 989494
274447 989494 51907 -128745
51907 -128745 970993 -285393
970993 -285393 -516389 -739501
20
999139 -664976 -141876 290203
-141876 290203 -221864 393502
-221864 393502 -645642 81593
-645642 81593 605851 -153643
605851 -153643 -311013 -775487
-311013 -775487 -56935 -144628
-56935 -144628 995656 658481
995656 658481 371116 -805986
371116 -805986 -815266 -584713
-815266 -584713 -45123 -584791
-45123 -584791 -481584 -488232
-481584 -488232 -830812 -139984
-830812 -139984 332649 -372099
332649 -372099 -743094 368352
-743094 368352 15980 -117202
15980 -117202 863485 -28695
863485 -28695 -104855 -845559
-104855 -845559 -640406 -796795
-640406 -796795 578722 494119
578722 494119 415643 -632042
20
502630 -983876 -831619 -863694
-831619 -863694 -807878 -336858
-807878 -336858 718447 -184032
718447 -184032 -193809 760019
-193809 760019 -535440 -222494
-535440 -222494 273478 -823034
273478 -823034 284417 -533446
284417 -533446 131494 -645823
131494 -645823 344042 880807
344042 880807 142319 468425
142319 468425 -14748 -107653
-14748 -107653 -387450 692006
-387450 692006 569042 -282320
569042 -282320 894249 504291
894249 504291 -519115 188461
-519115 188461 546860 867329
546860 867329 426517 -937268
426517 -937268 -584816 -202573
-584816 -202573 454286 -112906
454286 -112906 839501 747166
20
353442 209747 829844 -254540
829844 -254540 -41830 -518732
-41830 -518732 -801874 -576131
-801874 -576131 -250347 -96556
-250347 -96556 422433 -792620
422433 -792620 259233 646435
259233 646435 -463723 594599
-463723 594599 612020 416615
612020 416615 -122887 678867
-122887 678867 -891820 95686
-891820 95686 164232 -649727
164232 -649727 407369 214025
407369 214025 -165184 -32897
-165184 -32897 -188605 91170
-188605 91170 -88601 -17277
-88601 -17277 442601 961297
442601 961297 674296 664190
674296 664190 -588840 761617
-588840 761617 11119 140124
11119 140124 650656 782994
20
223120 678171 337956 -586879
337956 -586879 18733 172834
18733 172834 -33077 -787952
-33077 -787952 -211767 -441187
-211767 -441187 220045 326335
220045 326335 554762 -934602
554762 -934602 905533 590197
905533 590197 -875055 570284
-875055 570284 -970191 15127
-970191 15127 -686862 -362796
-686862 -362796 556618 -588374
556618 -588374 989907 280974
989907 280974 225007 645409
225007 645409 428043 -764929
428043 -764929 835690 533860
835690 533860 803286 -188920
803286 -188920 -629195 -640254
-629195 -640254 -213971 -796082
-213971 -796082 223417 9648
223417 9648 -975363 772521
20
123774 -637788 -766844 432904
-766844 432904 -931570 239455
-931570 239455 -401006 -779784
-401006 -779784 704130 -87730
704130 -87730 678072 -714618
678072 -714618 802321 -479431
802321 -479431 -920755 466652
-920755 466652 501500 -224683
501500 -224683 -615098 333823
-615098 333823 850216 -723330
850216 -723330 -128913 927424
-128913 927424 34380 -463341
34380 -463341 929278 -978645
929278 -978645 274174 -480197
274174 -480197 -870685 -592384
-870685 -592384 705999 9667
705999 9667 385630 258602
385630 258602 -711953 -99698
-711953 -99698 -880021 86606
-880021 86606 471664 752620
20
542010 -669346 897078 -50759
897078 -50759 274509 -746741
274509 -746741 85968 214841
85968 214841 -692353 704862
-692353 704862 -48733 399221
-48733 399221 -145126 -606027
-145126 -606027 -817173 -108056
-817173 -108056 888849 248844
888849 248844 333386 -962939
333386 -962939 256053 445825
256053 445825 -616349 -974898
-616349 -974898 -42074 356504
-42074 356504 -562938 -321977
-562938 -321977 233945 -861595
233945 -861595 8260 503407
8260 503407 807277 -649316
807277 -649316 -688774 476276
-688774 476276 654663 648814
654663 648814 401367 -505802
401367 -505802 926409 431759
20
-3554 19923 -76518 -143082
-76518 -143082 849489 77219
849489 77219 -784750 957863
-784750 957863 -234813 177151
-234813 177151 482771 721568
482771 721568 -831680 -523357
-831680 -523357 -319860 402676
-319860 402676 148992 665614
148992 665614 512743 -214462
512743 -214462 -734329 408055
-734329 408055 -815334 655167
-815334 655167 531465 712279
531465 712279 -879895 -159143
-879895 -159143 645697 279899
645697 279899 595611 -272685
595611 -272685 494594 908983
494594 908983 -990361 -755449
-990361 -755449 -897418 161975
-897418 161975 423969 -381964
423969 -381964 -675721 744642
20
-984276 -432286 794512 900354
794512 900354 907218 411216
907218 411216 638680 -603171
638680 -603171 651578 -122916
651578 -122916 -490401 -76334
-490401 -76334 -89213 850172
-89213 850172 152486 -197730
152486 -197730 -430397 223010
-430397 223010 905310 -954113
905310 -954113 -42865 -894198
-42865 -894198 720647 -605223
720647 -605223 387054 -272756
387054 -272756 842694 63398
842694 63398 -768537 47264
-768537 47264 776162 13710
776162 13710 -450606 -213770
-450606 -213770 290976 324654
290976 324654 -724248 392085
-724248 392085 303987 -694140
303987 -694140 638077 101239
20
-517454 575329 -526526 597311
-526526 597311 -310603 -199152
-310603 -199152 868445 457406
868445 457406 472435 910431
472435 910431 -991546 897933
-991546 897933 560395 -499321
560395 -499321 114391 -519310
114391 -519310 987029 -288386
987029 -288386 -977131 100586
-977131 100586 -540369 498352
-540369 498352 855321 -974101
855321 -974101 32279 -546252
32279 -546252 482858 -518731
482858 -518731 -39266 -82191
-39266 -82191 -517040 -776476
-517040 -776476 438461 35906
438461 35906 -828322 138645
-828322 138645 786296 883526
786296 883526 -259927 955572
-259927 955572 -592525 -334407
20
157290 405436 -709128 -241161
-709128 -241161 -370931 -883090
-370931 -883090 -210873 -984853
-210873 -984853 69210 -638586
69210 -638586 380941 772378
380941 772378 25317 -858995
25317 -858995 -534102 558623
-534102 558623 902764 245144
902764 245144 -736148 -188528
-736148 -188528 450573 -806840
450573 -806840 608916 119068
608916 119068 887728 -487381
887728 -487381 898346 649414
898346 649414 501383 -352525
501383 -352525 -117308 984563
-117308 984563 -689236 -86752
-689236 -86752 148471 -810763
148471 -810763 47790 -363787
47790 -363787 -867021 -271795
-867021 -271795 -260941 950558
20
-155623 658500 -788678 -781779
-788678 -781779 781008 484178
781008 484178 379876 842963
379876 842963 -777580 786471
-777580 786471 -182580 541922
-182580 541922 55140 505590
55140 505590 -99236 -75122
-99236 -75122 998561 -213188
998561 -213188 -807600 321030
-807600 321030 211049 -159934
211049 -159934 368076 918986
368076 918986 -226489 78420
-226489 78420 120009 881012
120009 881012 163029 -193799
163029 -193799 -832568 -478504
-832568 -478504 498953 532857
498953 532857 -482939 851278
-482939 851278 -755334 731059
-755334 731059 -103776 679273
-103776 679273 -155391 -828705
20
-644924 -873748 655400 -794483
655400 -794483 533699 -588801
533699 -588801 663415 358510
663415 358510 607109 674275
607109 674275 427367 -28857
427367 -28857 602123 -829924
602123 -829924 -508745 721212
-508745 721212 582391 73983
582391 73983 233689 -29332
233689 -29332 444558 -848274
444558 -848274 -142559 752234
-142559 752234 189534 -609737
189534 -609737 -34343 127193
-34343 127193 474543 446899
474543 446899 27197 -449811
27197 -449811 476939 -691977
476939 -691977 806422 -640546
806422 -640546 -343497 -616556
-343497 -616556 576936 190020
576936 190020 818393 -13580
20
-808956 230739 663308 788638
663308 788638 -223026 448487
-223026 448487 -921966 249163
-921966 249163 989898 -65631
989898 -65631 -887122 325976
-887122 325976 656872 -276717
656872 -276717 -103898 -212929
-103898 -212929 635649 430977
635649 430977 -411928 218739
-411928 218739 -295856 638988
-295856 638988 -134869 653599
-134869 653599 -871102 -179084
-871102 -179084 292424 7322
292424 7322 834950 -83363
834950 -83363 566827 265519
566827 265519 -797867 -30306
-797867 -30306 994690 952037
994690 952037 -105152 7388
-105152 7388 127981 207409
127981 207409 501894 851511
20
707352 -594667 2299 -849295
2299 -849295 534095 -639080
534095 -639080 -898002 -560308
-898002 -560308 849760 753731
849760 753731 -897414 -565242
-897414 -565242 566347 9078
566347 9078 -959660 -565629
-959660 -565629 -552755 548644
-552755 548644 -830313 -387940
-830313 -387940 -945664 -212647
-945664 -212647 254750 434648
254750 434648 377734 -720272
377734 -720272 546504 -153701
546504 -153701 617568 680653
617568 680653 -37956 418889
-37956 418889 113429 -699491
113429 -699491 -136432 -215988
-136432 -215988 773448 -672431
773448 -672431 -83846 986572
-83846 986572 -140123 -893198
20
-467266 744016 -982361 -889242
-982361 -889242 -235007 -422526
-235007 -422526 -823380 -340185
-823380 -340185 543460 983495
543460 983495 510681 206125
510681 206125 -330995 -649435
-330995 -649435 219016 454656
219016 454656 972110 313508
972110 313508 -302281 914449
-302281 914449 94953 926007
94953 926007 447878 -56080
447878 -56080 118268 -288240
118268 -288240 -561447 87155
-561447 87155 928815 402898
928815 402898 326577 271517
326577 271517 779269 -912842
779269 -912842 -67286 232045
-67286 232045 162199 413666
162199 413666 -122554 -869005
-122554 -869005 961102 781745
20
310953 -932434 37164 161495
37164 161495 401534 -925962
401534 -925962 -926008 420103
-926008 420103 -903304 -570494
-903304 -570494 366078 -745326
366078 -745326 -367608 -671412
-367608 -671412 -282625 184391
-282625 184391 424402 393246
424402 393246 32440 829822
32440 829822 -964033 320422
-964033 320422 -757949 730759
-757949 730759 -291679 -948585
-291679 -948585 -372397 429547
-372397 429547 -533961 445448
-533961 445448 -478382 -726060
-478382 -726060 175655 917428
175655 917428 -383235 200241
-383235 200241 971919 -475150
971919 -475150 305506 64906
305506 64906 582791 224552
20
-500770 275550 384159 721350
384159 721350 463547 -31168
463547 -31168 -567983 -917421
-567983 -917421 293150 -321326
293150 -321326 805832 504421
805832 504421 405660 -611066
405660 -611066 833590 -895545
833590 -895545 522056 -493703
522056 -493703 531587 -352887
531587 -352887 -551934 623891
-551934 623891 -29966 407258
-29966 407258 484965 -141522
484965 -141522 -832079 -198120
-832079 -198120 834056 33502
834056 33502 677507 -608528
677507 -608528 -255553 976048
-255553 976048 602677 -273887
602677 -273887 -145571 293379
-145571 293379 -581997 929255
-581997 929255 915421 -414666
20
-215227 -486272 511709 858682
511709 858682 729511 -916052
729511 -916052 307839 812978
307839 812978 596927 114984
596927 114984 527810 175870
527810 175870 564588 966711
564588 966711 -758629 -238059
-758629 -238059 -19094 -910139
-19094 -910139 -563784 979045
-563784 979045 207177 157154
207177 157154 625254 -349298
625254 -349298 -365123 -711456
-365123 -711456 -686162 -149103
-686162 -149103 -496001 -196917
-496001 -196917 409984 -60226
409984 -60226 -846660 -6095
-846660 -6095 830895 484460
830895 484460 -430756 -675640
-430756 -675640 -141058 -293138
-141058 -293138 357068 831922
20
-466712 -689303 694882 381573
694882 381573 922813 587801
922813 587801 -839332 -931459
-839332 -931459 -212051 717161
-212051 717161 665161 -16404
665161 -16404 272762 561683
272762 561683 953186 -376424
953186 -376424 463599 -184185
463599 -184185 -138069 -572372
-138069 -572372 -249404 -55656
-249404 -55656 323037 187826
323037 187826 -747110 185713
-747110 185713 859965 20113
859965 20113 565126 846556
565126 846556 651278 787299
651278 787299 -725831 279632
-725831 279632 -884802 -910133
-884802 -910133 171232 818773
171232 818773 444754 625178
444754 625178 -284394 -511490
20
-399194 570931 468988 -630608
468988 -630608 978291 -105170
978291 -105170 559724 966151
559724 966151 -294887 678364
-294887 678364 -214 665199
-214 665199 854943 -877674
854943 -877674 85167 -260471
85167 -260471 -909827 -774047
-909827 -774047 -757330 545698
-757330 545698 579500 -911760
579500 -911760 62079 757724
62079 757724 -352675 -664082
-352675 -664082 249328 -665935
249328 -665935 -101337 755818
-101337 755818 -333367 -31173
-333367 -31173 -318994 133834
-318994 133834 -6970 235104
-6970 235104 -506126 -708573
-506126 -708573 171589 -56126
171589 -56126 -189952 270223
20
-111346 -312606 -314947 283058
-314947 283058 991220 -651495
991220 -651495 426734 533260
426734 533260 -646081 -21659
-646081 -21659 -866592 908550
-866592 908550 438843 155037
438843 155037 124613 23147
124613 23147 976172 -168277
976172 -168277 -864855 -276142
-864855 -276142 -24667 -993699
-24667 -993699 -187094 -692678
-187094 -692678 355800 659155
355800 659155 -680061 656335
-680061 656335 184071 553226
184071 553226 -219599 764880
-219599 764880 -188677 -398265
-188677 -398265 338159 96233
338159 96233 372046 623475
372046 623475 -975941 940483
-975941 940483 922010 -615754
20
827193 763253 -170947 -144352
-170947 -144352 -180137 -819473
-180137 -819473 869422 -675886
869422 -675886 629358 -471397
629358 -471397 103121 -798476
103121 -798476 46129 908289
46129 908289 51053 -36112
51053 -36112 -808455 -929563
-808455 -929563 -201383 525517
-201383 525517 957788 743434
957788 743434 45135 -257065
45135 -257065 -78857 -329166
-78857 -329166 15284 -739389
15284 -739389 794320 -769475
794320 -769475 442417 988935
442417 988935 382794 265867
382794 265867 -169797 155940
-169797 155940 488057 -602392
488057 -602392 176646 635494
176646 635494 790370 720528
20
298612 535953 267008 -159439
267008 -159439 -879645 628642
-879645 628642 367263 667929
367263 667929 51069 96295
51069 96295 774527 874005
774527 874005 -103040 -235375
-103040 -235375 126000 607130
126000 607130 -377802 946587
-377802 946587 257017 642600
257017 642600 46654 55456
46654 55456 -392739 384250
-392739 384250 291852 -356149
291852 -356149 867106 -352006
867106 -352006 211257 -288741
211257 -288741 560905 -930881
560905 -930881 -189009 -963888
-189009 -963888 -154849 2651
-154849 2651 -457492 296750
-457492 296750 678306 226098
678306 226098 536301 71448
20
-955843 546734 123736 768909
123736 768909 -955238 -834199
-955238 -834199 -899157 -678494
-899157 -678494 683039 35848
683039 35848 651818 496773
651818 496773 7578 -535520
7578 -535520 -64804 -395389
-64804 -395389 -96059 -938244
-96059 -938244 153343 -555600
153343 -555600 -460210 -537764
-460210 -537764 -130660 230207
-130660 230207 -489353 350785
-489353 350785 248028 951726
248028 951726 -367487 753507
-367487 753507 162349 -519185
162349 -519185 -216034 58636
-216034 58636 -834614 156813
-834614 156813 527017 -154326
527017 -154326 261782 732364
261782 732364 168953 306351
20
-964021 90885 -142970 836371
-142970 836371 -408162 -934100
-408162 -934100 -84043 475942
-84043 475942 -49893 481863
-49893 481863 -650130 -431058
-650130 -431058 58972 684159
58972 684159 -745142 -262442
-745142 -262442 6543 359907
6543 359907 -702126 168217
-702126 168217 -546679 -269091
-546679 -269091 993523 578013
993523 578013 842077 745307
842077 745307 558955 994024
558955 994024 -867251 738949
-867251 738949 -864888 227704
-864888 227704 550908 58174
550908 58174 -93743 840844
-93743 840844 192880 290594
192880 290594 -577522 -529359
-577522 -529359 -131635 -207219
20
800235 598145 470565 -941584
470565 -941584 -370939 -295232
-370939 -295232 33320 -151113
33320 -151113 -855874 357382
-855874 357382 -242224 -318746
-242224 -318746 -827844 -306429
-827844 -306429 -378533 -959636
-378533 -959636 -30035 810049
-30035 810049 -167557 793179
-167557 793179 629434 14464
629434 14464 249924 -819601
249924 -819601 590804 -91650
590804 -91650 322127 325862
322127 325862 657456 -834345
657456 -834345 -394950 354729
-394950 354729 44024 623607
44024 623607 -984131 -403054
-984131 -403054 -408629 497883
-408629 497883 -390808 895014
-390808 895014 -605693 -415155
20
859948 -464128 894562 949703
894562 949703 -269728 -297431
-269728 -297431 604663 -266034
604663 -266034 925570 -616169
925570 -616169 362818 -595196
362818 -595196 544055 634437
544055 634437 44018 784367
44018 784367 -820365 522646
-820365 522646 432536 625934
432536 625934 -136903 822195
-136903 822195 -702906 -284088
-702906 -284088 499519 -658479
499519 -658479 718659 549914
718659 549914 -472013 -275964
-472013 -275964 951508 -17197
951508 -17197 93649 -296394
93649 -296394 798425 459075
798425 459075 998113 541927
998113 541927 -965726 -515248
-965726 -515248 198970 995242
20
913638 218553 -422966 213748
-422966 213748 95474 135817
95474 135817 -436245 521964
-436245 521964 25521 767977
25521 767977 -521399 -483370
-521399 -483370 -48012 230144
-48012 230144 515996 -853203
515996 -853203 -400765 691453
-400765 691453 -593144 -352770
-593144 -352770 -490101 -272852
-490101 -272852 481183 607634
481183 607634 267513 650097
267513 650097 955106 -341613
955106 -341613 -214818 287730
-214818 287730 -326999 699191
-326999 699191 -647649 273130
-647649 273130 -178385 -60187
-178385 -60187 -49880 -152349
-49880 -152349 526407 -680972
526407 -680972 -365778 -825641
20
986791 -802895 -55136 957861
-55136 957861 -579296 126719
-579296 126719 -964160 260336
-964160 260336 -484696 21773
-484696 21773 140937 -388584
140937 -388584 825221 -132895
825221 -132895 -810985 552020
-810985 552020 -812869 -684658
-812869 -684658 -785313 -301459
-785313 -301459 690131 -401487
690131 -401487 -750936 540961
-750936 540961 352919 374463
352919 374463 331913 -922792
331913 -922792 446241 -70291
446241 -70291 552950 -508951
552950 -508951 374266 -615174
374266 -615174 -439612 287742
-439612 287742 368370 899932
368370 899932 212019 -444888
212019 -444888 941917 -81747
20
-642266 632430 965177 714683
965177 714683 546763 -704966
546763 -704966 -249232 442858
-249232 442858 909977 -249778
909977 -249778 -560063 484951
-560063 484951 236501 -133703
236501 -133703 687157 244647
687157 244647 361848 -107500
361848 -107500 -34280 706929
-34280 706929 -678705 -955045
-678705 -955045 682097 -655346
682097 -655346 396659 102807
396659 102807 546450 -527489
546450 -527489 -704536 163796
-704536 163796 -736082 -139592
-736082 -139592 -912827 -837055
-912827 -837055 -904437 740020
-904437 740020 -683066 392573
-683066 392573 -240231 863390
-240231 863390 -810766 565020
20
222643 -297984 782157 196260
782157 196260 978624 -501720
978624 -501720 733833 544384
733833 544384 -184925 206889
-184925 206889 540620 771785
540620 771785 -635222 -866942
-635222 -866942 -967826 -995344
-967826 -995344 454489 777945
454489 777945 -148263 988378
-148263 988378 -158892 742512
-158892 742512 531823 63657
531823 63657 -29702 654811
-29702 654811 -742075 463422
-742075 463422 -658409 154255
-658409 154255 -564896 620681
-564896 620681 772 629857
772 629857 -680569 29524
-680569 29524 -809179 -330378
-809179 -330378 194750 732187
194750 732187 438598 87813
20
-761953 -795301 -763275 -956302
-763275 -956302 742792 480636
742792 480636 -441195 125721
-441195 125721 -682696 -588332
-682696 -588332 -243385 -946945
-243385 -946945 -447190 173700
-447190 173700 -306647 -82523
-306647 -82523 944054 675413
944054 675413 219737 -22424
219737 -22424 -875597 860258
-875597 860258 -272036 173344
-272036 173344 551664 569833
551664 569833 -675707 577922
-675707 577922 -218256 -224521
-218256 -224521 -113900 -484950
-113900 -484950 -583230 -324572
-583230 -324572 651622 899252
651622 899252 -961650 908835
-961650 908835 -212169 -864435
-212169 -864435 -102254 -893926
20
-368583 514320 930106 106969
930106 106969 -991539 664457
-991539 664457 -489248 316006
-489248 316006 -979418 455978
-979418 455978 -997010 381464
-997010 381464 394554 -356279
394554 -356279 -189637 26054
-189637 26054 53858 -197007
53858 -197007 -971996 352264
-971996 352264 -235002 -288347
-235002 -288347 -547706 545141
-547706 545141 -400704 733123
-400704 733123 -878750 -8633
-878750 -8633 -243776 492171
-243776 492171 751489 800860
751489 800860 -49778 575166
-49778 575166 -802781 614553
-802781 614553 -833402 -609933
-833402 -609933 -224660 -919242
-224660 -919242 410948 -760502
20
890243 -936463 -669098 353017
-669098 353017 290969 687860
290969 687860 -670829 -314335
-670829 -314335 -96792 -653226
-96792 -653226 -468246 990925
-468246 990925 518599 -896954
518599 -896954 124400 694129
124400 694129 -380147 459625
-380147 459625 812280 540642
812280 540642 758761 665266
758761 665266 582719 530202
582719 530202 899872 -465185
899872 -465185 -733241 -572277
-733241 -572277 523548 136245
523548 136245 -679066 429617
-679066 429617 851486 -391495
851486 -391495 -913574 737879
-913574 737879 -160066 393505
-160066 393505 -757685 337169
-757685 337169 986586 790530
20
149657 973984 -698105 -756816
-698105 -756816 452449 676096
452449 676096 -517618 -597637
-517618 -597637 534001 867698
534001 867698 -340984 -80170
-340984 -80170 807367 513628
807367 513628 -663516 -609849
-663516 -609849 -939457 -694744
-939457 -694744 -465342 874300
-465342 874300 285781 -795215
285781 -795215 107175 -673822
107175 -673822 841889 -397480
841889 -397480 564299 901750
564299 901750 -85425 481406
-85425 481406 -132274 341951
-132274 341951 -842554 -521052
-842554 -521052 116115 192601
116115 192601 -908961 37976
-908961 37976 -592113 376238
-592113 376238 336808 275081
20
-689340 619258 -57003 428263
-57003 428263 35949 -171822
35949 -171822 -765493 -178919
-765493 -178919 -282985 759290
-282985 759290 -283944 297123
-283944 297123 -337490 928227
-337490 928227 972843 -285899
972843 -285899 -837099 390592
-837099 390592 294899 -99669
294899 -99669 850612 -409986
850612 -409986 -584022 284924
-584022 284924 -457695 -738476
-457695 -738476 517907 -911952
517907 -911952 -386328 -50250
-386328 -50250 112320 815347
112320 815347 -943877 -483468
-943877 -483468 363453 -740135
363453 -740135 -256439 672828
-256439 672828 144835 491700
144835 491700 -894437 -347977
20
-657066 955764 590488 -802596
590488 -802596 860227 -338171
860227 -338171 -269502 -541421
-269502 -541421 -284902 -507550
-284902 -507550 -876545 534702
-876545 534702 -433202 391141
-433202 391141 -445227 791993
-445227 791993 -488737 -110339
-488737 -110339 98482 -455611
98482 -455611 939022 -911972
939022 -911972 754538 394151
754538 394151 187591 -373253
187591 -373253 -701165 943208
-701165 943208 535034 -316185
535034 -316185 -562320 506856
-562320 506856 651004 -523811
651004 -523811 -259436 -335441
-259436 -335441 -217554 472717
-217554 472717 -36446 -608598
-36446 -608598 -848927 -840107
20
598417 984723 510587 358106
510587 358106 666935 -657338
666935 -657338 -558389 891752
-558389 891752 -369659 -61790
-369659 -61790 -145531 356309
-145531 356309 680331 -133979
680331 -133979 643729 -275494
643729 -275494 450002 23988
450002 23988 -190138 202688
-190138 202688 -916488 -908448
-916488 -908448 -822306 579514
-822306 579514 -757472 -669613
-757472 -669613 -26722 261159
-26722 261159 838901 -930622
838901 -930622 884514 947911
884514 947911 301424 349032
301424 349032 -777289 -296348
-777289 -296348 748269 -991949
748269 -991949 -70770 -764553
-70770 -764553 519557 -431824
20
92683 555162 -42648 -452275
-42648 -452275 427085 363129
427085 363129 923647 -677678
923647 -677678 -253303 124586
-253303 124586 401616 -59540
401616 -59540 -603566 -141035
-603566 -141035 267990 509341
267990 509341 -744367 706521
-744367 706521 584196 64002
584196 64002 -716100 973015
-716100 973015 183908 471374
183908 471374 -265010 -443852
-265010 -443852 -642366 -971898
-642366 -971898 820479 -838860
820479 -838860 110778 -146590
110778 -146590 61704 -390494
61704 -390494 -826732 258330
-826732 258330 -715888 358154
-715888 358154 -929635 -678587
-929635 -678587 -60232 108047
20
-760372 362307 -786482 493758
-786482 493758 -680001 942620
-680001 942620 504395 729092
504395 729092 286114 135974
286114 135974 760293 -603846
760293 -603846 -104164 -79239
-104164 -79239 7712 -420922
7712 -420922 -722026 908824
-722026 908824 -586386 666866
-586386 666866 -325885 -537575
-325885 -537575 -341828 -800124
-341828 -800124 905501 165091
905501 165091 -89764 654291
-89764 654291 -773699 -562490
-773699 -562490 -77066 -141428
-77066 -141428 -838079 -986410
-838079 -986410 -982794 -477489
-982794 -477489 417596 -867206
417596 -867206 -91709 -775457
-91709 -775457 -395178 -98912
20
-464723 988038 766724 745971
766724 745971 415681 9566
415681 9566 896700 -447559
896700 -447559 -551008 -841498
-551008 -841498 -967009 -981703
-967009 -981703 -652413 229404
-652413 229404 994528 476812
994528 476812 368017 -315508
368017 -315508 130186 -42219
130186 -42219 -400029 -486538
-400029 -486538 34638 883666
34638 883666 -751748 17633
-751748 17633 377503 300716
377503 300716 552705 -559084
552705 -559084 -218250 -7350
-218250 -7350 101090 888534
101090 888534 -277790 -442727
-277790 -442727 -655214 -137407
-655214 -137407 583412 -328301
583412 -328301 -828166 -399843
20
-826805 -363261 715344 -405391
715344 -405391 -863500 457626
-863500 457626 58065 210599
58065 210599 -601590 -545074
-601590 -545074 160969 -268790
160969 -268790 -387562 -7401
-387562 -7401 803646 747517
803646 747517 221357 403505
221357 403505 739934 846971
739934 846971 -99575 -407559
-99575 -407559 584729 -895167
584729 -895167 -203373 758701
-203373 758701 -541797 -711263
-541797 -711263 203723 539418
203723 539418 339131 662753
339131 662753 -389011 830122
-389011 830122 281408 -846193
281408 -846193 -78702 -26459
-78702 -26459 326277 221298
326277 221298 -75795 259100
20
-603375 -500015 594700 487426
594700 487426 -55557 601411
-55557 601411 -317362 518983
-317362 518983 -364551 456068
-364551 456068 966279 552278
966279 552278 -700942 312076
-700942 312076 -515710 721379
-515710 721379 -913203 465730
-913203 465730 286456 197547
286456 197547 738480 454574
738480 454574 -823412 -564675
-823412 -564675 -21225 -18625
-21225 -18625 21957 563079
21957 563079 629568 -703991
629568 -703991 135424 -141521
135424 -141521 -55114 904748
-55114 904748 766173 -706973
766173 -706973 754512 -259653
754512 -259653 636767 306547
636767 306547 992492 81836
20
335123 438008 -669496 -591735
-669496 -591735 452948 814583
452948 814583 -482757 141488
-482757 141488 581553 274512
581553 274512 -810024 502568
-810024 502568 -521088 -113444
-521088 -113444 -862865 -558763
-862865 -558763 250014 -857357
250014 -857357 394176 198979
394176 198979 -406750 523970
-406750 523970 260073 -492232
260073 -492232 -57812 79950
-57812 79950 112181 372919
112181 372919 -576094 -491779
-576094 -491779 -175329 -695123
-175329 -695123 656207 -551866
656207 -551866 -707777 798189
-707777 798189 701123 14377
701123 14377 -238313 600879
-238313 600879 -98713 -61879
20
-920016 -539983 862445 168726
862445 168726 -886158 338524
-886158 338524 460490 -724688
460490 -724688 449352 -375638
449352 -375638 382186 -427709
382186 -427709 693761 -871077
693761 -871077 85382 -753833
85382 -753833 749103 -746233
749103 -746233 -883353 821640
-883353 821640 176346 346109
176346 346109 -499928 -560914
-499928 -560914 501513 786423
501513 786423 480882 841498
480882 841498 -428517 -446395
-428517 -446395 -20372 -49791
-20372 -49791 40746 920681
40746 920681 859754 -196371
859754 -196371 628491 -665523
628491 -665523 785737 297503
785737 297503 -343219 751828
20
311087 -914133 -948531 -285608
-948531 -285608 -618201 229318
-618201 229318 737803 832609
737803 832609 22617 -923024
22617 -923024 268446 672089
268446 672089 783345 929429
783345 929429 -200791 573783
-200791 573783 -764709 394938
-764709 394938 -414778 206101
-414778 206101 237400 89541
237400 89541 -194698 -837491
-194698 -837491 -605 893273
-605 893273 -307114 494803
-307114 494803 -538436 -279560
-538436 -279560 451943 237931
451943 237931 322379 -482727
322379 -482727 -687305 -184808
-687305 -184808 -931864 854958
-931864 854958 158580 -478982
158580 -478982 -67567 -712160
20
-929951 803374 487169 611121
487169 611121 735503 326195
735503 326195 -566685 42054
-566685 42054 -798115 194762
-798115 194762 88832 -821237
88832 -821237 -652470 -624640
-652470 -624640 -485765 -538591
-485765 -538591 158836 492653
158836 492653 786543 107698
786543 107698 780394 -127253
780394 -127253 471334 -468589
471334 -468589 -729040 859089
-729040 859089 -681147 -388722
-681147 -388722 974741 929830
974741 929830 838859 251928
838859 251928 327598 713101
327598 713101 -158041 847741
-158041 847741 -866636 960094
-866636 960094 -870032 193894
-870032 193894 -692394 -193585
20
-934152 -827766 237095 378340
237095 378340 -14306 173018
-14306 173018 989278 204498
989278 204498 611333 -577298
611333 -577298 -472584 -293514
-472584 -293514 70304 -876619
70304 -876619 -568563 -143421
-568563 -143421 391711 -115441
391711 -115441 -950229 -55483
-950229 -55483 556467 748606
556467 748606 -365268 -192494
-365268 -192494 -890837 794992
-890837 794992 -273738 -448251
-273738 -448251 360431 -499833
360431 -499833 664004 -519723
664004 -519723 -60819 -526651
-60819 -526651 939673 139672
939673 139672 -599525 619930
-599525 619930 363781 145289
363781 145289 -691346 -213832
20
107681 -862878 -141087 461646
-141087 461646 -425915 733000
-425915 733000 -553616 510543
-553616 510543 247854 25666
247854 25666 -669561 658398
-669561 658398 -483751 576928
-483751 576928 -13571 825757
-13571 825757 817959 148726
817959 148726 -165216 -306081
-165216 -306081 482915 -525489
482915 -525489 940692 110889
940692 110889 -670806 308225
-670806 308225 931583 -436174
931583 -436174 -243957 537471
-243957 537471 -541127 238882
-541127 238882 352470 -20151
352470 -20151 509065 603219
509065 603219 -832089 954462
-832089 954462 -853586 746257
-853586 746257 881091 698052
20
56691 -449931 -374968 128939
-374968 128939 26666 -632862
26666 -632862 518149 712359
518149 712359 638512 -190339
638512 -190339 390840 -298938
390840 -298938 -640044 361010
-640044 361010 -803401 490663
-803401 490663 -355306 111851
-355306 111851 575551 594862
575551 594862 -126607 -661306
-126607 -661306 -471437 994813
-471437 994813 -381930 914424
-381930 914424 152357 -889362
152357 -889362 -561728 -827224
-561728 -827224 -934295 -394131
-934295 -394131 -59186 458722
-59186 458722 380693 -77017
380693 -77017 -545367 2664
-545367 2664 -212826 453801
-212826 453801 -198898 -771494
20
-559556 -937358 580791 859778
580791 859778 -138505 5973
-138505 5973 360635 -2642
360635 -2642 14377 -772819
14377 -772819 742394 148508
742394 148508 878738 311231
878738 311231 -304547 467617
-304547 467617 566339 -691301
566339 -691301 621877 -323628
621877 -323628 18034 -829652
18034 -829652 809799 -729132
809799 -729132 664683 -159353
664683 -159353 -69668 -131195
-69668 -131195 243056 -202951
243056 -202951 -282454 -195803
-282454 -195803 237365 -638946
237365 -638946 946710 897182
946710 897182 348164 -904662
348164 -904662 91208 -34141
91208 -34141 454005 -282711
20
-497416 -843351 -901036 483015
-901036 483015 867350 -345146
867350 -345146 -970660 -362045
-970660 -362045 -500875 701063
-500875 701063 -204632 -51334
-204632 -51334 -670280 539520
-670280 539520 923595 840050
923595 840050 -900819 -454348
-900819 -454348 844748 535725
844748 535725 -914825 3445
-914825 3445 679498 -301970
679498 -301970 -316087 -698536
-316087 -698536 -777455 763825
-777455 763825 -94506 743373
-94506 743373 178895 -54
178895 -54 616102 -889994
616102 -889994 -993119 708126
-993119 708126 687440 468479
687440 468479 -979797 -224689
-979797 -224689 844259 45446
20
-73192 -239225 463069 255984
463069 255984 151197 861696
151197 861696 648726 849807
648726 849807 183342 216966
183342 216966 -439210 853822
-439210 853822 -930996 189192
-930996 189192 -709287 -489714
-709287 -489714 -813686 -742642
-813686 -742642 49806 245631
49806 245631 232300 -298880
232300 -298880 262720 684473
262720 684473 -701293 228775
-701293 228775 500724 343493
500724 343493 533443 -773648
533443 -773648 -988935 803551
-988935 803551 450802 194329
450802 194329 139139 -251321
139139 -251321 -459593 -949092
-459593 -949092 379468 855373
379468 855373 -116562 948068
20
-198925 -492368 845666 -585727
845666 -585727 -461682 -719303
-461682 -719303 -462030 738691
-462030 738691 666114 -465205
666114 -465205 -913230 -516108
-913230 -516108 461455 815514
461455 815514 -307397 -643481
-307397 -643481 -720421 -802991
-720421 -802991 475127 949566
475127 949566 741041 287836
741041 287836 661190 -179868
661190 -179868 -218111 473175
-218111 473175 -284573 -190296
-284573 -190296 -356360 -939147
-356360 -939147 291604 -177354
291604 -177354 -692722 -120331
-692722 -120331 814201 883390
814201 883390 -217330 -32664
-217330 -32664 -83780 -973474
-83780 -973474 496006 -635519
20
779704 -942517 -446174 -789289
-446174 -789289 -157493 644360
-157493 644360 -740182 34589
-740182 34589 847043 124168
847043 124168 141716 720942
141716 720942 975203 608613
975203 608613 -423093 -475475
-423093 -475475 261621 126744
261621 126744 589442 -120764
589442 -120764 628104 78528
628104 78528 -370985 -58065
-370985 -58065 -742944 -286976
-742944 -286976 87689 387697
87689 387697 18612 80223
18612 80223 -451248 947725
-451248 947725 981929 -204876
981929 -204876 78342 -683261
78342 -683261 -101600 427524
-101600 427524 130152 -556856
130152 -556856 967151 794566
20
-730422 -847947 899068 34632
899068 34632 693155 -573381
693155 -573381 -660779 -873755
-660779 -873755 549780 570578
549780 570578 767578 -851870
767578 -851870 517985 644435
517985 644435 988081 -669804
988081 -669804 266882 -142380
266882 -142380 147669 -978646
147669 -978646 -764462 751220
-764462 751220 -335631 546775
-335631 546775 936798 361860
936798 361860 -545311 -204150
-545311 -204150 -427291 -616820
-427291 -616820 344646 186527
344646 186527 -176075 -140680
-176075 -140680 -56515 -578494
-56515 -578494 895325 478641
895325 478641 30543 436952
30543 436952 992918 -238314
20
-868538 -949929 -102952 62460
-102952 62460 -778254 -768333
-778254 -768333 725598 278240
725598 278240 649253 571510
649253 571510 360712 -361699
360712 -361699 -1375 719019
-1375 719019 -910736 971143
-910736 971143 -690031 233785
-690031 233785 -542128 35489
-542128 35489 955643 809748
955643 809748 757015 -204360
757015 -204360 -935529 -617577
-935529 -617577 350630 410059
350630 410059 896440 138028
896440 138028 -521492 -29251
-521492 -29251 -589330 911777
-589330 911777 -131381 800655
-131381 800655 749734 662480
749734 662480 680083 -647267
680083 -647267 355344 -838117
20
-445398 722123 -667580 943897
-667580 943897 -443103 -594946
-443103 -594946 572449 927092
572449 927092 -742325 -64232
-742325 -64232 -595570 -511211
-595570 -511211 112672 -218591
112672 -218591 -616995 447881
-616995 447881 828505 -810857
828505 -810857 270732 795935
270732 795935 -59536 327119
-59536 327119 -107293 -528075
-107293 -528075 213260 312849
213260 312849 556198 70802
556198 70802 93235 403567
93235 403567 463647 -577724
463647 -577724 -874484 -762384
-874484 -762384 -736776 -606348
-736776 -606348 708657 297696
708657 297696 872038 -477693
872038 -477693 -121377 520634
20
-933992 -320739 -32138 902780
-32138 902780 -546855 -805838
-546855 -805838 163603 152009
163603 152009 207745 208358
207745 208358 56777 -419325
56777 -419325 -64784 128806
-64784 128806 733035 820458
733035 820458 -11151 -725703
-11151 -725703 60670 -700591
60670 -700591 -161209 -893572
-161209 -893572 -920555 457532
-920555 457532 -77561 -607201
-77561 -607201 733607 464328
733607 464328 -714217 829728
-714217 829728 406869 134723
406869 134723 -887531 782975
-887531 782975 -427832 -722259
-427832 -722259 -930611 110772
-930611 110772 571366 292685
571366 292685 593427 797164
20
-337339 -639467 662671 -277905
662671 -277905 691211 399957
691211 399957 253093 -146665
253093 -146665 429791 179364
429791 179364 9323 -765502
9323 -765502 726428 162108
726428 162108 889371 615155
889371 615155 438835 -526890
438835 -526890 334168 -765151
334168 -765151 271163 768002
271163 768002 -932458 835699
-932458 835699 -184542 -541115
-184542 -541115 959935 -772004
959935 -772004 -595882 -161789
-595882 -161789 865566 -610048
865566 -610048 313909 955217
313909 955217 -703427 -771139
-703427 -771139 -85560 -269758
-85560 -269758 974585 599896
974585 599896 492252 -34524
20
166361 779019 -742305 -194200
-742305 -194200 -88248 78300
-88248 78300 746285 -892108
746285 -892108 -830455 342418
-830455 342418 844735 469353
844735 469353 -202875 -918093
-202875 -918093 -657859 907042
-657859 907042 -763772 -293084
-763772 -293084 218960 -411454
218960 -411454 321016 -858502
321016 -858502 280131 987225
280131 987225 -712305 -472994
-712305 -472994 191243 251431
191243 251431 -765528 966126
-765528 966126 -712649 -971504
-712649 -971504 307842 415904
307842 415904 -99318 438178
-99318 438178 -427300 431201
-427300 431201 832656 730009
832656 730009 624447 -194426
20
228577 -17684 -790825 -27350
-790825 -27350 -159993 -558029
-159993 -558029 338206 -313949
338206 -313949 980213 -212855
980213 -212855 923019 569747
923019 569747 643814 296987
643814 296987 997486 -163108
997486 -163108 322353 -881540
322353 -881540 642185 493833
642185 493833 -120760 -949384
-120760 -949384 -319007 -840180
-319007 -840180 -371910 73457
-371910 73457 -676187 -905272
-676187 -905272 664953 -472793
664953 -472793 -852809 -255955
-852809 -255955 856797 -602108
856797 -602108 -398678 899929
-398678 899929 998834 606346
998834 606346 -142417 -333096
-142417 -333096 -13007 -311787
20
648835 696704 261890 -830937
261890 -830937 603319 848115
603319 848115 900167 190149
900167 190149 898064 968248
898064 968248 198058 726846
198058 726846 -247999 812018
-247999 812018 951469 49613
951469 49613 -121407 -70154
-121407 -70154 -91980 845498
-91980 845498 -931814 -422435
-931814 -422435 460948 276681
460948 276681 -995705 947330
-995705 947330 210513 961714
210513 961714 -856742 428784
-856742 428784 -495722 -526471
-495722 -526471 -26847 -705747
-26847 -705747 943534 -666327
943534 -666327 531905 601769
531905 601769 417698 388717
417698 388717 342278 775551
20
391802 417688 -502562 577353
-502562 577353 312648 -531409
312648 -531409 558002 324153
558002 324153 991495 959747
991495 959747 371769 -461063
371769 -461063 314487 981396
314487 981396 877723 -900940
877723 -900940 689421 628714
689421 628714 480102 -590710
480102 -590710 61171 -207888
61171 -207888 48173 337076
48173 337076 416796 736399
416796 736399 -675624 -416148
-675624 -416148 -621595 111288
-621595 111288 154236 702610
154236 702610 762322 -675669
762322 -675669 -39164 -193317
-39164 -193317 -231320 12290
-231320 12290 -333537 859395
-333537 859395 -978379 804184
20
-357177 655849 125114 -121256
125114 -121256 820127 -586983
820127 -586983 448674 20785
448674 20785 818468 -382580
818468 -382580 660007 908557
660007 908557 496620 -530058
496620 -530058 936940 663395
936940 663395 -765325 -173152
-765325 -173152 -122498 107526
-122498 107526 468271 -10558
468271 -10558 431929 385896
431929 385896 -275954 428332
-275954 428332 -594957 831647
-594957 831647 583670 933857
583670 933857 405848 -785053
405848 -785053 412668 -496908
412668 -496908 972439 -724197
972439 -724197 969230 965709
969230 965709 774129 99501
774129 99501 -210250 872575
20
-594104 187215 307723 132475
307723 132475 206408 -263348
206408 -263348 -194266 935241
-194266 935241 -191088 -88691
-191088 -88691 301737 594062
301737 594062 -131622 389885
-131622 389885 712232 471622
712232 471622 61270 133396
61270 133396 -173678 940994
-173678 940994 445773 4699
445773 4699 42045 382613
42045 382613 -868139 277611
-868139 277611 -43587 478304
-43587 478304 501500 -182719
501500 -182719 255497 280655
255497 280655 -844358 -376344
-844358 -376344 -473038 -881869
-473038 -881869 412415 115215
412415 115215 437539 -778032
437539 -778032 -716849 -999030
20
591420 558074 863644 -647360
863644 -647360 225410 -276169
225410 -276169 42695 1222
42695 1222 942097 232325
942097 232325 638137 -780193
638137 -780193 -415853 -920675
-415853 -920675 -713337 -392301
-713337 -392301 81096 -673478
81096 -673478 472715 -608810
472715 -608810 -844271 -887338
-844271 -887338 -75047 -695913
-75047 -695913 386144 80071
386144 80071 -699177 791882
-699177 791882 -326960 -916765
-326960 -916765 -243631 -331759
-243631 -331759 279029 -862262
279029 -862262 -530912 483782
-530912 483782 -928964 668138
-928964 668138 -389031 165809
-389031 165809 -556634 134395
20
528132 -78470 514387 499392
514387 499392 232630 -111790
232630 -111790 758964 500022
758964 500022 395462 95779
395462 95779 -780856 -636797
-780856 -636797 859831 -336752
859831 -336752 364085 686979
364085 686979 -944402 -875866
-944402 -875866 -819109 297941
-819109 297941 411007 504796
411007 504796 383518 -213742
383518 -213742 233058 -750305
233058 -750305 -385885 -929676
-385885 -929676 -944046 -394544
-944046 -394544 713334 -982712
713334 -982712 -939340 449206
-939340 449206 -451711 -200016
-451711 -200016 -852793 135569
-852793 135569 -919340 300876
-919340 300876 788405 -514742
20
291984 -9923 17992 -83868
17992 -83868 -839234 656448
-839234 656448 -947121 937300
-947121 937300 -614818 19207
-614818 19207 72011 -505649
72011 -505649 -938643 760206
-938643 760206 826831 773702
826831 773702 -675795 169049
-675795 169049 -193329 -987820
-193329 -987820 -461535 -806548
-461535 -806548 365603 -572834
365603 -572834 -981880 -433786
-981880 -433786 -530872 212159
-530872 212159 547213 956599
547213 956599 448994 215507
448994 215507 -576391 -279168
-576391 -279168 728915 -365850
728915 -365850 -712416 -152389
-712416 -152389 -962753 718232
-962753 718232 696747 481851
20
902307 590722 -11076 14615
-11076 14615 -423110 317822
-423110 317822 147076 -714623
147076 -714623 -482904 974073
-482904 974073 -810874 445072
-810874 445072 393585 -633331
393585 -633331 -255570 193875
-255570 193875 832143 -242180
832143 -242180 513441 658482
513441 658482 -804643 -396874
-804643 -396874 -973498 -265301
-973498 -265301 47288 239973
47288 239973 -443889 913713
-443889 913713 506186 -691168
506186 -691168 639719 137339
639719 137339 -273468 320717
-273468 320717 739683 -153557
739683 -153557 -937613 595033
-937613 595033 -902226 444013
-902226 444013 -240090 83297
20
119418 -472296 -949383 -66898
-949383 -66898 486747 -431837
486747 -431837 199054 -19297
199054 -19297 -22214 -204140
-22214 -204140 350638 238291
350638 238291 62403 993090
62403 993090 621638 865752
621638 865752 -922112 109938
-922112 109938 88312 363760
88312 363760 -645217 38965
-645217 38965 153311 -639415
153311 -639415 -38149 798833
-38149 798833 875040 -434822
875040 -434822 677329 -775913
677329 -775913 -94352 -803756
-94352 -803756 506596 -779372
506596 -779372 -765697 -485227
-765697 -485227 -221615 -237676
-221615 -237676 -320788 350659
-320788 350659 255498 -254995
20
40935 188870 -858900 -724576
-858900 -724576 641154 72048
641154 72048 955345 -715861
955345 -715861 48603 568044
48603 568044 266278 342193
266278 342193 -586896 943298
-586896 943298 231671 -103962
231671 -103962 450280 11708
450280 11708 625932 66244
625932 66244 -531310 289561
-531310 289561 855377 -712508
855377 -712508 -371803 52643
-371803 52643 -999998 701470
-999998 701470 779716 639227
779716 639227 -628299 523653
-628299 523653 -203508 172042
-203508 172042 -207212 973040
-207212 973040 157285 -398368
157285 -398368 40192 464369
40192 464369 -828234 830252
20
-131612 -761080 -286201 449610
-286201 449610 -163537 -792948
-163537 -792948 -650530 173877
-650530 173877 414496 -561290
414496 -561290 -436164 -806043
-436164 -806043 327378 360912
327378 360912 22383 -726938
22383 -726938 -711248 419598
-711248 419598 787317 701411
787317 701411 -934968 300221
-934968 300221 673576 223966
673576 223966 371223 740576
371223 740576 496429 -241937
496429 -241937 69080 -760376
69080 -760376 319024 -910917
319024 -910917 188045 -120010
188045 -120010 -649567 726401
-649567 726401 -60298 -838392
-60298 -838392 365398 -361361
365398 -361361 -189463 34840
20
135160 710688 -163752 -423424
-163752 -423424 -867468 811322
-867468 811322 -573574 437109
-573574 437109 480944 103735
480944 103735 220948 -623142
220948 -623142 565377 664374
565377 664374 871704 610415
871704 610415 684676 643248
684676 643248 505537 78105
505537 78105 991681 -935364
991681 -935364 -107085 -379808
-107085 -379808 -337643 222615
-337643 222615 -832599 972190
-832599 972190 102712 -68790
102712 -68790 -889232 -512186
-889232 -512186 2587 -825164
2587 -825164 931043 478813
931043 478813 -320897 951152
-320897 951152 387103 -867570
387103 -867570 -609610 -548655
20
-557315 -804251 -801460 -53275
-801460 -53275 227671 -577233
227671 -577233 895219 352403
895219 352403 -305453 -132058
-305453 -132058 -358567 -48491
-358567 -48491 727032 224339
727032 224339 -450940 -651101
-450940 -651101 -267697 571421
-267697 571421 -288154 -935805
-288154 -935805 703092 -417344
703092 -417344 -696444 -59935
-696444 -59935 772179 -640620
772179 -640620 -19267 651214
-19267 651214 -135695 549884
-135695 549884 -508987 850750
-508987 850750 -166284 -30
-166284 -30 -598876 -655166
-598876 -655166 -675137 -941085
-675137 -941085 -718610 258670
-718610 258670 340308 -831292
20
387719 -294396 241787 -758376
241787 -758376 -604499 -825380
-604499 -825380 714956 -604391
714956 -604391 20242 -682275
20242 -682275 65343 162362
65343 162362 738898 -928606
738898 -928606 -143376 225944
-143376 225944 -383761 288374
-383761 288374 208748 -236823
208748 -236823 420974 298186
420974 298186 -498501 62379
-498501 62379 -759624 360225
-759624 360225 469031 229465
469031 229465 -373812 -988119
-373812 -988119 -251570 224332
-251570 224332 -318076 750779
-318076 750779 991523 -291313
991523 -291313 388367 662136
388367 662136 -902145 744806
-902145 744806 662721 -225715
20
-304297 -967926 466904 120134
466904 120134 -606143 32983
-606143 32983 -913501 253677
-913501 253677 275284 384055
275284 384055 59386 743118
59386 743118 -525806 -281210
-525806 -281210 805645 -421299
805645 -421299 340522 -197379
340522 -197379 -696024 19048
-696024 19048 620495 -145229
620495 -145229 -701967 -403720
-701967 -403720 -454511 545223
-454511 545223 970278 -143313
970278 -143313 -29461 323478
-29461 323478 228859 955130
228859 955130 -381391 -91235
-381391 -91235 67672 426222
67672 426222 -489815 389069
-489815 389069 787520 718062
787520 718062 224828 -822019
20
260574 227229 598461 582473
598461 582473 635380 -653302
635380 -653302 -520486 -431342
-520486 -431342 -464076 -712375
-464076 -712375 152651 83298
152651 83298 274862 -54684
274862 -54684 -418374 -564011
-418374 -564011 197161 -213049
197161 -213049 -609145 388522
-609145 388522 -599771 -697865
-599771 -697865 289748 -303379
289748 -303379 155131 576110
155131 576110 957275 -153972
957275 -153972 14859 995147
14859 995147 343632 133971
343632 133971 713024 -266289
713024 -266289 484873 -356728
484873 -356728 11582 974036
11582 974036 -20277 164735
-20277 164735 53030 886013
20
-555822 174887 -785218 -277945
-785218 -277945 340178 518160
340178 518160 578411 -279807
578411 -279807 -489796 -498466
-489796 -498466 -135439 -353109
-135439 -353109 989295 -517002
989295 -517002 -652615 -844576
-652615 -844576 496863 -403805
496863 -403805 -550103 -52908
-550103 -52908 -740112 -330045
-740112 -330045 250119 951252
250119 951252 -752922 -178421
-752922 -178421 586081 -5695
586081 -5695 -688682 -629391
-688682 -629391 461280 759533
461280 759533 -984303 841342
-984303 841342 -908724 530241
-908724 530241 322052 431698
322052 431698 -172264 177171
-172264 177171 153650 -360517
20
130361 94588 422518 -479652
422518 -479652 -415277 171168
-415277 171168 943028 -644857
943028 -644857 -737415 445722
-737415 445722 587160 -986921
587160 -986921 976318 313680
976318 313680 -723615 226283
-723615 226283 -608001 -834440
-608001 -834440 -990869 -653356
-990869 -653356 -552747 -380845
-552747 -380845 -83207 -648567
-83207 -648567 56721 837010
56721 837010 -741969 850580
-741969 850580 -559520 -788717
-559520 -788717 -417309 523988
-417309 523988 543223 390950
543223 390950 812034 -489171
812034 -489171 -551282 -737418
-551282 -737418 784935 721338
784935 721338 643602 -787110
20
-857111 -249282 -218324 843736
-218324 843736 -402243 365892
-402243 365892 468946 962529
468946 962529 659853 80588
659853 80588 158594 716007
158594 716007 561174 951684
561174 951684 81710 -559260
81710 -559260 -295818 -679136
-295818 -679136 -668444 320985
-668444 320985 163750 -336545
163750 -336545 132536 172737
132536 172737 -299985 -500486
-299985 -500486 -249063 804535
-249063 804535 -187671 -318710
-187671 -318710 845094 922935
845094 922935 951779 975252
951779 975252 -617454 -348997
-617454 -348997 227311 -270354
227311 -270354 -816768 -681648
-816768 -681648 202468 -259222
20
966770 401428 -770871 211883
-770871 211883 823026 -115889
823026 -115889 -317319 806267
-317319 806267 -60756 -129342
-60756 -129342 -125963 -308980
-125963 -308980 -978301 231423
-978301 231423 -8705 -241622
-8705 -241622 63554 -928670
63554 -928670 192173 234321
192173 234321 -437675 -227119
-437675 -227119 465399 342628
465399 342628 200777 -573617
200777 -573617 -213957 142375
-213957 142375 757862 -355839
757862 -355839 678779 782908
678779 782908 385012 -171297
385012 -171297 -547577 363138
-547577 363138 -809838 542276
-809838 542276 -809624 698718
-809624 698718 -559776 -682529
20
133532 650694 -788449 142422
-788449 142422 -647743 599286
-647743 599286 -417648 74180
-417648 74180 -691468 265674
-691468 265674 -961851 -44866
-961851 -44866 624716 884234
624716 884234 563642 -761160
563642 -761160 294537 956164
294537 956164 -857643 -838043
-857643 -838043 -201094 361976
-201094 361976 240370 -469689
240370 -469689 670254 -46013
670254 -46013 -646292 773068
-646292 773068 -454501 -262486
-454501 -262486 262834 802068
262834 802068 -520988 -146170
-520988 -146170 -29271 955217
-29271 955217 859059 637047
859059 637047 -619694 636923
-619694 636923 -95956 -807957
20
520359 327185 691222 655006
691222 655006 303636 144001
303636 144001 785455 -931791
785455 -931791 -663868 -761651
-663868 -761651 518302 743941
518302 743941 -889971 -543239
-889971 -543239 876539 8283
876539 8283 -509547 494362
-509547 494362 -130427 -96075
-130427 -96075 -18628 939987
-18628 939987 292845 587612
292845 587612 -315378 665859
-315378 665859 -475185 -401757
-475185 -401757 -950208 211861
-950208 211861 21253 113826
21253 113826 -849047 94777
-849047 94777 -798043 -334057
-798043 -334057 -788628 -777815
-788628 -777815 663685 448934
663685 448934 581866 -65385
20
-370152 235968 539241 151580
539241 151580 -430701 818835
-430701 818835 -842324 -744261
-842324 -744261 -886528 -125311
-886528 -125311 -379032 303535
-379032 303535 712778 348641
712778 348641 995286 454360
995286 454360 977682 -213286
977682 -213286 -847832 -417440
-847832 -417440 776120 -11319
776120 -11319 275213 -8578
275213 -8578 -710404 903659
-710404 903659 -535068 249653
-535068 249653 -383442 -419682
-383442 -419682 -821064 -523563
-821064 -523563 -985801 774187
-985801 774187 20966 -393194
20966 -393194 571246 920746
571246 920746 -814877 -126497
-814877 -126497 538682 125786
20
-335829 -893280 59756 532189
59756 532189 -557075 -814030
-557075 -814030 476536 -505559
476536 -505559 572557 -547532
572557 -547532 -335191 -368465
-335191 -368465 585128 93459
585128 93459 -77848 597961
-77848 597961 165013 -326766
165013 -326766 724318 636285
724318 636285 217937 172219
217937 172219 322471 541856
322471 541856 360484 -749106
360484 -749106 667442 -963459
667442 -963459 -118404 -103644
-118404 -103644 -766142 -978191
-766142 -978191 831788 536852
831788 536852 83612 -791921
83612 -791921 185609 195718
185609 195718 -214094 341652
-214094 341652 562652 444269
20
-403742 -587015 -567527 -959755
-567527 -959755 382538 235469
382538 235469 -479089 117998
-479089 117998 -589248 603325
-589248 603325 -759585 939754
-759585 939754 -551552 501501
-551552 501501 -417447 -758193
-417447 -758193 916758 330764
916758 330764 865345 219679
865345 219679 -793460 633880
-793460 633880 796067 -972638
796067 -972638 -642198 -751848
-642198 -751848 -980480 -372405
-980480 -372405 -898903 529252
-898903 529252 -912468 420129
-912468 420129 -411567 -218926
-411567 -218926 808068 -49124
808068 -49124 -762420 -285576
-762420 -285576 -855818 -49447
-855818 -49447 -432508 658932
20
908750 847048 227138 -785049
227138 -785049 -253805 -970137
-253805 -970137 860732 549570
860732 549570 -404269 257784
-404269 257784 210341 -11838
210341 -11838 58342 276555
58342 276555 -582956 -901310
-582956 -901310 851192 948864
851192 948864 -299806 591771
-299806 591771 -942954 746927
-942954 746927 -85399 994482
-85399 994482 -789391 -438836
-789391 -438836 874862 -257660
874862 -257660 940602 973509
940602 973509 -698437 -763563
-698437 -763563 -895174 331521
-895174 331521 -881501 -826618
-881501 -826618 588863 525259
588863 525259 579436 -747198
579436 -747198 630065 -106701
20
-669784 17000 -21186 616346
-21186 616346 -428632 -404136
-428632 -404136 -366037 -725016
-366037 -725016 33106 -484597
33106 -484597 -607603 -919521
-607603 -919521 -24654 51953
-24654 51953 875238 53200
875238 53200 -35237 871808
-35237 871808 -888495 1243
-888495 1243 878977 -921347
878977 -921347 -439280 -553617
-439280 -553617 69372 -607764
69372 -607764 -881119 -568374
-881119 -568374 940901 559397
940901 559397 -517823 -702342
-517823 -702342 -60926 -224230
-60926 -224230 825051 -675893
825051 -675893 776498 -793853
776498 -793853 220455 263463
220455 263463 -279701 -60557
20
448725 -499623 -389890 486490
-389890 486490 -922237 -929060
-922237 -929060 716989 -355397
716989 -355397 -949942 -669499
-949942 -669499 268175 -362799
268175 -362799 867532 -749969
867532 -749969 182487 -850714
182487 -850714 423317 -267650
423317 -267650 276467 -453642
276467 -453642 -319355 -526326
-319355 -526326 376412 932996
376412 932996 538156 472761
538156 472761 -314813 63192
-314813 63192 792038 -639478
792038 -639478 511080 -909300
511080 -909300 93062 325973
93062 325973 -12368 799735
-12368 799735 -445237 -17456
-445237 -17456 698065 711019
698065 711019 188629 -172370
20
-570960 851327 710609 -823580
710609 -823580 -110198 -539680
-110198 -539680 140356 476284
140356 476284 -150598 572546
-150598 572546 536046 266515
536046 266515 236804 664152
236804 664152 249342 -345403
249342 -345403 -241262 -346040
-241262 -346040 -561447 -979028
-561447 -979028 670458 523018
670458 523018 -280663 -574440
-280663 -574440 12465 -22722
12465 -22722 597520 -755073
597520 -755073 377355 93955
377355 93955 -700816 583460
-700816 583460 38234 -867657
38234 -867657 -949172 762692
-949172 762692 -63032 802084
-63032 802084 556455 286180
556455 286180 93950 -960824
20
-491606 876606 744879 248349
744879 248349 957699 -608304
957699 -608304 79006 701506
79006 701506 310867 369781
310867 369781 139699 917286
139699 917286 571191 -292102
571191 -292102 -669741 -275771
-669741 -275771 698830 -165561
698830 -165561 -602558 617870
-602558 617870 -939186 650830
-939186 650830 -475086 569170
-475086 569170 257041 484938
257041 484938 400364 -656376
400364 -656376 190371 96010
190371 96010 303126 637269
303126 637269 -718609 -438888
-718609 -438888 243186 -292277
243186 -292277 -359687 157364
-359687 157364 511143 -706899
511143 -706899 144682 -564589
20
365052 530846 -691070 969973
-691070 969973 -261086 -311387
-261086 -311387 409861 455610
409861 455610 800465 122815
800465 122815 310734 690097
310734 690097 -152167 402481
-152167 402481 -106226 -346404
-106226 -346404 -225753 -108342
-225753 -108342 -214447 893253
-214447 893253 746117 -796884
746117 -796884 652225 -333662
652225 -333662 665915 -483664
665915 -483664 -753325 178867
-753325 178867 169146 198366
169146 198366 -468551 839946
-468551 839946 555520 753651
555520 753651 -441220 797729
-441220 797729 187091 -49465
187091 -49465 242779 953110
242779 953110 -358313 -890366
20
-785072 -414753 -735926 -137792
-735926 -137792 -684403 -978110
-684403 -978110 -237336 126725
-237336 126725 97133 705556
97133 705556 976804 -257613
976804 -257613 146601 -259843
146601 -259843 462821 49324
462821 49324 80276 -563819
80276 -563819 232344 -753619
232344 -753619 103206 -107692
103206 -107692 -741277 -354262
-741277 -354262 -386068 -529344
-386068 -529344 41489 140448
41489 140448 683554 320516
683554 320516 405420 -860049
405420 -860049 -515762 223577
-515762 223577 -9726 -752505
-9726 -752505 -209188 761310
-209188 761310 -593535 -302536
-593535 -302536 849245 6006
