100 100 100
22 43
19 65
17 35
10 16
47 74
26 31
48 85
27 72
74 87
10 73
49 62
9 55
57 80
51 78
38 43
26 67
12 20
40 99
54 80
25 30
18 62
64 90
52 73
48 89
22 74
28 76
40 75
87 96
60 89
22 42
13 34
80 83
18 81
21 43
1 33
25 35
20 54
2 52
34 37
45 60
16 97
50 53
23 41
23 82
11 30
88 89
13 23
17 21
44 77
38 86
5 94
5 66
46 95
16 65
16 29
10 89
12 28
44 72
26 89
12 37
46 89
46 68
42 77
17 71
35 49
34 47
43 52
37 72
37 83
22 25
35 82
5 46
50 93
57 92
30 36
84 87
5 50
9 61
13 55
48 84
18 20
17 97
35 97
23 72
10 26
52 89
12 44
74 86
30 48
12 40
35 56
4 7
48 96
18 79
56 77
55 83
90 98
77 86
43 79
60 77
3 100 90
3 42 19
3 23 49
3 24 67
1 37 70
1 9 93
1 74 77
1 9 74
1 14 18
1 16 19
3 95 25
1 25 63
3 7 88
3 28 86
1 50 54
1 62 75
1 23 78
1 15 58
1 3 40
1 69 77
1 7 56
3 66 18
1 34 49
1 21 51
1 14 61
3 72 57
3 93 48
3 52 9
3 2 49
3 9 97
1 54 74
3 65 53
3 42 94
1 52 74
3 8 45
1 21 36
1 25 95
3 96 6
1 6 47
1 41 50
3 96 64
1 19 99
1 65 73
3 34 96
3 34 81
1 42 91
3 8 63
1 73 94
3 57 90
3 32 6
1 61 86
3 92 59
3 86 24
3 75 19
3 76 7
3 84 92
1 8 28
1 47 93
1 24 83
3 12 21
3 71 100
3 13 14
3 3 68
3 35 17
1 2 8
3 24 36
1 62 69
1 41 44
1 22 80
1 1 5
3 5 95
1 48 61
3 90 69
3 24 49
1 50 94
3 2 53
3 74 20
1 22 85
1 41 82
3 73 72
1 79 95
3 38 20
1 3 80
1 45 69
3 93 53
3 97 87
1 51 97
3 4 86
1 64 73
3 62 1
3 91 66
1 53 79
1 30 54
3 9 81
3 75 25
3 63 41
3 66 84
3 91 41
1 79 86
3 22 14
