100 100 100
25 83
26 44
23 93
19 58
6 99
13 60
11 88
9 35
52 82
44 92
55 63
38 45
24 88
18 33
22 98
20 100
2 43
52 77
26 65
81 87
70 91
39 100
49 78
3 40
48 91
21 30
29 76
23 82
30 75
23 76
33 57
7 98
49 69
31 86
25 78
53 76
12 54
37 57
16 73
27 52
3 88
51 86
42 77
12 95
14 84
61 98
28 83
24 52
69 100
16 27
6 30
58 66
37 40
65 76
58 62
24 51
40 84
35 48
57 69
55 76
33 79
77 78
1 64
22 33
26 81
14 66
59 82
42 58
6 68
71 95
81 91
8 94
71 87
61 87
39 44
22 39
26 42
81 82
86 100
41 62
48 69
14 16
2 92
26 73
63 71
41 98
9 24
23 54
25 100
87 91
60 61
60 97
5 16
28 38
3 30
82 100
47 70
57 82
17 62
44 90
1 35 100
3 57 13
3 86 30
1 5 94
3 24 61
3 74 55
3 62 37
3 98 24
1 97 99
3 23 56
1 10 26
1 23 100
3 33 12
1 16 100
1 67 83
3 99 29
1 96 98
3 9 52
1 20 57
1 37 83
1 22 87
1 57 98
1 83 99
1 45 47
1 12 61
1 4 71
3 17 86
1 13 74
1 47 67
1 37 95
3 34 31
1 55 99
3 24 47
3 11 56
3 60 57
3 28 11
3 96 12
1 12 99
3 95 65
3 75 60
1 13 85
1 7 94
3 5 78
3 46 6
1 24 53
3 49 52
3 35 47
3 81 76
1 14 46
1 69 87
3 94 74
1 11 58
1 50 80
1 42 53
1 16 95
3 96 100
3 68 47
1 82 95
3 22 5
1 11 38
3 68 9
3 40 90
1 26 70
3 13 31
3 24 14
3 15 8
1 49 62
3 53 11
3 29 49
3 98 68
3 1 28
1 56 88
3 13 65
1 7 45
3 27 8
3 93 53
3 21 8
1 51 61
3 39 61
1 28 42
1 35 96
3 59 81
1 4 42
3 96 16
1 17 76
3 81 10
1 87 98
1 50 54
3 66 91
3 85 87
1 67 75
3 17 16
3 68 61
3 75 90
3 29 28
1 12 74
1 2 21
1 33 46
1 43 60
3 4 72
