100 100 100
56 62
29 65
77 94
26 82
62 69
61 69
42 83
27 80
7 83
60 69
35 78
8 51
6 13
60 75
65 90
15 20
63 79
19 47
65 71
29 68
8 78
64 90
43 94
2 72
44 92
20 98
54 95
4 89
5 58
13 75
43 57
31 64
20 48
28 96
6 31
41 94
15 42
42 60
48 62
75 85
59 97
45 61
30 53
35 72
17 95
19 43
28 91
66 73
21 97
53 82
15 41
10 61
7 34
13 77
36 86
24 40
26 61
4 70
29 46
38 78
16 38
42 73
55 79
4 31
4 93
36 56
55 58
25 41
44 93
50 73
45 91
60 67
53 81
21 32
30 70
56 75
31 66
50 55
50 83
1 29
3 90
51 78
49 69
29 50
33 73
11 75
31 41
2 38
46 96
46 57
6 52
32 72
55 67
67 85
5 78
18 82
15 69
39 97
3 76
58 59
3 36 67
1 59 76
3 16 28
1 12 14
3 18 37
3 61 73
3 99 37
1 41 85
3 84 22
1 34 72
3 98 85
3 81 50
1 18 51
3 74 36
1 22 31
1 1 66
1 74 86
1 66 97
3 75 46
3 71 56
3 78 27
3 37 9
3 60 94
3 32 53
1 28 78
1 16 61
1 27 32
3 25 84
3 28 14
1 30 98
1 30 34
1 70 94
3 77 63
3 70 46
1 13 33
1 25 68
1 1 23
3 23 40
3 26 60
3 88 89
1 17 72
3 73 34
3 55 29
1 46 84
1 26 58
1 13 27
1 11 77
1 1 51
3 87 48
3 29 48
1 57 95
1 18 21
3 86 99
1 76 88
3 17 16
3 84 83
3 47 76
3 16 57
1 29 34
3 67 6
1 54 66
1 10 90
1 11 85
3 36 55
3 87 61
3 22 5
1 2 12
1 13 44
3 19 60
3 11 24
1 42 66
3 5 24
3 29 94
3 3 56
3 40 53
3 54 58
3 22 17
3 100 54
1 20 70
1 59 66
1 54 58
3 83 64
1 1 82
1 51 81
1 36 88
1 16 51
3 45 2
1 2 68
1 26 83
1 17 47
1 9 36
1 55 68
1 16 100
3 58 74
1 30 61
3 98 52
1 27 30
1 83 96
1 5 39
1 26 51
