100 100 100
46 68
6 22
31 97
12 58
9 68
13 37
70 93
58 95
26 43
42 83
41 51
43 90
12 60
16 92
30 48
50 65
11 30
57 60
29 50
4 65
8 30
10 32
45 53
54 62
15 17
26 79
4 88
28 74
4 43
44 55
49 71
80 85
3 56
24 77
27 40
64 73
5 22
21 34
46 75
78 92
19 27
6 67
20 52
75 88
49 68
44 93
7 30
72 88
60 83
17 81
15 77
20 61
66 99
63 90
5 11
27 54
31 36
44 96
3 98
1 86
8 94
5 73
26 46
43 68
23 45
58 77
6 76
28 78
2 63
25 100
66 75
4 14
3 24
11 99
36 40
32 100
24 58
38 64
74 87
27 87
5 31
3 84
16 77
49 72
1 16
29 77
86 97
26 36
7 74
20 99
9 43
5 51
3 17
14 68
17 19
8 60
9 10
32 44
16 24
47 86
1 34 53
3 24 90
3 4 42
1 33 93
3 8 5
1 53 72
1 40 46
3 5 75
1 58 61
1 53 74
3 91 90
1 22 28
1 7 61
3 99 45
1 29 63
1 17 90
3 73 68
3 44 46
1 49 69
1 27 79
1 33 49
3 69 24
3 39 61
3 46 82
3 93 41
1 57 88
3 57 55
1 17 77
3 45 31
3 91 89
1 17 52
1 24 76
3 6 40
1 3 61
3 42 90
3 29 62
1 20 94
3 2 66
1 16 26
3 39 80
3 60 85
1 87 90
1 5 96
3 71 98
1 39 59
3 91 77
3 38 22
3 89 92
3 8 80
1 40 57
3 51 43
3 11 92
1 6 20
3 32 79
1 36 77
3 2 27
1 2 90
1 55 60
1 33 62
3 1 29
1 4 57
3 12 31
3 84 50
1 25 90
3 85 78
1 57 62
3 24 50
3 39 92
3 90 42
3 34 4
1 44 81
3 36 3
3 66 49
3 4 66
1 15 85
1 2 58
3 37 74
3 70 23
3 87 92
1 18 88
3 62 47
1 50 93
1 37 46
3 90 92
1 3 69
3 11 15
1 68 71
3 6 26
1 2 97
1 79 84
3 98 10
1 8 41
1 84 86
3 24 16
1 81 93
3 85 58
1 5 48
3 96 41
3 70 13
3 10 39
