256
2368772282 112365111
1647541108 498326443
8228410925 1556310569
705700523 60371937
3943148697 539166355
2991866605 199096237
6607206267 1252609525
4690173651 1650777739
53713972 19924020
4143748953 1247736436
4146683747 1394138898
5518305199 2664712345
6950678740 3141957773
6845876202 3389962720
4044406395 1876647251
1457742755 609699494
6942693887 1288947273
2030859178 730478318
2889564498 650189428
4578601330 2119242587
7366973273 1970825678
3515953625 1382745134
2764132649 1341342862
5932894779 2725665796
3827943852 1404839703
1984433913 65398077
2208651950 387113719
110106136 46374203
6045686128 545053432
5144191116 1838452980
3043052756 1214162297
3666962474 548900060
6669035362 3036860114
2930292781 832335636
5623836694 981528242
2553037520 866237069
6709520894 3095294850
5943546556 2357081083
1184738543 243601660
4655228879 436222644
8344062945 3939331427
649637164 144520845
2692984406 408480057
3551806643 1354091295
4746688803 167796363
6147787515 2441631920
3491829386 1456463866
5521954280 1154405759
1516662788 505326113
5352273068 1358321383
5561873611 2578774170
3225986761 1096176883
8336894429 3287202227
2748763646 371599871
6957696202 722588011
2769004745 558156209
5057409058 1976224692
7626613978 910658463
2319673783 683507808
3830101962 100849054
4098635177 749370724
1782163002 842400156
3081596088 321857314
1554250231 751905163
4932132865 1874861299
7522351011 3358755492
6194730643 1706711875
7694772117 671487132
55125374 6682463
4101166622 1566546456
2525988995 571136455
6939955563 3260243312
3423823662 600116739
3112579701 197397993
722487014 338827472
8427292394 3729934406
5296395497 960204183
4683064998 132361871
5816945805 2656869310
1588306267 412841600
5391081627 2598278953
3751337788 847708185
406442216 65356886
8389823703 1376346043
7138376076 2802579159
5590715278 902049589
2308706148 394014720
2719978365 1142897122
6149291960 1733443314
1695515631 506689232
130244409 646112
4493831122 1908443550
1287130685 317242556
5881814996 2282460983
6124205824 446138007
7810674210 816229158
2391755988 744306750
4564884234 493900028
8468927095 859114683
3853340035 771930917
2279298814 1001473652
7776377764 1715613837
2822118419 102899120
4839361436 1647683721
3296914089 440105985
8234846351 1291811782
3096374325 829603343
7273961583 580715773
7413377807 1928911953
6574152988 3158720517
2538546174 318651378
2422409545 182319562
8228764686 1463338191
524608248 159700227
7250338005 2680866891
3562644255 1681146747
5438390561 1850514059
307471454 90731272
1585146628 417459073
8134500972 3039427831
4384291407 1657621290
1489375332 17970872
3241690052 1179756044
3336001709 1652750272
301520156 24187720
117623511 6388682
7235324686 904858196
2031038504 604508395
4289245319 1042667292
4057552482 958419847
7456406975 2855964081
3319334023 975234117
6715134506 1884819848
5171321912 106241219
2520966528 1013633312
6750534072 1561631820
4950946085 1812738424
5366236568 2531353154
4477474872 417767225
4454577852 967827086
6197096740 238992566
3956311234 1485902973
5828745750 1281369363
3492385409 490331078
946861543 271659447
5065099211 1198045451
7408530965 2157564279
2071241733 135652704
2627353687 731131072
5160049467 1051895997
6355994584 2886909804
1340612061 344625543
4681684579 1917843364
1675456972 417252382
28158099 1593930
6001335476 740172846
1251503523 169037833
2671519821 1103290048
3669613007 864262459
4354512005 1548570007
4176137277 896340523
3809123107 247467884
2435052566 145227242
4225419177 2034743743
1323769056 276099138
6029765195 1223298649
7462202500 941406703
7236235088 2331325090
3367726327 1647029234
2966612466 407674745
5593144708 1673836261
252365201 80228683
4758632131 1859211550
1061918569 414687636
3097611621 799700371
8009939088 2166339173
4779122762 2065295741
6862127143 2634995340
5841622015 514397240
1286179132 620963618
2315010942 575106187
7605689662 1374920336
3840011910 453796740
4257847180 1600656819
2519018994 272917419
3465529110 1088250710
3783910759 1450992333
3533459450 871129318
5650767141 937451273
6618474209 2161337073
7954563275 2980631503
5856111210 694578569
2648538529 972824646
4860162577 254143170
4213708068 301669406
473267337 200448236
2526172019 1054108367
7815726020 3325506952
1680749187 594595851
3415611704 830818838
7474559521 1919986458
1705306885 248674948
1134068828 462660753
5992550458 2794668485
6448764336 765622057
7655198760 2278521265
5990495143 1036032947
6962339476 3203965823
1147863082 258352933
981099084 12029187
6206836980 1293893530
8189771688 1597338182
3007837345 1172308560
2017340269 871712278
5900236819 1325141080
1562997023 471899302
4156998269 1302863524
3977940415 89900002
7332652382 3462869465
4972949514 1976064473
6741025393 1097133819
1195122383 43860385
8366702704 2941106496
5900671820 2496116373
2184077084 1004407876
7139169149 1904618835
7106325016 2426665092
866562369 224874016
377910745 118712972
3040213802 77288943
1175922486 291553020
2754641374 819232888
668912404 261048813
5665560020 959622933
2145831265 90451835
7219123778 1408466190
4625515873 2029348882
5990970422 528596808
2092410482 809468973
3917159951 1515718035
7585017030 124447672
454091845 5197179
4108802604 1636133182
1228535314 286280668
601191181 82294193
5800157326 970710626
5749084407 2022907241
3446732729 1555265293
5371399369 1762333544
4176632847 690420081
2355084524 1025246758
8073625761 3295769747
4677950025 2319180464
2079756190 146466958
2353612379 479255463
7499147415 2542595673
