256
1795866348 12535793
3263649682 1277206130
2721263103 1254508673
2762403417 117497422
2187402750 1018039645
8229949714 3503638959
1615075603 98218772
606298584 130062071
5796681312 2335007617
8249274501 1039694784
496101106 241011942
4196213652 704376271
1921066363 485562604
1839856282 366753332
5424456547 2401116374
3820750710 1699112957
8035802514 2721907068
5179348160 82781
4644474239 775638481
821170049 299159154
4810181585 2285250445
8414134932 38206025
5010539038 917484276
7184905598 304137826
6723594501 3250439246
6726876089 2539096576
5897327806 1850074550
5535885715 387706727
6679524115 513302671
611652265 281583241
3334667923 984312376
3958908415 1816697547
4486719389 37003037
2088316640 37732737
5249319362 2245882329
5757398723 1897696081
3207147823 1531828742
3271575342 394822366
8456123583 1493143209
345736557 145567162
1384477826 250431036
997464546 236238557
454767465 218762440
2753099193 1221774161
3993165379 328025759
1001724946 362714429
7807049332 1759783003
2142537137 423320620
7996460355 1469452050
2656974564 596729375
7909203247 159813792
3664420405 907770321
7106918645 1733976086
7492190721 2840341094
1569435290 654745508
8012143503 3092810229
1107669341 357272777
2164018846 880303469
6163883448 467999154
5676842020 1687691232
6357816348 2712755824
1876748897 284912942
4648823069 142624623
8443820581 2992583445
4866127717 579086548
6274720602 1058812943
3861918388 270536630
7652159052 2962830438
7202164214 976118898
5759170822 1345606638
3592936415 479146959
1824560380 726600717
7786325659 534638974
424814962 180906656
1606784880 480652151
744166969 360437066
76820144 9265360
6335359427 1898650303
3934254259 729443457
7279690387 2812223381
2067072297 663514808
989699605 181035361
8024097192 2452267324
1132552184 123967261
5325594455 666150176
6062212864 671271485
7768745345 2305008380
183612176 46683416
2152126219 585718922
714940513 236083617
7833524948 2354410503
3007302179 694133940
7457412869 2237881924
7820699047 1273619537
6409085407 1111150048
1413169071 376543261
2512672514 1065277958
6423675212 2829758861
2854254782 1314031472
2820213333 25372214
3612555424 1233298863
3117083520 1101096335
7150828328 2701266318
213885116 91199153
7818850571 3506203943
2338838988 191416934
679397367 151381936
2330675268 255804935
6549835287 2997930482
5340857071 2384638830
1728954827 358875643
1298717217 75375770
6949621238 1196935957
2233800946 692008807
6800283200 3143773357
7695121229 2856058429
8203426306 2341347798
30216596 2160256
5169848783 1104520204
2880004333 1004833222
2460994431 900688418
42873985 20366788
3228073083 458739559
6289219052 973927524
1369772574 398233469
1563351800 493358767
7015804972 3083446894
5389127504 2278976109
3564915845 1526863616
2396973029 68582760
1711671676 502839275
3382059864 459644813
2071662954 702073633
2892945555 1100447763
6193820459 2945725432
5878532344 1548261477
2106799212 402432676
3146041082 1034376815
2847786680 945966804
7238080757 2824553263
7969866377 661126130
244200512 33962344
363235158 76096171
6239427942 1850355757
1683962351 290162212
2624061824 1209379945
5003902665 1370251662
7597119933 505398227
2790254828 650691648
4764875735 1251324832
136304149 198094
6889001287 2127257972
2695778298 99466765
854595875 397132602
760124181 115319341
1388192611 252565059
6947551146 1732977274
1174377936 158060051
7107839401 641443751
683216257 95835368
5328929541 351922910
4951441409 2213177559
2474164701 1006780924
7253239692 1321323315
7198490951 1678129795
2285860612 984427001
8078649853 3468821981
2738279813 1331420313
6723463 684404
5110664944 2228171500
4905226310 336705599
7163077772 2124798248
4094132538 391685764
310368643 63498321
1228027865 156987140
5834053013 2160288347
4094577305 1066682433
2416453290 346984439
6778157840 1218538714
8063649679 126239233
1947424967 82963489
5720441976 146307764
7538599451 1954008839
3968397044 1234853246
2045081918 137811433
4039549557 1704044989
7024976910 878539588
6624140399 1540805851
3099926547 1058737022
5395938010 1318510955
4855543291 1871509137
2537001980 611990135
71837034 17801459
1089372039 371790002
539353082 198385884
4531110870 851955116
3997678010 1304619622
1267001436 133731668
2461305596 848587340
4456827357 1264324380
795048348 345238092
5178938046 2532983467
5495021853 2717921504
1281636592 626689780
8116830214 3377237630
199701117 65278205
6281652895 1915756170
8023364830 1379329699
2921021006 719610790
4108930739 483950065
2565441897 865772130
7232184991 576124011
5716867213 1819555006
6764845443 3282086168
5679809327 1226743128
4124613619 1496041404
3217601303 1229668737
1147659840 431260562
1042999534 507800807
6105857853 2040105503
5500535643 2359452865
5481610642 807123222
2224001842 263773809
3426335430 702353288
3194784835 1334624678
3615823728 60226140
6357095917 1263011457
3978506160 1013229306
6486623838 1081098443
7188692163 363834282
2469025628 247879718
186101431 72110004
7706109582 1636096844
7389494285 2954327780
650420412 1283745
4632752973 1813438441
6941439222 724013369
6729854015 1443771431
5578560840 1129224390
7863816036 2111431125
3578292611 302026699
5900232686 778015510
2992325690 673976594
464222103 202828791
3536890833 1672820398
2573577707 534094547
3438116525 1559871506
84256195 32202175
5011784613 1228452153
3431851893 1211561230
6002802215 607645636
5678791980 2822904528
2985333644 295455138
2082247407 323559543
5509733383 2716100008
5948764867 1497152358
