256
1224928055 301954598
4766013863 816071787
2889135703 359827384
5307176391 2436619411
5193858876 593035001
1379168552 536826000
1350621753 92489746
5982160412 832876533
68391400 27898121
4891806307 1675144797
5541458678 2097177030
7347830221 510545190
6957311023 989865996
7261124169 3263519990
788533850 364912758
5018867793 1268920750
8130391022 2134853015
7450991077 201724122
4116501820 945578005
6865417783 1233531991
6375022295 897781202
8377128229 3933043451
3740872992 1693356778
4700793847 691886240
4927837352 857909862
2750487384 833394095
8416621654 859518176
6945278010 1192938126
3541779669 888840796
2583847309 948490563
3347013029 361688102
3638262664 1046207056
3889051234 1120567660
7439901214 1741964465
6503664885 1248553636
3250977813 495823620
2005523141 745685801
353475908 27482599
4548942902 1480963708
4622493986 1919166598
1245762495 5174101
3816386660 640898243
4406696243 1827712064
4216917272 1654628370
291285112 957606
7164437424 1773317945
5994394182 1065224931
1982148830 528605114
2904584965 1216688347
3153926740 1574207067
1214734561 457437899
1697878104 289338384
7159615289 2455337047
5019845056 2304591145
3481392652 1215300399
4888371020 399542329
2389132003 1109733738
1753449437 113808510
1655316494 808799177
4305856180 216525720
6258389479 3009783571
4585957284 968072083
6220497541 2581992322
3899557236 1832317528
4533316798 276180810
4683002261 497004751
5802358116 2210026525
7953384869 3626082919
621440825 193777788
7575518998 2575144995
675407217 11275448
2233871640 696323072
3384076806 1061065231
8148861276 1859833287
7151704128 2527257991
4745746997 620117277
7266524623 1814897960
1105691799 379123587
547166673 219186355
5794439190 1908083523
6056281133 2783330368
4493774480 987106900
5767157737 1764041414
7695827679 1720244624
5874775310 1443447618
2344734298 1126053435
5743882997 2445620995
7502371360 2904617498
934393293 68906822
6881930587 1880495329
4503548671 125866827
8073250258 2516038044
6146854183 1875563465
2778500661 737322569
1200868321 22268936
2125623007 465024263
7049575638 1502424179
7125655333 76454514
8072903030 848504968
451523531 10734780
3940790260 1207198755
5755593833 2748940030
4686835120 488091089
6564408404 1007049456
8011751838 1317361583
24411060 9009506
1817261051 629421696
6848186163 67993173
5240533764 518485002
239909366 76777537
4076569088 1910770588
4383606496 1432642260
2611467549 1073846820
6648595957 2541481300
5241218657 1917777367
1081523018 382647081
7752641504 2491089954
1083129103 25042639
1013136728 96573697
2255305983 681355223
1874282453 856388725
1689440903 15566348
4456802016 698340200
8324180774 3714204531
25885272 1346594
1775403650 568463496
8285576254 4013604309
6292874482 1615323080
6233204381 2294568537
5163366569 713047059
8105849106 1132692996
1786393415 825867835
7694099553 1146860683
5301004049 1537422834
2307794050 1147769311
555084268 239064837
6594097680 928568524
2843476122 384725558
2844140098 493900400
555142832 42546672
2196086960 556780358
1871580702 829265553
7182533536 1876425746
4123764699 554767135
1246704160 192210191
3099741221 983886635
4779519694 1888483551
6326812886 244316127
4789626319 576230172
6715909730 2486529240
3321850340 493755735
2291096680 641907152
8150739141 1400664033
6027120182 2693713189
6293120405 931667884
5307798161 2260607666
3670543539 629677401
7952558675 3886539761
3996456471 1083268869
1831672443 182504686
637637478 99154167
1634894015 403731421
6450616381 115689835
3677207015 1271598459
2687927797 1050614811
3794953070 674570732
7578940446 3440320230
6458585724 359531560
3681907697 128888966
5823002985 1544726926
6655906162 1440185086
4506966283 957621589
6450224913 1308846566
6961921873 2597221391
2906440913 1344122598
7913255925 540927967
5556525664 475951236
7038281346 1642419233
6925719870 1983012568
7595104366 620424869
5212953169 2298233125
7581646575 3216259487
317828459 23279904
4096294549 641823268
5689776679 2453292334
1714807567 336614438
6605879514 2146521244
3995432356 705729493
7364120129 3393715648
5466356385 1841349540
6936655701 49208485
4422321130 1980665241
7881748584 3922780523
1412918974 87889883
243976207 95181149
2066572903 218270668
917185087 255433292
1063894400 159963108
3670163410 821813056
2035332591 679257702
1005791303 18628975
1586322738 442914725
5084189589 1218335974
2245564218 972245196
492301993 138458184
2763487835 574620621
6997561837 364689941
6266053576 3032832930
472737205 169702195
2246549949 445501296
6137379024 120296737
1311829093 217692677
1069046481 385524908
4224885369 782709388
2412963813 1206202583
4854554001 1100643217
4218187552 1046217534
309908202 57051892
7123485231 941826074
2675469194 1094282697
4397440685 1705542076
1154088277 453772007
1263401998 403976017
2150191881 249436672
6843903617 1967974210
4493375677 244237262
8161980784 3312219592
585414806 276773549
4414136517 1173421607
4067568019 1967768453
2175823215 697883374
6622733413 2246109464
932185829 269849499
3325803612 972317816
4807862262 2154541750
1723446468 608574396
6449277428 1926416700
1634454729 780614249
1006889310 402041339
7590933250 2812723419
3524311925 1184596928
3499482560 205360222
2738730562 788602553
3480935132 1722734116
5355935554 1190076830
1981188020 82997530
7290307262 3624555038
280890742 138295128
3817221300 1209887442
5756215391 1860976987
5220053795 1463592868
1371143554 378254692
8386537306 1601636861
7256523166 2654322071
5164365143 2121614113
3549155279 958948558
