256
2813922289 1391850984
7478451607 1036984766
7051791234 614391632
222884383 7493374
2166111277 592418488
6372338766 2249335247
4013946380 1292163142
1279942783 99333511
226281484 108230611
4694951240 1565512296
579390733 212230666
3321008777 992033750
3589131150 514810703
2555326281 15300790
2356157302 1155079231
2784886389 698485646
7919007249 3673837728
1045139634 281223544
5431164582 2374289785
4637033843 1949866568
6529440350 1324682376
3139716994 1470966346
1205809191 134654448
6702210403 1931674874
3577219716 1414276275
7540794081 1539195626
8172219328 1146583988
3226141309 229149728
7830521012 2837336958
5701199644 1391638252
3546336658 902313994
1092555442 214152673
295971142 113696571
8434053883 511237545
1403403132 448665408
6847762632 1683131241
2120370390 31268607
1505906285 39644063
8365722784 954360293
7033685241 2946727448
4594503301 1167187832
1624534968 513683294
8023212951 3246497550
6212167013 2547426102
929575820 335356350
7092598779 139250947
2956782589 148234651
5235116747 1999662842
6956830114 1256593044
5744895137 108320145
2596809047 595659192
4000851322 1132725436
7182328338 2365006109
5514845204 2754989776
2568944364 906402285
5488888124 2211976953
7409184342 1068139854
2926127357 296633640
4144021573 65654639
2573467152 1242561420
7020771111 610817232
6984852161 1509939012
3190432121 1275268706
6219635754 804156972
6550747658 2098636012
1764138528 533468807
6917264279 2410759936
8466561095 166519454
8395846006 444896061
737926898 82989999
6759571437 808699577
1350791553 412016862
4055336005 1666409156
7994456446 1039834459
5691024481 394518605
674963591 317649873
2308116493 822735669
7041785557 153374709
3340028244 175764837
7939223231 671050868
5872356460 2607138980
4771747789 1505272638
7140888003 983385224
6885233680 1715606593
3377187587 807000563
1762248848 58606421
4771027367 2132783472
5175647807 485371572
3931026980 1947245031
952020666 97242904
36461546 16662405
4016012747 811244007
2769541805 968101644
3860083231 849098649
3614676478 538998014
1027589187 309627967
1647101170 6818565
5537197617 727180369
3649385035 1710223445
3748744576 774721337
3427232 415884
7834673780 456623849
6593299415 683358751
7210602126 1428530027
5769951329 2862733308
1079427150 189442781
8402023089 2111446694
6693070040 2903080504
5961881626 2918699245
1787971316 835764209
7381521154 3252557122
7714756186 2101592507
4976017422 2403423279
6762375349 207720802
3129746924 688432805
840640221 71853527
776846615 102870504
3730728692 339286784
8457995047 2751111968
8189918690 1303203105
795118300 104545464
4942915476 1949320460
518367914 208820621
4212321818 1018186615
8042756873 274054545
3187427071 1326956226
7921662602 1884421920
5538498894 1769734121
1725352053 588597238
7026438617 2595459686
4518251500 1965211026
2032028011 809256017
136360776 11178487
3624753666 482830386
174740959 60257593
7650502891 2600568289
558771855 69312863
7900380700 3405438820
3979273114 1597185311
8456112210 4105076779
4240077432 1231480490
1234733317 28977361
7889916257 2176348941
1711194040 258958299
4026469634 1635577200
1854499294 915163686
1579467072 306394738
3692459101 523557279
7819900645 2661812201
4150499425 1569646647
8367927178 2216569751
2579426653 944910593
5989583728 721916588
3047435076 986855995
5374763703 2540737980
2136097610 997898025
2309687982 802746358
7624712748 1292579677
790541680 287684919
2729360517 828598240
2946575518 427393464
647274384 44315230
72212951 16872458
6677925298 2093483793
1563165835 559451751
2439972673 103176391
1039277427 112795279
6039121260 2616870941
4660152073 1513809460
7031505075 1539837207
877206383 356206686
5941184435 590118576
1368472070 290684574
1577267741 190526404
3298689534 206256083
2025217678 318787256
1044201470 450163844
6948333927 3173157682
4213838372 1462628271
2984698047 513190072
469405919 12231761
5388710230 1872030824
3041544625 901901813
4411361127 1353692814
6268265009 3091381646
3981108116 544886722
6542245006 2804787392
8237408603 1918856296
5295117449 1547910117
6048845610 719166192
3670252094 1743691785
8398434080 3096032738
462278761 195182566
8283610229 1968543302
5293696081 1531681048
2694865885 252988826
7992740624 1308550747
7440290663 2020525514
4576595823 435729681
5450629727 404890452
501094625 5574611
1670994114 197513055
1466240073 126764690
5619787413 2106527545
3322037875 887085104
5662664219 996837198
8081090265 2727259893
4363975765 212373115
6627351824 1591722513
983381569 472846292
441640681 197994219
8049355119 790146337
5032685694 2231868543
5275534957 485349161
7652593457 1509112983
2677910980 1155854996
3571613286 882858051
2951195796 825467228
587955908 86985375
7098988472 2530519328
1773219426 603155444
6437723495 1933129458
8261958675 3783287129
7312088584 611265203
1678806143 506204224
5296361802 130227824
8132093846 3998687178
1294354275 253450466
4150683226 126276110
3615999855 751728537
4392417539 1067886182
763472521 127219764
1587554276 346588727
5265832938 1653190390
3265354041 1629146441
4296559629 1753863562
6294698011 1162487615
6985846112 2820923905
4257706631 85410713
4163355884 1737323404
1924536628 120850732
2140388208 342227258
4581892058 1700895208
2271535874 144978962
2233062984 1054916729
6340379694 2171524368
3360682292 882763470
7628367807 1652952029
4987254023 1444978243
4368385161 1752711769
5952262787 224461765
3190307181 963631104
1399803130 78550840
6450841788 1295240139
5838189561 535988370
1016114310 329201445
