256
1998771414 559780424
3735244009 308756021
6259137158 1779380474
7898495631 1044015344
3372154906 1298544774
1682361994 743135027
3430130936 170203956
2526459946 114842703
5538536421 1005905134
7511568318 3162059011
8023274107 2712064467
301284294 47290056
7527024606 635784796
6393477970 544719160
4881721847 1969983099
5530117670 1529783126
2485671041 924469169
3470533260 1226665347
6895292316 2828411800
8402731942 3945854619
7676425872 175609247
4810792889 163560646
881855253 49911334
4408374328 1543526354
3141337858 1360912280
7117411319 636037286
2316457315 1057017407
4599285620 1142098540
8424742528 3004792072
1797445597 101285336
1667062093 3466648
2704431029 761191883
6274760978 1168213962
15616874 6037086
7164581914 60318774
4583101113 1386297348
3199551348 615004086
3870606016 924420613
3564629273 1072924812
4594389459 904173440
7914167160 2176255615
4184018664 1217324963
1052632919 274964574
8011134043 610066109
2776084941 704979458
6210305672 1227299625
3025476440 325690124
7745646322 84794129
2852913734 1078452707
3646435931 1355313967
4922856187 231945133
2609023132 1164783383
3552348348 39431046
6675136094 444355125
983517293 200660998
7521432375 3567453244
1191603711 189118305
5577881979 298293890
3004807027 987843000
4842923886 1830512972
2342023773 442570444
5159245731 1632949643
6587405772 1590948921
7347620008 2758505750
6871661183 1878055890
5334271034 1286680714
107773038 12811768
1087621373 294958169
5891855029 2605196294
348506930 93393747
7294358309 3400533755
2844453702 1132002040
7516155722 3097001828
4661366705 2201469532
4560277465 629858563
3485865262 1478298329
2636633510 940256810
1441038288 661588016
5967358897 864242566
6723618730 1291371558
1463953554 264041787
8209521668 3978809543
4792373438 2211832744
7823717379 832108666
7330885030 2942380480
406775346 78595655
1617644274 410446287
4759778383 329464947
8084765487 4042183712
1868295035 775406884
4461148385 192803916
2097880488 906540964
196486418 31233976
1860719458 766890791
5974358356 1997767449
3862974247 67877191
7189268229 2222106239
5598788969 516156324
4620089450 1196592889
499119211 170966120
3681790131 1493176067
8365079923 3531990375
2006307481 133994793
3920854076 1191261864
7219071073 550279914
5426553492 676479426
3450102761 1087866674
3582488702 1734854996
575424792 63487424
1168064727 65716669
3043837568 320526943
4141891641 400778021
2024062015 446097145
3207917439 9805667
1392145139 506569319
4235983511 493608802
7850700918 1938725003
6800001859 2590709300
5504228126 1117934973
3505368819 1311242174
8484392751 2947662528
8147376871 2140576841
1938828967 661624346
8490155405 755594050
5667865175 1256568389
4434728939 1097181640
1766437726 789735004
4133615086 1811681033
4372867828 1931922269
739824195 197981885
5041118974 453999852
1297140958 328646321
4745876474 1142503499
3717183554 314203758
195420924 16620037
7582904771 3084641417
3723870507 892414194
96171200 39983158
1708269516 794576030
2657054858 885215274
5969898056 2722597443
4688739972 1420978651
418110565 46174606
4511296281 168284813
5170830797 1846135945
3343260725 1642814458
617642621 130168551
143946188 34994753
7453067186 3528504134
875121786 102391189
4322822076 216180310
8063656754 1838173633
4029092990 623718585
1954175869 609217918
3091156702 1377240361
790918228 16069593
5422022400 2115486783
2628903276 1101739458
4103639860 477520221
3683846096 94671859
6097995353 1930862592
399209010 144660016
2474150562 991742095
1923248089 459483032
3142133662 933761077
5623910001 1007191221
705315972 53088230
8362295745 3841532510
2567581867 578940676
58350794 12032844
6865391276 1960519002
388707943 38168028
3248555057 892873801
4985040334 1892936841
3518709753 699833696
3218195411 487159481
5345059534 2513836905
5955654307 2471195594
3964964468 1844272834
1140432779 260593744
6124247733 191778540
7836947935 2873722692
5154917790 244503935
4314150447 2030684524
2804817515 852887257
5837004625 2605875476
7373995457 1292843411
1917806292 114562730
8422678648 3112295993
3697763268 492456450
4992915632 1335043948
5176080153 1220636862
5487344197 813988191
8454227447 3412507404
1634953648 677708589
574285928 233905797
8179910694 2773968770
5077739152 2293970371
2598089657 361306813
6193831848 464851312
3097433771 306435363
3058170396 492069458
6821925195 2718453246
5146621632 248948283
2912231835 845199087
5384234060 1071873298
7882809666 272282170
7416976993 1872557440
4394888951 1594605159
5411500107 367009483
2670033648 562181071
5648919372 2676657441
3703114938 1078997825
4814997404 1153006420
846681588 408227802
403086302 60794490
3088494206 394200660
7999381056 2972769841
3991590358 100955289
7344777001 3077418423
7266995342 2486764948
2615930855 202133415
680196350 64221839
6440833073 3143460432
2563458461 669654983
7999297337 2901215510
7799411908 3472044194
4519225268 1560345624
1033781739 249746973
2781813144 373229750
8287907792 2345083463
4447764468 720173456
4556595606 2128397410
1723765567 483728880
2270912056 388838316
3606279972 24295286
4334319594 178465817
7001221364 367418112
604608001 80534497
2068969305 537650976
3584504589 1581755912
2360930685 167614348
3129796517 488766961
1006534719 39866149
4447864788 1559282515
7983755148 1449986344
353474658 101882434
7265320687 1856430603
233532558 70695860
5852402615 383361289
6589181889 180584962
721528790 37747973
7367089449 430312740
6040111295 1830725124
2083195445 789973571
7220314868 909377234
