256
6441744367 272496721
7886573652 1328232713
6751290697 976933834
2428501542 929203371
2641175223 971587880
598758067 64597178
4638263610 1405583072
6292689219 99276801
142536281 20576960
2199619750 47528641
7307011429 2343286527
8001776535 652783201
6870179595 3152675221
2197126276 594374976
2756147894 96945003
922665981 459622458
4166513285 1112017060
8472640684 1465738629
7642894715 2940506725
1594115251 266472667
160866923 50295909
70460310 31264197
1639713278 203030498
2661657827 974633024
6571724652 137227599
4139985034 419041432
2883063522 482411023
3552717975 660551896
3099671857 34982365
1867776028 699035941
6065918919 2234083366
3333825521 615385619
5461015952 479605975
4196580078 617153843
7658227880 2594752001
609716640 171711600
4694462619 2044723001
3345190708 738175970
3944582378 501358684
933729400 202147875
6498280913 2671325799
3714606297 18970379
8278405283 1056881107
4062113147 321210344
7561459254 3454122136
3418513382 394583099
5601530280 2261016322
639715104 246476090
5796040308 158154895
4304954170 825928971
8034997478 3715406579
7427558762 2042209653
2686594960 519882821
7941122788 2115230912
7584848024 95001718
3500618821 199581695
4721860299 1538148174
4273977697 658727055
433780152 144616231
8339655476 3475505474
4864432301 1203975504
140026381 4011354
2142615050 1017677479
3379052589 306875733
4332447140 308018041
520265546 122819230
6981930429 474413200
1836286269 419432905
3966758551 1488363831
6727834658 106353156
7481172028 99864442
551772271 11702284
5148622701 794519524
6737494165 2176164309
7779405034 3185142688
574035708 268468953
4542739764 1297648137
6577794776 262857649
4215335604 809997674
2583865533 547884115
7531139508 2940249610
5632431125 1043538
3580937190 1789535775
7822802603 3294148326
6723271000 1430276758
6390085236 425561355
5181397986 275595530
5726483463 2671788879
1795574257 548323724
5726771151 1682730540
2677253757 1033424757
900554377 204731363
6064523949 2526975810
6345021049 2612386371
3840545644 1408081354
3759525070 296243893
5438008184 866232496
6936694555 2883336429
1912657239 64305213
3765080772 141673212
6136980234 277059962
7215660917 2703548625
8196677918 1175263209
6067842813 2932984792
695706819 183743110
6621026200 2324505449
4087921441 188411615
650559602 274339033
8197795440 3961509462
885157621 89335314
2108126319 488355129
6069244048 2362743089
7282679962 1326736031
4495314324 236589148
6523634095 1117982248
2473466092 1160083307
89112172 41738775
5737645605 2622436951
8471799222 4077585081
4098459360 1364786377
7292448478 3204735800
8184962207 1756341686
5533116563 1140160454
2532160098 767842825
8048706646 1555246803
5319833105 1956769412
3199748349 581451664
6816132270 2479079377
5872790794 2780072160
5954042582 1178107150
5427204349 2513474911
5011164833 994675420
5969179289 35176732
8469005432 3914897604
5520012204 224945586
4245932148 665065691
7711089686 3250632975
5212349627 1779541334
5676459716 836056154
7083475352 29840869
78401875 32806103
4822922513 2263636000
4207313255 109867203
5052621992 53869362
8429778350 116378026
1448373996 395540387
1471162859 553363649
6231362046 2066137868
4625241910 1526012573
4872679739 781793471
6986431816 1064323411
5051133243 2265106597
5483012830 515673458
6896769598 465102460
4845990193 538730234
843681828 417305946
2317654171 26063000
7230488416 292677908
183123877 63555150
5541183190 1694277301
4488779961 1594094173
37640170 15485178
3309982658 703249244
7186392960 222794167
8283162048 4035640220
8459035771 3314844783
2999691764 1417230789
34075153 6120787
2210401830 618597619
3404491070 1667786065
7508025863 3723384293
893946594 392946129
6364823812 2686122288
3534757633 896482389
7617503107 2746714257
7376678127 834986967
5053945027 573062074
5911264291 2788750104
3516423257 1399146960
8254715627 3291846906
2929041530 745645039
1612676698 449448586
6620376841 657298780
5650291005 2205447842
2559507468 154462030
4083571449 1967128850
4370680663 218342141
2693742900 255492064
7328499961 1741115735
6935852463 163146918
2703329091 453040866
5632401105 2010207838
8200461479 3261117438
8177409649 1620206599
3822767966 17617224
7265150468 1814532385
7461309093 2787098607
1160971525 270267707
4304076665 1644575683
6174845734 1742576919
2269746245 41433205
2195203574 567602331
4880214975 1223130645
5100436974 1718168343
4688378549 1163536941
1322407937 304443779
493684740 169545095
6474769512 2136712024
2328748488 556467851
3661533003 1129423631
225457477 33370143
7693130702 2585307263
5075395481 1485197720
4626300879 192263014
4629214458 1717741977
6084509543 1420164358
5307431338 97692897
2593527305 190570666
3736126949 155272854
817227470 405998450
6703887667 2157773492
3510267723 609276861
5864740260 1658454455
4446872654 533737416
5287129160 2004155745
1731295683 86308872
1330455967 525980240
2325344902 702815590
4821960401 900983164
1260148824 525630635
2732857097 564765006
7356278526 1243931667
3000703465 414507203
1167155956 211756235
1788266134 117104182
581448433 71636531
2457147554 290211025
7853808960 1736608242
1447304700 521267334
7187903918 1304325617
3337574800 1125427624
1015783652 107267056
2695993869 519568696
7482746393 2867620933
2060192410 333890793
1272667866 247332630
4650105183 1233757218
2505805138 1199959443
1220120864 247249366
4618708570 1100563304
5259240195 1862450906
3224958404 1028972880
2548802329 193556780
5811888878 1011635600
5221235471 315656113
7434248327 806515794
