256
7470832858 1176646096
5829583217 2559649492
5911172645 66541620
6518553263 1049888990
6328875413 1184914750
1379914868 304097103
396079606 122178108
3470689823 530287967
1878821066 340582227
699079657 157347996
7891196502 1673236238
3728774959 40307522
571914683 193017888
440964538 168157256
3293995039 1214459784
4818823915 2100509270
1710438632 844764590
2727948218 1127822024
2232580836 623612634
6985886687 192877669
3915710342 23512906
6718688095 12664367
2998733964 887680784
7291443686 3098713871
2929997586 1353020581
801946881 148478356
2983757679 1162273793
6249435945 3035503286
143262685 32897690
6915975365 2022103710
8208631969 3721872270
4339329541 982411486
3649773255 213440068
1374382616 223940201
4351070263 684297353
8253063211 945302740
8300069274 1693798361
3584996209 1131832356
388740513 192562890
1099050451 150949910
3395447868 975667137
4152322233 2003845768
7210776249 1531691
36354397 4321390
1770468899 248805947
50988731 5469259
260956915 2778027
429326238 94637928
4686077940 148272839
5967171563 2293838092
6560139980 895458961
5542949183 1554335685
2520234582 128535662
5256017691 1866579413
2589644404 1250883686
1338559651 335449411
391537298 101414955
7381164242 1012122072
1387513617 676289537
6115277262 704154413
7739906824 2327530833
3533544336 1652041546
3443383180 1500628568
7993639186 1999526428
5337778768 2310169249
2157270601 708857670
3750719029 632966649
357602861 109607180
3165968908 866470179
78870014 28344532
4055940172 1833366514
8389679648 1918244892
2079946001 403516249
3832624725 836372711
3311126497 406086362
3432796252 217772056
7371302722 1651522221
6137678302 1921399160
5077508117 809460579
1709038654 565912384
6389070084 1503794304
8464817275 1702984212
2044925460 652543103
2373035108 230187829
7083521250 3019550672
5063423385 1055167891
3073304901 247317344
8106671034 3680409237
1191221672 69750333
2645380447 168691040
888727647 390578356
2018200346 507123830
473271072 32963040
2894651855 478735614
1278949728 119052233
5935551660 312479970
3762187796 287990673
8195242700 2665934426
3878183224 1649328442
6336374109 2908411059
8027520178 1158945127
3239561510 1182929405
811385348 140924330
3806096037 1465694553
1816472682 81770703
8428262850 2966643981
5789626403 1782050020
6354922959 956220176
5071564294 2408197398
570388286 266137206
7315708519 2779989818
3876071917 150651594
1364395279 307647994
4779630839 2290558264
405120095 161412072
1357745580 559848402
33721989 13639513
7217257863 2968288749
843104330 103637683
208762737 14856641
7234144519 712598149
7648242020 1925788949
3431514912 1478199696
725407249 194301927
330562928 86789752
1148852472 361619212
1007043935 444332482
3474985816 780239919
2781167308 963254862
6708141926 2783704100
5850535424 1477617524
6730967560 2410658275
5783746908 1901970431
7340402428 665888214
3888213259 1786101666
7187200760 1639379457
5209186654 122749294
835767154 20101329
7054660941 520005226
2450187095 632845972
4886663873 799670268
24616440 9280073
4548462866 1710484162
5904351422 657230192
3208338822 528500934
6433443375 2021320513
4939937100 2325296117
6321832924 1462322573
6966645290 937341884
4946181401 764186666
1497023061 701957930
1177825902 268471835
4684391688 151192600
373563756 175314018
7883697676 2792307255
7145954700 1229798864
1315944881 531849575
2679885446 511707797
5246422547 2112022982
4894861183 1603892929
6829588306 143804540
8008143728 2012369922
869720026 208952526
5451878340 1451055916
7055309803 922984359
1745437615 293979120
2716152242 1279385747
2769144418 345906012
1513100432 346848758
915558458 455281322
692819061 58359328
3361739361 800164261
475859763 37093934
23271425 6655059
4672252473 294248
5265847853 1019428892
7893081911 1670026670
6551012824 747236047
4075979541 975076937
6864026221 413030971
6645684796 1209250727
6855066751 1595300730
1086921342 409435160
4307934990 465443241
4966677248 305797686
7615868709 185557954
7430115636 2246171555
2720292590 298340246
4824521681 569178004
6556057903 946853584
5447768931 1075740833
3725296530 783049024
6245976436 1254063174
2773117232 801673349
2175500196 522225583
7006854505 918301688
7988452525 3259013289
3729115433 1371338692
2367838514 380251019
6017796389 1462101408
1652747144 398588252
3353329864 1373927515
5522659612 1393887473
8469632247 2199061021
855258260 8278307
8225776602 842625129
7266056235 3434759275
1201699380 572654149
7728652358 798383970
5515366437 1892448072
7738049635 3267647366
5647256642 1340459245
7983553746 1309163299
286086191 53019188
2592565696 454694094
5953920833 64661809
7487259744 164957413
6377517931 1855785561
1518860856 357679231
6256005547 486758137
1230818195 241799227
2829387284 371787004
4190117818 1299577996
4148658503 1194667219
4946096436 249321398
1748656792 866321545
7839351920 1667756738
1699704988 365985513
3959273743 1430347019
7228765475 110863734
4906632731 95829729
2141099101 760640164
3555843669 1140595272
5031582882 225137348
2431004790 428412096
7585818193 2103803042
317340946 114937321
7551607835 696305057
4475657020 1407670075
731425928 182448553
7176373028 1340607915
900191641 184711704
2675910532 284605338
6611231047 1427558513
3402530162 1211952463
568449204 36237085
7187457620 3571888623
172446619 68981830
7726832004 211191534
7557602040 595087091
2266365193 454377224
4431118234 702650052
7577580081 278921829
5313538294 1283412830
5567102860 2583193453
512884768 35366100
