256
2705058464 429011989
4142022809 1990934363
1999082627 498261506
3215293733 429232582
3370256939 1101104096
4787629778 1918254031
5443383434 1281180474
2893325818 385884725
2153717404 274263857
4552547841 523755541
1365378706 180848397
761204285 216118342
5656269189 1552670009
3286504884 655387786
1618012214 548020686
8435042907 588065641
1541223673 128103746
4332980758 112262708
1582151182 278293670
3568735224 227038273
382169843 143406701
6578100203 686494613
4912993622 1615745322
4352286020 1343688707
3444390168 500207420
7854981399 3442828421
2019023848 267278736
1645870340 643487358
2354153062 1012812199
6019735261 2933470334
3119994052 456224453
850254701 84508517
2401661289 1197099099
372627830 145775090
2713396578 1225273953
8312550710 2685185909
2739735474 931810083
1859799369 227134673
6245137631 1302189309
575500694 31921662
8456568418 3441956160
8493276088 824839256
4182150698 430623198
6063195505 1068843682
4350696708 1496930706
1426235928 451114395
1718304873 455054642
5213192593 2008150216
7404172507 659594739
5639967703 886382200
5157548764 998233124
8034658343 1598048512
5930471100 1578715349
5949235494 1755700184
2452193878 803916044
2581810589 291856544
4074543893 1532408438
8186773445 3766709911
5574788120 554314948
7497203826 3327260781
7173398741 1451286148
7942057913 3021867204
6178442595 2325990964
6292648570 436915857
7099864953 1235118250
5065705465 1569749312
4684211924 950542971
4139943465 1085580500
2863075285 556710581
535987642 44829372
3199892196 260398175
1505120199 259260412
7277274874 605219758
6868811571 1966531106
2721584870 1183820327
6217590014 2640698168
5350434553 80146972
2010578191 165543816
2845017863 692837196
781804724 262587831
1906264667 203986630
25109820 11518826
5739519018 1517971269
8002236506 1052949604
4667361644 1096433208
7347727436 2508120552
2318739020 8358434
5596071967 1732928265
3292324962 506623275
496455430 95056493
2965757414 573559861
3578875599 193774426
2142761942 757594300
5329380124 1010264847
60402859 8554486
4213141857 1508254457
535679279 75925602
4747853942 30657706
641733305 54532330
531521201 205024803
3898387515 1491829429
3459734407 1202140767
1256461864 505356349
5912927572 1572755393
3856036193 664019193
4504571824 767915510
2008134566 104348282
1710324324 280655097
3860622828 271648775
4007909819 1254968284
5180341615 1358163537
2211417233 661996793
4744485158 1874528469
5183520320 739237506
4313772585 1265849548
6721356473 120669153
1873034661 519909894
6696007235 3112930818
3307946600 955531278
4889064965 1269745567
6552656895 923298274
5177105135 1491512325
7415149658 1631901512
6500449306 2436109886
3357079860 1630574932
8267588564 1025898968
8197466665 3276176739
3700317844 1199505674
5732235 1727364
7791498275 1169359427
2349212109 1119897827
5988940209 873668480
2068096946 921671283
7823689152 860184373
8500631808 1821159852
127829347 50807741
2820862463 1119892407
7751117333 1994048658
1018827112 236992442
6323721801 326899186
7863715926 1069979491
5480009452 2255675729
1081617419 46066749
8172872199 1672014684
2744468534 757787916
6458473176 1981539177
6474603372 446238439
1331389225 283476928
6956149377 2481910345
5703823733 826231293
3195548813 275870498
369805294 55078508
8301175868 2909981971
7109186896 2020139669
8410040483 2382385828
6552675951 707007148
4336730013 182920142
1010586548 123743503
2709325458 1028798689
3016276171 430895504
6019705005 2836620673
1554522903 619211217
1257063697 272841905
1136725521 124042548
133421574 1183305
6647246153 1108474594
5694090646 949895917
7119887027 2691207003
2078074995 561606981
3427613970 1424492695
3414434538 1647934497
1742600240 63120444
5310257179 1793515271
4184962029 381946297
4918128149 645247278
7505684417 1206522241
4244491362 1303532632
7629711003 2492055568
8227033064 181884733
7900191449 114341518
7471647486 3034042515
5342391936 1829058777
1899871293 795108837
4161047525 2052951035
4626839072 1651031366
979582123 399896723
6767383436 2001088581
7447381472 2116636749
1933551932 555745274
4950592684 2182856665
2757187852 631083985
5059930070 1562811167
54696992 9427388
2961612341 59366560
3189142976 1587601182
7870714711 2531843206
7186026031 786760538
2406847584 29884787
8435229513 1334102046
4523441707 522132880
6780929720 2360157233
3136397086 973163659
8245473572 1816362726
2257782326 880368258
33618002 7236245
274869957 70827585
3740541962 1258775042
6681095787 718645023
1072844984 414655738
7230903268 330854889
2329537769 986909236
4773046915 1965031361
2531013660 42815823
3289721006 913100259
136265852 44440963
4796646632 2244249596
911464517 160164461
284250853 44169646
1084496238 199661235
72245904 30516182
3734034422 1702084236
1427324925 225034326
7637665917 3377696913
3937761879 1350453106
2597504748 1228304816
7542413526 3239582486
3945650563 1233334894
5110313303 2148556087
5641865264 1012078638
2010816646 14977704
1020679487 368653
7647111406 120464366
1992001695 452820862
4493902117 1821359258
4614621248 2000111631
2035130745 599820357
5376184487 418292989
6522446165 2551653917
3388334333 710399586
6629292128 1444195373
8020008559 505937482
2480793832 884531599
759235792 207266593
5540163367 1412855412
204638872 82365940
5109232128 840729207
3300009272 1368536482
1427082593 639555323
7085502651 2222841391
2484446977 1014228811
7166024033 1306365977
6768985584 343009921
1622331140 657334309
2699939631 312044887
6597544253 1103446399
3154922457 865945023
