256
6362511515 693943327
6516983063 2817234714
3812329542 1725532558
3515800005 975096164
4831347163 77126994
856854787 410949822
909562224 352215623
5698679736 1268482185
4705924339 1787092263
7255677708 1554041814
3995013141 1946702896
6655782057 1983017238
343520399 84371022
4691315217 621965660
1829953121 34520317
2147797696 655232545
6601206700 1412107923
7177687567 969225665
3405577325 639843666
5731530789 2542194642
422822162 47394788
538729175 85209806
1387883236 223745562
682776583 53690890
4777369517 363699041
920439474 217950027
4046755605 31418567
1367532269 345844393
87437912 17688964
5816632738 2839724404
8459382869 1094123446
8312396909 428511833
1453876256 379592407
3579010144 30488978
273786369 29150246
1039855778 73016174
2124806027 3044260
4334895141 1804737725
3096204679 1088464833
2924409790 1333411696
332666341 90417724
1729105145 392681808
56061765 7855833
3189254393 987895337
7329694386 3060812957
5250893924 164939887
2821961207 848546028
766453742 142394698
559100979 185396818
6765669742 2023950306
3817429842 980061011
7386269665 2944256054
3302888373 995722819
2345039899 610182340
7441895179 3174549267
6723817785 1486856643
7668742791 180130782
4607910908 2001828375
344713272 17282563
4804388781 1095290247
11616504 4576640
4895789721 1503385098
1177400186 199884035
7358074468 2326768859
5015529135 1899878077
854543709 418735772
7114581254 422965694
4217902528 1985533296
3705180893 1005823565
665924977 246506471
3610475290 391126656
8466269531 4112856923
4640794055 615645459
4671802946 2311914620
2922781856 1170158723
4264522736 904414541
238292279 25064317
1844744714 70550477
410252722 123577833
3547970910 1114308931
4064413296 96639017
1817548138 383209505
7067636342 419079874
6620268163 904983424
2052209981 468082235
5101638860 1433071383
920982526 10793110
3348214505 1404542380
5972559362 2902272753
6109588817 1720704304
7569478372 3371104882
339896268 109847384
1674527679 527899308
6184961100 1296035721
8184825872 3059449310
4748797999 2211462968
5334493907 2307441872
4830688045 425248989
1528459617 136567525
221368737 6877876
2984511105 1423181928
3144204281 1203470733
1770088462 444988507
2375721741 889320778
1327084566 1137325
6390540217 1401141515
2653489096 180578404
7604916110 1294635784
5743340186 1859235111
5635784946 1032281234
1686218376 584189999
6859943342 950718850
7049270659 1425781548
3907238452 1894946650
1233665340 552893995
8477205484 2791261454
5554032940 1272953100
7972481274 600388971
7928303990 2565491758
3087934031 231176316
5883074546 708741118
4079209120 1070361924
6169792624 1406448476
2967029870 1457691305
2676984134 1264692685
4809690013 1420449065
1297394086 635697834
4635154609 2153875790
2160165680 538320902
3802906493 463934408
6898301739 1459340243
6968780993 1895263837
4956679591 2267508547
6725608059 2710941666
5882080871 2172643108
7779506518 3421262636
4351939415 1957255437
176519851 52956269
3967814576 1086734709
2717928285 435966214
8133559078 3034677073
5620439869 989069605
2110496326 325346141
5226291468 494818511
2539634663 1186429741
2390048895 709143384
310387351 140012368
5163627436 118801095
1326537949 478697495
4011553735 444839326
4314938362 943400141
3803714219 953832196
2091827796 591415778
3632996888 1772499953
2528639513 983511132
3756427356 587245393
1985971989 379837981
410681470 14305790
2470453861 963711172
1884429935 311593779
5713655859 977319954
1377823323 134850137
2977704603 470916276
6664264035 1983202825
6921696044 2875470856
5493534984 2308379778
831955367 239062686
6022908349 785529082
8316984653 3124913290
7559209377 904337495
7941179838 1820093351
1397807996 566919843
1369958337 15182298
4257782812 395577155
2711025352 362387342
3997955793 1166312620
6448656931 2726678700
8451748072 1710740211
3589964381 1181113741
397326233 125974236
5520685281 1391752754
2569250852 186761540
6133152068 2692384256
817005755 304031092
4666561068 2153046502
3517379992 250299840
7492046208 3246634675
5917181467 1620498665
3338708526 1452238786
6804463205 204061530
7937282730 2264386805
5989045406 2691129543
5790238636 2639446326
2865931285 235357888
7382314549 1713509692
7628982562 119100537
3538031267 219528439
4369915449 291741676
586048013 88055086
963633480 51102460
7363794939 1375247784
4892816434 2211107358
5015213690 2165979172
416064596 157949423
2946698132 560848553
6052547051 1440983308
7194182326 1895539190
5386885251 848737773
893322354 254811389
1032765685 180654553
7258426835 761713411
6741911162 156683977
5845708214 1687448591
3794845300 1269802037
3230223950 1270368183
373728458 173486366
2899555409 1318356718
5795136043 1913377512
6794505781 2648233764
6515391134 1893182246
2114735767 1047694532
7471342846 2370257075
8083516153 509692708
247645374 77354499
4384327379 1039346813
3834535631 1754427525
2355479216 1066228501
2671461676 670683706
2904131817 717315982
380706305 94229325
4031302666 1155427025
1912787151 220162999
2088000096 465104940
2099632504 692736023
3136028171 22796672
3016008017 348112184
6370016358 46086094
1658913377 536973387
3157170864 604842627
1533394943 563959321
5057018374 1344749116
2960143777 856170166
3952070095 919528359
2961808551 694084307
6734944821 1995291161
2109313466 710456878
5786340649 1286399860
3195061980 989404536
175538061 87487881
4311797357 451256420
4232791333 1545245347
2378029598 556257710
4679265187 357862385
101563766 41182834
6302965324 2626389651
8214582857 13893128
