256
3595516237 714315499
5209303524 2576580180
5883560060 2892104996
3053496855 644974939
1263300688 113986593
3051574686 1304475562
5529030452 2061232116
1478276125 395203173
2345479391 1109784930
1471572322 82417319
2917262495 1324848144
5107653653 1740770442
5071032119 555095590
1878217138 514016744
2055546043 765184754
281107666 18727900
3074740823 41882384
3207154157 897769246
5186599193 1301090744
3853001732 1045314512
5681109747 1467236626
224592060 42941732
1509142227 573454652
3833894088 1773448146
4482433236 1918324000
79092834 10223077
3729493031 798010747
5696090811 1740455884
6059674975 970741855
7331899891 2861770276
6788820093 1093762752
1094420166 30772406
6201307458 1690239044
7725330531 1239349505
4801471627 1341943069
1295967725 578463933
1088215378 491314668
289680797 95841246
688037497 129220842
3006871037 1030331472
1406499416 509522480
419940907 111523986
7388943830 2973460631
3766230154 1791392929
7239043036 3537276514
7118623552 2720641293
1207075678 120264650
5790691721 1535409800
4748394260 1886908049
2415227358 489456217
7106273119 3468758172
8214804420 321883794
3578761361 1506351099
1057725901 368424332
1568479965 518139704
3417705163 1155203452
3641416274 635980137
4666382140 787955695
5897041596 701191619
683171402 321220229
6628893468 1448599489
2364137931 748411090
8393687101 1569561072
8311443858 3299446001
6877493625 958663476
3416164813 1174243613
7819698652 2148034747
7958140690 3067215459
301669375 14536993
6310162983 2345908716
797995964 97684357
1309765597 445590814
5213679687 1370164840
8146087712 2351561545
4145916186 2040668167
5993265054 149124962
5731100815 1747604934
7375371019 3603026711
2473766865 927147951
7976616014 829003471
2438204549 392119990
3453689678 891563452
2286474642 123173236
95528265 4784069
5136399460 1014878242
3844747901 86587657
329026030 8895980
1878213770 415992580
3521139383 176338004
442336881 101516838
7389837193 2379822468
3565637779 913187174
1678499640 593375086
829896508 212648970
6079569029 2100603402
1317207155 392128265
6497647276 2854693925
1667096341 455175299
5022343642 1194056169
5724357655 1533895505
5995317431 919954648
3284938868 1482268345
4536827482 1875930971
3782639848 1886346744
5256920682 2344134798
5971237596 988482983
7355275479 1058297447
6837712876 3130412301
8100667768 355057576
84433254 672748
2914668971 292555691
7681398941 3334528011
2877370729 737833086
3226557493 1192289239
234043869 94169616
2687065347 784672556
5087563846 41290771
7487874270 991432421
6367110507 1868260882
5991700134 1163177150
1466908109 215890853
6424980014 2808010950
2241643320 568848807
3273566410 1142021653
5862503466 2313880984
2361358178 29730730
677201277 160070076
3294162989 709885356
4567407055 1306051513
200044649 76771430
782684925 237165176
8337416585 156427390
2358289656 881659327
7261727944 3200100629
1573896632 287067575
969374577 439579440
8397382945 3131334424
1983783147 990895720
1447165549 602221161
2323158172 704594340
3863520187 1175273851
8019946462 2625751615
8205083096 1962293473
4894800035 951795533
2035049580 715143161
2841448482 655103466
4231444551 1277714160
4205456409 1990470127
174569363 39776999
3975362231 484058543
6920767453 1578713547
1561659134 4620031
1959590771 380380712
1898036692 649286765
2887138239 615594045
1147788564 135190548
4376277957 681572209
7817660019 3755183083
1305975097 374435214
7566836592 3616391118
4024966054 397305711
5626728284 1479686324
2749283805 316909800
1582991210 565271569
157311944 26564042
1032430025 125446446
2842381380 823823862
2363662705 33574742
2866761837 342284607
795130232 208751293
3654259537 442649018
1046133781 281886007
1378009903 383463022
5880925348 855878750
4581927731 519443040
183999095 34132010
6605432993 1326450027
5208791719 113950670
7754321478 2095855849
4350866089 155743546
733267311 244430026
4705172139 1838254674
212580845 21520398
425334616 11535087
3950613330 909460251
2801194232 335485108
1898661102 112824549
8151619008 1534153736
5343947976 205609952
3192142931 1212715728
789453434 86946876
7820486994 3454793751
1748717427 715183402
1135146050 263658841
757247910 141206521
6380048170 814820284
7905952122 1351456254
1602742233 119576823
7995940079 886158985
5111312750 44706689
6588746265 1065869169
1605398498 635209357
2919467627 834055641
3179051730 1479151370
1211053409 163893862
1119365542 239433044
7183681238 443484492
5606661320 588992987
4056103459 1944818068
4484206484 1171342967
1088188603 172474322
7204429749 60901095
5413705127 1449572495
4299998162 1342747431
135377850 8575400
3053597783 16564460
375879968 172280957
756461134 87068978
2060991171 523887656
4742261907 1550888947
637720946 66275658
2575798076 194615934
4555541679 781639628
3379999949 954361844
5699107052 1057038591
3629938619 1651301003
2789250209 976433045
1788912046 782428196
6260024670 2937259328
4825503969 1765784033
488545817 140844259
1198887227 545851064
3117871481 765914353
6037314114 585533961
2351510502 19304406
5258254581 1979469133
5937431742 2290423033
7624432788 2167912191
3184668140 321965731
2708512362 1120106882
3080303067 1471653177
7324201598 577619591
7220743663 2716303504
5452927631 1512064074
5932667309 1984173229
2938580930 1078591360
6318174260 1221053223
7903708945 2660400476
2245620899 608420150
7765396622 249321854
2817866855 1066355831
1430689921 628306618
898508344 35437878
4482729176 1144879485
247160892 34120690
5610282864 195770378
